Fecha,Periodo,CodigoDuracion,MercadoComercializacionOperativo,DemandaAtendida,PronDem
2023-04-13,1,PT1H,MC-BajoPutumayo,7908.64,7745.8
2023-04-13,2,PT1H,MC-BajoPutumayo,7324.38,7291.83
2023-04-13,3,PT1H,MC-BajoPutumayo,7057.12,7048.35
2023-04-13,4,PT1H,MC-BajoPutumayo,6896.24,6911.94
2023-04-13,5,PT1H,MC-BajoPutumayo,6892.79,6981.85
2023-04-13,6,PT1H,MC-BajoPutumayo,7507.49,7641.9
2023-04-13,7,PT1H,MC-BajoPutumayo,8287.99,8311.98
2023-04-13,8,PT1H,MC-BajoPutumayo,8984.57,9022.87
2023-04-13,9,PT1H,MC-BajoPutumayo,10150.21,9935.45
2023-04-13,10,PT1H,MC-BajoPutumayo,11204.11,10561.03
2023-04-13,11,PT1H,MC-BajoPutumayo,12155.86,11176.34
2023-04-13,12,PT1H,MC-BajoPutumayo,12552.33,11504.9
2023-04-13,13,PT1H,MC-BajoPutumayo,11587.91,11081.98
2023-04-13,14,PT1H,MC-BajoPutumayo,12993.08,11361.65
2023-04-13,15,PT1H,MC-BajoPutumayo,13797.2,12001.65
2023-04-13,16,PT1H,MC-BajoPutumayo,13987.36,12247.82
2023-04-13,17,PT1H,MC-BajoPutumayo,13684.92,12298.18
2023-04-13,18,PT1H,MC-BajoPutumayo,13592.74,12138.79
2023-04-13,19,PT1H,MC-BajoPutumayo,14513.13,12815.96
2023-04-13,20,PT1H,MC-BajoPutumayo,14950.08,13612.42
2023-04-13,21,PT1H,MC-BajoPutumayo,14269.09,12805.2
2023-04-13,22,PT1H,MC-BajoPutumayo,12865.34,11591.44
2023-04-13,23,PT1H,MC-BajoPutumayo,11201.37,9882.16
2023-04-13,24,PT1H,MC-BajoPutumayo,9614.02,8488.48
2025-10-14,1,PT1H,MC-BajoPutumayo,15533.98,15869.0
2025-10-14,2,PT1H,MC-BajoPutumayo,14607.62,14811.8
2025-10-14,3,PT1H,MC-BajoPutumayo,14026.94,14145.2
2025-10-14,4,PT1H,MC-BajoPutumayo,13788.24,13779.2
2025-10-14,5,PT1H,MC-BajoPutumayo,14009.22,13913.4
2025-10-14,6,PT1H,MC-BajoPutumayo,15792.8,14860.0
2025-10-14,7,PT1H,MC-BajoPutumayo,17153.46,16154.4
2025-10-14,8,PT1H,MC-BajoPutumayo,18452.18,17280.5
2025-10-14,9,PT1H,MC-BajoPutumayo,20320.76,19143.4
2025-10-14,10,PT1H,MC-BajoPutumayo,21216.08,20792.6
2025-10-14,11,PT1H,MC-BajoPutumayo,22607.46,22286.7
2025-10-14,12,PT1H,MC-BajoPutumayo,24304.3,23369.7
2025-10-14,13,PT1H,MC-BajoPutumayo,23752.16,23269.2
2025-10-14,14,PT1H,MC-BajoPutumayo,24079.32,23111.6
2025-10-14,15,PT1H,MC-BajoPutumayo,28278.12,24873.8
2025-10-14,16,PT1H,MC-BajoPutumayo,27805.82,25429.3
2025-10-14,17,PT1H,MC-BajoPutumayo,27635.76,25514.4
2025-10-14,18,PT1H,MC-BajoPutumayo,27562.02,25121.7
2025-10-14,19,PT1H,MC-BajoPutumayo,30724.5,27882.3
2025-10-14,20,PT1H,MC-BajoPutumayo,30518.96,27858.7
2025-10-14,21,PT1H,MC-BajoPutumayo,28211.64,26282.8
2025-10-14,22,PT1H,MC-BajoPutumayo,24428.5,23678.3
2025-10-14,23,PT1H,MC-BajoPutumayo,21713.12,20016.6
2025-10-14,24,PT1H,MC-BajoPutumayo,18382.34,17286.0
2026-02-06,1,PT1H,MC-BajoPutumayo,9041.36,8327.6
2026-02-06,2,PT1H,MC-BajoPutumayo,8581.42,7914.5
2026-02-06,3,PT1H,MC-BajoPutumayo,8316.51,7634.9
2026-02-06,4,PT1H,MC-BajoPutumayo,8239.38,7456.5
2026-02-06,5,PT1H,MC-BajoPutumayo,8270.02,7495.4
2026-02-06,6,PT1H,MC-BajoPutumayo,9062.97,8046.7
2026-02-06,7,PT1H,MC-BajoPutumayo,9345.83,8788.4
2026-02-06,8,PT1H,MC-BajoPutumayo,10508.43,9748.3
2026-02-06,9,PT1H,MC-BajoPutumayo,12000.95,10885.4
2026-02-06,10,PT1H,MC-BajoPutumayo,13067.88,11597.8
2026-02-06,11,PT1H,MC-BajoPutumayo,13708.8,12252.3
2026-02-06,12,PT1H,MC-BajoPutumayo,14118.08,12776.6
2026-02-06,13,PT1H,MC-BajoPutumayo,14043.18,12522.7
2026-02-06,14,PT1H,MC-BajoPutumayo,14812.7,12671.0
2026-02-06,15,PT1H,MC-BajoPutumayo,15934.22,13444.0
2026-02-06,16,PT1H,MC-BajoPutumayo,15295.44,13658.2
2026-02-06,17,PT1H,MC-BajoPutumayo,15398.98,13502.1
2026-02-06,18,PT1H,MC-BajoPutumayo,16026.45,13589.8
2026-02-06,19,PT1H,MC-BajoPutumayo,16165.4,14812.9
2026-02-06,20,PT1H,MC-BajoPutumayo,16310.04,14749.0
2026-02-06,21,PT1H,MC-BajoPutumayo,16038.98,13739.7
2026-02-06,22,PT1H,MC-BajoPutumayo,13444.78,12610.8
2026-02-06,23,PT1H,MC-BajoPutumayo,11528.81,10886.5
2026-02-06,24,PT1H,MC-BajoPutumayo,9963.36,9552.3
2023-02-07,1,PT1H,MC-BajoPutumayo,6297.78,7432.84
2023-02-07,2,PT1H,MC-BajoPutumayo,4143.48,7010.93
2023-02-07,3,PT1H,MC-BajoPutumayo,4186.01,6807.88
2023-02-07,4,PT1H,MC-BajoPutumayo,4821.23,6698.57
2023-02-07,5,PT1H,MC-BajoPutumayo,7148.52,6724.86
2023-02-07,6,PT1H,MC-BajoPutumayo,7217.28,7148.24
2023-02-07,7,PT1H,MC-BajoPutumayo,7745.99,7761.27
2023-02-07,8,PT1H,MC-BajoPutumayo,8757.8,8911.38
2023-02-07,9,PT1H,MC-BajoPutumayo,9748.35,10065.87
2023-02-07,10,PT1H,MC-BajoPutumayo,10174.41,10922.12
2023-02-07,11,PT1H,MC-BajoPutumayo,10782.04,11494.01
2023-02-07,12,PT1H,MC-BajoPutumayo,11171.02,11989.2
2023-02-07,13,PT1H,MC-BajoPutumayo,11072.19,11532.23
2023-02-07,14,PT1H,MC-BajoPutumayo,10920.9,11358.64
2023-02-07,15,PT1H,MC-BajoPutumayo,11376.55,11866.99
2023-02-07,16,PT1H,MC-BajoPutumayo,11765.16,12111.67
2023-02-07,17,PT1H,MC-BajoPutumayo,11863.66,12226.33
2023-02-07,18,PT1H,MC-BajoPutumayo,11645.35,12104.6
2023-02-07,19,PT1H,MC-BajoPutumayo,12331.57,13046.07
2023-02-07,20,PT1H,MC-BajoPutumayo,12945.05,13626.96
2023-02-07,21,PT1H,MC-BajoPutumayo,12009.3,12745.88
2023-02-07,22,PT1H,MC-BajoPutumayo,10430.11,11561.69
2023-02-07,23,PT1H,MC-BajoPutumayo,9472.47,9898.85
2023-02-07,24,PT1H,MC-BajoPutumayo,8074.06,8410.58
2023-05-06,1,PT1H,MC-BajoPutumayo,7980.74,7570.21
2023-05-06,2,PT1H,MC-BajoPutumayo,7518.6,7070.63
2023-05-06,3,PT1H,MC-BajoPutumayo,7008.83,6722.79
2023-05-06,4,PT1H,MC-BajoPutumayo,6955.51,6445.83
2023-05-06,5,PT1H,MC-BajoPutumayo,6836.74,6313.63
2023-05-06,6,PT1H,MC-BajoPutumayo,7051.75,6610.86
2023-05-06,7,PT1H,MC-BajoPutumayo,7395.62,6976.4
2023-05-06,8,PT1H,MC-BajoPutumayo,8323.65,7994.2
2023-05-06,9,PT1H,MC-BajoPutumayo,9136.42,9296.79
2023-05-06,10,PT1H,MC-BajoPutumayo,9722.65,10087.23
2023-05-06,11,PT1H,MC-BajoPutumayo,10098.29,10815.46
2023-05-06,12,PT1H,MC-BajoPutumayo,10380.71,11259.27
2023-05-06,13,PT1H,MC-BajoPutumayo,10284.27,10995.28
2023-05-06,14,PT1H,MC-BajoPutumayo,10130.68,10764.34
2023-05-06,15,PT1H,MC-BajoPutumayo,10394.87,10910.96
2023-05-06,16,PT1H,MC-BajoPutumayo,10487.37,11125.38
2023-05-06,17,PT1H,MC-BajoPutumayo,10691.04,11165.02
2023-05-06,18,PT1H,MC-BajoPutumayo,10968.13,11187.16
2023-05-06,19,PT1H,MC-BajoPutumayo,12164.15,12616.25
2023-05-06,20,PT1H,MC-BajoPutumayo,12313.58,12741.84
2023-05-06,21,PT1H,MC-BajoPutumayo,11663.97,11984.49
2023-05-06,22,PT1H,MC-BajoPutumayo,10864.54,11100.27
2023-05-06,23,PT1H,MC-BajoPutumayo,9589.29,9865.9
2023-05-06,24,PT1H,MC-BajoPutumayo,8410.43,8789.81
2025-07-02,1,PT1H,MC-BajoPutumayo,7109.17,6949.5
2025-07-02,2,PT1H,MC-BajoPutumayo,6696.31,6533.3
2025-07-02,3,PT1H,MC-BajoPutumayo,6480.27,6327.9
2025-07-02,4,PT1H,MC-BajoPutumayo,6395.57,6194.0
2025-07-02,5,PT1H,MC-BajoPutumayo,6418.92,6242.7
2025-07-02,6,PT1H,MC-BajoPutumayo,6727.05,6963.2
2025-07-02,7,PT1H,MC-BajoPutumayo,7241.34,7687.0
2025-07-02,8,PT1H,MC-BajoPutumayo,8324.62,8292.4
2025-07-02,9,PT1H,MC-BajoPutumayo,9236.27,9210.2
2025-07-02,10,PT1H,MC-BajoPutumayo,9801.87,9939.1
2025-07-02,11,PT1H,MC-BajoPutumayo,10361.83,10745.4
2025-07-02,12,PT1H,MC-BajoPutumayo,10657.29,11269.0
2025-07-02,13,PT1H,MC-BajoPutumayo,10320.23,11000.6
2025-07-02,14,PT1H,MC-BajoPutumayo,9931.3,11209.7
2025-07-02,15,PT1H,MC-BajoPutumayo,10198.86,11709.6
2025-07-02,16,PT1H,MC-BajoPutumayo,10377.24,12018.8
2025-07-02,17,PT1H,MC-BajoPutumayo,10588.86,12042.3
2025-07-02,18,PT1H,MC-BajoPutumayo,11172.78,11735.7
2025-07-02,19,PT1H,MC-BajoPutumayo,12117.52,12876.2
2025-07-02,20,PT1H,MC-BajoPutumayo,12246.58,13234.3
2025-07-02,21,PT1H,MC-BajoPutumayo,11395.29,12367.0
2025-07-02,22,PT1H,MC-BajoPutumayo,10022.45,11149.0
2025-07-02,23,PT1H,MC-BajoPutumayo,8497.44,9467.5
2025-07-02,24,PT1H,MC-BajoPutumayo,7349.21,8188.2
2024-05-10,1,PT1H,MC-BajoPutumayo,9004.12,7791.44
2024-05-10,2,PT1H,MC-BajoPutumayo,8484.74,7367.88
2024-05-10,3,PT1H,MC-BajoPutumayo,8091.38,7226.68
2024-05-10,4,PT1H,MC-BajoPutumayo,7772.85,7103.82
2024-05-10,5,PT1H,MC-BajoPutumayo,7710.98,7208.17
2024-05-10,6,PT1H,MC-BajoPutumayo,8097.86,8006.37
2024-05-10,7,PT1H,MC-BajoPutumayo,8577.31,8995.98
2024-05-10,8,PT1H,MC-BajoPutumayo,9754.28,9438.78
2024-05-10,9,PT1H,MC-BajoPutumayo,10767.15,10264.95
2024-05-10,10,PT1H,MC-BajoPutumayo,12225.71,11068.0
2024-05-10,11,PT1H,MC-BajoPutumayo,13820.32,11736.94
2024-05-10,12,PT1H,MC-BajoPutumayo,14166.74,12208.56
2024-05-10,13,PT1H,MC-BajoPutumayo,13429.99,11852.94
2024-05-10,14,PT1H,MC-BajoPutumayo,13159.02,12012.13
2024-05-10,15,PT1H,MC-BajoPutumayo,13758.07,12047.87
2024-05-10,16,PT1H,MC-BajoPutumayo,13829.14,11688.55
2024-05-10,17,PT1H,MC-BajoPutumayo,12904.82,11909.27
2024-05-10,18,PT1H,MC-BajoPutumayo,11951.78,12084.18
2024-05-10,19,PT1H,MC-BajoPutumayo,13357.51,13592.12
2024-05-10,20,PT1H,MC-BajoPutumayo,13616.4,14327.63
2024-05-10,21,PT1H,MC-BajoPutumayo,12629.84,13675.27
2024-05-10,22,PT1H,MC-BajoPutumayo,11698.15,12220.0
2024-05-10,23,PT1H,MC-BajoPutumayo,10941.87,10284.42
2024-05-10,24,PT1H,MC-BajoPutumayo,9424.19,8253.46
2025-05-06,1,PT1H,MC-BajoPutumayo,7258.68,7667.6
2025-05-06,2,PT1H,MC-BajoPutumayo,6871.07,7214.7
2025-05-06,3,PT1H,MC-BajoPutumayo,6710.76,6962.8
2025-05-06,4,PT1H,MC-BajoPutumayo,6581.75,6765.9
2025-05-06,5,PT1H,MC-BajoPutumayo,6682.4,6798.0
2025-05-06,6,PT1H,MC-BajoPutumayo,7308.63,7253.7
2025-05-06,7,PT1H,MC-BajoPutumayo,8211.73,7788.0
2025-05-06,8,PT1H,MC-BajoPutumayo,8801.44,8546.9
2025-05-06,9,PT1H,MC-BajoPutumayo,9652.15,9696.0
2025-05-06,10,PT1H,MC-BajoPutumayo,10146.96,10415.0
2025-05-06,11,PT1H,MC-BajoPutumayo,10814.15,11254.2
2025-05-06,12,PT1H,MC-BajoPutumayo,11166.06,11956.0
2025-05-06,13,PT1H,MC-BajoPutumayo,11192.61,11867.7
2025-05-06,14,PT1H,MC-BajoPutumayo,11160.76,12059.8
2025-05-06,15,PT1H,MC-BajoPutumayo,12556.99,12492.5
2025-05-06,16,PT1H,MC-BajoPutumayo,12954.21,12668.5
2025-05-06,17,PT1H,MC-BajoPutumayo,12970.37,12567.4
2025-05-06,18,PT1H,MC-BajoPutumayo,13038.65,12408.5
2025-05-06,19,PT1H,MC-BajoPutumayo,14121.36,13376.7
2025-05-06,20,PT1H,MC-BajoPutumayo,14548.49,13745.3
2025-05-06,21,PT1H,MC-BajoPutumayo,13573.45,12904.4
2025-05-06,22,PT1H,MC-BajoPutumayo,12241.21,11850.5
2025-05-06,23,PT1H,MC-BajoPutumayo,10480.96,10346.5
2025-05-06,24,PT1H,MC-BajoPutumayo,8915.01,8917.9
2025-02-26,1,PT1H,MC-BajoPutumayo,8611.88,7964.3
2025-02-26,2,PT1H,MC-BajoPutumayo,8103.61,7536.7
2025-02-26,3,PT1H,MC-BajoPutumayo,7828.72,7243.2
2025-02-26,4,PT1H,MC-BajoPutumayo,7674.55,6914.0
2025-02-26,5,PT1H,MC-BajoPutumayo,7691.56,6960.5
2025-02-26,6,PT1H,MC-BajoPutumayo,8175.33,7523.2
2025-02-26,7,PT1H,MC-BajoPutumayo,8642.07,8042.9
2025-02-26,8,PT1H,MC-BajoPutumayo,9232.71,8978.0
2025-02-26,9,PT1H,MC-BajoPutumayo,10187.82,9753.4
2025-02-26,10,PT1H,MC-BajoPutumayo,10731.93,10891.6
2025-02-26,11,PT1H,MC-BajoPutumayo,11253.76,11846.4
2025-02-26,12,PT1H,MC-BajoPutumayo,11550.19,12456.1
2025-02-26,13,PT1H,MC-BajoPutumayo,11357.61,12093.9
2025-02-26,14,PT1H,MC-BajoPutumayo,11817.28,12404.4
2025-02-26,15,PT1H,MC-BajoPutumayo,13113.35,13410.5
2025-02-26,16,PT1H,MC-BajoPutumayo,13599.5,13690.4
2025-02-26,17,PT1H,MC-BajoPutumayo,13651.84,13522.8
2025-02-26,18,PT1H,MC-BajoPutumayo,13298.96,13167.3
2025-02-26,19,PT1H,MC-BajoPutumayo,14110.35,13837.8
2025-02-26,20,PT1H,MC-BajoPutumayo,14815.76,14184.4
2025-02-26,21,PT1H,MC-BajoPutumayo,13888.76,13156.5
2025-02-26,22,PT1H,MC-BajoPutumayo,12622.1,11842.7
2025-02-26,23,PT1H,MC-BajoPutumayo,10901.38,10265.7
2025-02-26,24,PT1H,MC-BajoPutumayo,9490.46,8967.6
2022-07-07,1,PT1H,MC-BajoPutumayo,6049.26,7002.32
2022-07-07,2,PT1H,MC-BajoPutumayo,5570.99,6496.67
2022-07-07,3,PT1H,MC-BajoPutumayo,5336.32,6282.63
2022-07-07,4,PT1H,MC-BajoPutumayo,5247.73,6170.0
2022-07-07,5,PT1H,MC-BajoPutumayo,5444.7,6207.19
2022-07-07,6,PT1H,MC-BajoPutumayo,5720.48,6709.24
2022-07-07,7,PT1H,MC-BajoPutumayo,6126.14,7328.18
2022-07-07,8,PT1H,MC-BajoPutumayo,7211.55,8119.27
2022-07-07,9,PT1H,MC-BajoPutumayo,8107.62,9199.39
2022-07-07,10,PT1H,MC-BajoPutumayo,8920.68,9762.27
2022-07-07,11,PT1H,MC-BajoPutumayo,9691.02,10392.38
2022-07-07,12,PT1H,MC-BajoPutumayo,10364.66,10848.56
2022-07-07,13,PT1H,MC-BajoPutumayo,10198.19,10816.12
2022-07-07,14,PT1H,MC-BajoPutumayo,10350.99,10814.07
2022-07-07,15,PT1H,MC-BajoPutumayo,10932.34,11421.73
2022-07-07,16,PT1H,MC-BajoPutumayo,11109.31,11427.85
2022-07-07,17,PT1H,MC-BajoPutumayo,11144.73,11249.12
2022-07-07,18,PT1H,MC-BajoPutumayo,10729.56,11363.06
2022-07-07,19,PT1H,MC-BajoPutumayo,11433.74,12202.91
2022-07-07,20,PT1H,MC-BajoPutumayo,12920.64,12567.71
2022-07-07,21,PT1H,MC-BajoPutumayo,12341.07,11858.24
2022-07-07,22,PT1H,MC-BajoPutumayo,11323.88,10733.19
2022-07-07,23,PT1H,MC-BajoPutumayo,9810.25,9146.73
2022-07-07,24,PT1H,MC-BajoPutumayo,8408.88,7752.81
2025-05-08,1,PT1H,MC-BajoPutumayo,8465.21,8923.4
2025-05-08,2,PT1H,MC-BajoPutumayo,7887.8,8347.7
2025-05-08,3,PT1H,MC-BajoPutumayo,7615.11,8073.5
2025-05-08,4,PT1H,MC-BajoPutumayo,7435.8,7878.2
2025-05-08,5,PT1H,MC-BajoPutumayo,7509.32,7762.2
2025-05-08,6,PT1H,MC-BajoPutumayo,8098.4,8229.5
2025-05-08,7,PT1H,MC-BajoPutumayo,8697.71,8697.8
2025-05-08,8,PT1H,MC-BajoPutumayo,9369.94,9469.7
2025-05-08,9,PT1H,MC-BajoPutumayo,10449.1,10592.8
2025-05-08,10,PT1H,MC-BajoPutumayo,11079.21,11417.9
2025-05-08,11,PT1H,MC-BajoPutumayo,11423.54,11878.7
2025-05-08,12,PT1H,MC-BajoPutumayo,11086.8,12332.4
2025-05-08,13,PT1H,MC-BajoPutumayo,10522.16,12132.4
2025-05-08,14,PT1H,MC-BajoPutumayo,10259.55,12279.1
2025-05-08,15,PT1H,MC-BajoPutumayo,10692.47,12519.1
2025-05-08,16,PT1H,MC-BajoPutumayo,11153.4,12540.1
2025-05-08,17,PT1H,MC-BajoPutumayo,11495.02,12474.3
2025-05-08,18,PT1H,MC-BajoPutumayo,11583.88,12537.2
2025-05-08,19,PT1H,MC-BajoPutumayo,12856.91,13793.1
2025-05-08,20,PT1H,MC-BajoPutumayo,13382.42,14037.7
2025-05-08,21,PT1H,MC-BajoPutumayo,12599.86,13134.5
2025-05-08,22,PT1H,MC-BajoPutumayo,11079.26,11792.8
2025-05-08,23,PT1H,MC-BajoPutumayo,9444.64,10371.5
2025-05-08,24,PT1H,MC-BajoPutumayo,8083.72,9026.7
2022-09-25,1,PT1H,MC-BajoPutumayo,7780.71,6514.73
2022-09-25,2,PT1H,MC-BajoPutumayo,7261.24,6232.65
2022-09-25,3,PT1H,MC-BajoPutumayo,6929.57,6166.33
2022-09-25,4,PT1H,MC-BajoPutumayo,6762.47,5955.03
2022-09-25,5,PT1H,MC-BajoPutumayo,6602.0,5978.2
2022-09-25,6,PT1H,MC-BajoPutumayo,6605.5,6432.89
2022-09-25,7,PT1H,MC-BajoPutumayo,6925.52,6720.08
2022-09-25,8,PT1H,MC-BajoPutumayo,7933.67,7779.97
2022-09-25,9,PT1H,MC-BajoPutumayo,9034.25,8951.67
2022-09-25,10,PT1H,MC-BajoPutumayo,10273.81,9628.72
2022-09-25,11,PT1H,MC-BajoPutumayo,11023.52,10165.04
2022-09-25,12,PT1H,MC-BajoPutumayo,11572.77,10558.09
2022-09-25,13,PT1H,MC-BajoPutumayo,11618.99,10278.13
2022-09-25,14,PT1H,MC-BajoPutumayo,11486.87,9831.73
2022-09-25,15,PT1H,MC-BajoPutumayo,11572.97,9385.32
2022-09-25,16,PT1H,MC-BajoPutumayo,11389.83,9725.65
2022-09-25,17,PT1H,MC-BajoPutumayo,11207.33,10065.98
2022-09-25,18,PT1H,MC-BajoPutumayo,11204.69,10212.45
2022-09-25,19,PT1H,MC-BajoPutumayo,12635.1,11500.64
2022-09-25,20,PT1H,MC-BajoPutumayo,13025.19,12320.11
2022-09-25,21,PT1H,MC-BajoPutumayo,11695.79,11780.17
2022-09-25,22,PT1H,MC-BajoPutumayo,9833.81,10611.66
2022-09-25,23,PT1H,MC-BajoPutumayo,8367.53,8802.45
2022-09-25,24,PT1H,MC-BajoPutumayo,7110.16,7449.63
2025-06-02,1,PT1H,MC-BajoPutumayo,7380.59,7612.6
2025-06-02,2,PT1H,MC-BajoPutumayo,6895.35,7124.6
2025-06-02,3,PT1H,MC-BajoPutumayo,6449.6,6810.0
2025-06-02,4,PT1H,MC-BajoPutumayo,6281.78,6654.4
2025-06-02,5,PT1H,MC-BajoPutumayo,6228.97,6719.6
2025-06-02,6,PT1H,MC-BajoPutumayo,6503.83,7117.4
2025-06-02,7,PT1H,MC-BajoPutumayo,6963.29,7838.9
2025-06-02,8,PT1H,MC-BajoPutumayo,7861.36,8281.8
2025-06-02,9,PT1H,MC-BajoPutumayo,8984.7,9094.8
2025-06-02,10,PT1H,MC-BajoPutumayo,10108.62,9512.8
2025-06-02,11,PT1H,MC-BajoPutumayo,10653.79,9908.9
2025-06-02,12,PT1H,MC-BajoPutumayo,11151.85,10173.1
2025-06-02,13,PT1H,MC-BajoPutumayo,11043.01,9905.3
2025-06-02,14,PT1H,MC-BajoPutumayo,10717.77,9726.3
2025-06-02,15,PT1H,MC-BajoPutumayo,10554.97,10188.9
2025-06-02,16,PT1H,MC-BajoPutumayo,10562.59,10537.7
2025-06-02,17,PT1H,MC-BajoPutumayo,10591.53,10635.5
2025-06-02,18,PT1H,MC-BajoPutumayo,10712.54,10709.0
2025-06-02,19,PT1H,MC-BajoPutumayo,12095.36,11905.7
2025-06-02,20,PT1H,MC-BajoPutumayo,12553.74,12190.0
2025-06-02,21,PT1H,MC-BajoPutumayo,11802.84,11426.6
2025-06-02,22,PT1H,MC-BajoPutumayo,10518.02,10193.2
2025-06-02,23,PT1H,MC-BajoPutumayo,8912.11,8671.8
2025-06-02,24,PT1H,MC-BajoPutumayo,7658.65,7417.5
2025-11-26,1,PT1H,MC-BajoPutumayo,8136.88,9001.4
2025-11-26,2,PT1H,MC-BajoPutumayo,7774.98,8468.9
2025-11-26,3,PT1H,MC-BajoPutumayo,7496.4,8164.3
2025-11-26,4,PT1H,MC-BajoPutumayo,7367.73,7988.0
2025-11-26,5,PT1H,MC-BajoPutumayo,7488.01,8013.0
2025-11-26,6,PT1H,MC-BajoPutumayo,7829.71,8600.0
2025-11-26,7,PT1H,MC-BajoPutumayo,8552.42,9275.8
2025-11-26,8,PT1H,MC-BajoPutumayo,9797.29,9992.0
2025-11-26,9,PT1H,MC-BajoPutumayo,10745.84,11091.5
2025-11-26,10,PT1H,MC-BajoPutumayo,11291.6,11232.2
2025-11-26,11,PT1H,MC-BajoPutumayo,11727.4,12004.8
2025-11-26,12,PT1H,MC-BajoPutumayo,11965.58,12404.5
2025-11-26,13,PT1H,MC-BajoPutumayo,11765.74,11966.0
2025-11-26,14,PT1H,MC-BajoPutumayo,11851.33,12177.2
2025-11-26,15,PT1H,MC-BajoPutumayo,12633.11,13092.3
2025-11-26,16,PT1H,MC-BajoPutumayo,12889.13,13302.8
2025-11-26,17,PT1H,MC-BajoPutumayo,13098.7,13290.1
2025-11-26,18,PT1H,MC-BajoPutumayo,13464.43,13605.5
2025-11-26,19,PT1H,MC-BajoPutumayo,15105.39,15232.8
2025-11-26,20,PT1H,MC-BajoPutumayo,15069.93,14836.0
2025-11-26,21,PT1H,MC-BajoPutumayo,14167.51,13774.0
2025-11-26,22,PT1H,MC-BajoPutumayo,12786.38,12272.8
2025-11-26,23,PT1H,MC-BajoPutumayo,10924.42,10359.4
2025-11-26,24,PT1H,MC-BajoPutumayo,9401.24,9086.3
2024-10-12,1,PT1H,MC-BajoPutumayo,8645.76,8240.9
2024-10-12,2,PT1H,MC-BajoPutumayo,8182.6,7755.9
2024-10-12,3,PT1H,MC-BajoPutumayo,8094.32,7384.6
2024-10-12,4,PT1H,MC-BajoPutumayo,7576.2,7129.1
2024-10-12,5,PT1H,MC-BajoPutumayo,7632.27,7106.9
2024-10-12,6,PT1H,MC-BajoPutumayo,7695.87,7183.6
2024-10-12,7,PT1H,MC-BajoPutumayo,8608.03,7876.5
2024-10-12,8,PT1H,MC-BajoPutumayo,9202.18,8986.1
2024-10-12,9,PT1H,MC-BajoPutumayo,10545.55,9987.9
2024-10-12,10,PT1H,MC-BajoPutumayo,11150.19,10785.1
2024-10-12,11,PT1H,MC-BajoPutumayo,11657.56,11363.5
2024-10-12,12,PT1H,MC-BajoPutumayo,11926.82,11750.2
2024-10-12,13,PT1H,MC-BajoPutumayo,11815.17,11607.0
2024-10-12,14,PT1H,MC-BajoPutumayo,11776.64,11616.3
2024-10-12,15,PT1H,MC-BajoPutumayo,12093.12,11958.9
2024-10-12,16,PT1H,MC-BajoPutumayo,11914.69,11943.6
2024-10-12,17,PT1H,MC-BajoPutumayo,11928.41,11704.8
2024-10-12,18,PT1H,MC-BajoPutumayo,12719.79,12178.5
2024-10-12,19,PT1H,MC-BajoPutumayo,13980.3,13452.3
2024-10-12,20,PT1H,MC-BajoPutumayo,13303.45,13023.8
2024-10-12,21,PT1H,MC-BajoPutumayo,12409.52,12257.8
2024-10-12,22,PT1H,MC-BajoPutumayo,11129.9,11256.5
2024-10-12,23,PT1H,MC-BajoPutumayo,8797.7,10134.1
2024-10-12,24,PT1H,MC-BajoPutumayo,7509.38,9094.4
2022-06-05,1,PT1H,MC-BajoPutumayo,7295.84,7114.05
2022-06-05,2,PT1H,MC-BajoPutumayo,6821.51,6691.28
2022-06-05,3,PT1H,MC-BajoPutumayo,6483.84,6418.49
2022-06-05,4,PT1H,MC-BajoPutumayo,6380.16,6173.06
2022-06-05,5,PT1H,MC-BajoPutumayo,6163.52,6015.1
2022-06-05,6,PT1H,MC-BajoPutumayo,6306.25,6072.79
2022-06-05,7,PT1H,MC-BajoPutumayo,6569.81,6316.39
2022-06-05,8,PT1H,MC-BajoPutumayo,7623.99,7258.72
2022-06-05,9,PT1H,MC-BajoPutumayo,8680.48,8155.44
2022-06-05,10,PT1H,MC-BajoPutumayo,9603.81,9193.81
2022-06-05,11,PT1H,MC-BajoPutumayo,9995.12,9773.27
2022-06-05,12,PT1H,MC-BajoPutumayo,10276.64,10325.66
2022-06-05,13,PT1H,MC-BajoPutumayo,10067.9,10457.84
2022-06-05,14,PT1H,MC-BajoPutumayo,9591.43,10405.47
2022-06-05,15,PT1H,MC-BajoPutumayo,9469.68,9587.11
2022-06-05,16,PT1H,MC-BajoPutumayo,9660.25,9697.12
2022-06-05,17,PT1H,MC-BajoPutumayo,9303.27,9832.11
2022-06-05,18,PT1H,MC-BajoPutumayo,8388.12,10154.23
2022-06-05,19,PT1H,MC-BajoPutumayo,11134.53,11365.68
2022-06-05,20,PT1H,MC-BajoPutumayo,12077.65,11980.96
2022-06-05,21,PT1H,MC-BajoPutumayo,11704.29,11527.9
2022-06-05,22,PT1H,MC-BajoPutumayo,10314.08,10751.75
2022-06-05,23,PT1H,MC-BajoPutumayo,8624.57,9417.25
2022-06-05,24,PT1H,MC-BajoPutumayo,7479.34,8184.58
2025-06-16,1,PT1H,MC-BajoPutumayo,7843.92,8262.6
2025-06-16,2,PT1H,MC-BajoPutumayo,7409.44,7704.6
2025-06-16,3,PT1H,MC-BajoPutumayo,7152.44,7282.5
2025-06-16,4,PT1H,MC-BajoPutumayo,6983.81,7108.9
2025-06-16,5,PT1H,MC-BajoPutumayo,6989.76,7105.0
2025-06-16,6,PT1H,MC-BajoPutumayo,7633.46,7593.2
2025-06-16,7,PT1H,MC-BajoPutumayo,8301.38,8302.5
2025-06-16,8,PT1H,MC-BajoPutumayo,8945.27,8959.2
2025-06-16,9,PT1H,MC-BajoPutumayo,10151.03,9941.2
2025-06-16,10,PT1H,MC-BajoPutumayo,10568.51,10678.1
2025-06-16,11,PT1H,MC-BajoPutumayo,11268.05,11092.9
2025-06-16,12,PT1H,MC-BajoPutumayo,11952.74,11805.5
2025-06-16,13,PT1H,MC-BajoPutumayo,11526.46,11833.4
2025-06-16,14,PT1H,MC-BajoPutumayo,11698.19,11374.5
2025-06-16,15,PT1H,MC-BajoPutumayo,7132.6,11638.0
2025-06-16,16,PT1H,MC-BajoPutumayo,13041.35,11855.0
2025-06-16,17,PT1H,MC-BajoPutumayo,12416.63,11891.2
2025-06-16,18,PT1H,MC-BajoPutumayo,12006.95,11907.5
2025-06-16,19,PT1H,MC-BajoPutumayo,13073.06,13237.7
2025-06-16,20,PT1H,MC-BajoPutumayo,13701.19,13638.0
2025-06-16,21,PT1H,MC-BajoPutumayo,13348.95,12761.3
2025-06-16,22,PT1H,MC-BajoPutumayo,11596.99,11354.8
2025-06-16,23,PT1H,MC-BajoPutumayo,9706.22,9564.8
2025-06-16,24,PT1H,MC-BajoPutumayo,8312.96,8177.8
2025-04-25,1,PT1H,MC-BajoPutumayo,7797.49,8143.7
2025-04-25,2,PT1H,MC-BajoPutumayo,7229.44,7646.7
2025-04-25,3,PT1H,MC-BajoPutumayo,7038.76,7315.7
2025-04-25,4,PT1H,MC-BajoPutumayo,6898.43,7237.0
2025-04-25,5,PT1H,MC-BajoPutumayo,6989.61,7208.9
2025-04-25,6,PT1H,MC-BajoPutumayo,6236.99,6524.6
2025-04-25,7,PT1H,MC-BajoPutumayo,8590.5,8255.0
2025-04-25,8,PT1H,MC-BajoPutumayo,9255.11,8940.4
2025-04-25,9,PT1H,MC-BajoPutumayo,10433.33,10084.2
2025-04-25,10,PT1H,MC-BajoPutumayo,11160.69,10677.3
2025-04-25,11,PT1H,MC-BajoPutumayo,11811.25,11192.9
2025-04-25,12,PT1H,MC-BajoPutumayo,12843.73,11705.6
2025-04-25,13,PT1H,MC-BajoPutumayo,12985.75,11790.8
2025-04-25,14,PT1H,MC-BajoPutumayo,13287.71,11854.5
2025-04-25,15,PT1H,MC-BajoPutumayo,14227.57,12668.8
2025-04-25,16,PT1H,MC-BajoPutumayo,14253.03,12976.5
2025-04-25,17,PT1H,MC-BajoPutumayo,14318.84,13038.1
2025-04-25,18,PT1H,MC-BajoPutumayo,13796.97,12892.5
2025-04-25,19,PT1H,MC-BajoPutumayo,15298.45,13915.9
2025-04-25,20,PT1H,MC-BajoPutumayo,15387.64,14345.3
2025-04-25,21,PT1H,MC-BajoPutumayo,14838.84,13530.0
2025-04-25,22,PT1H,MC-BajoPutumayo,13550.3,12367.6
2025-04-25,23,PT1H,MC-BajoPutumayo,11913.29,10805.7
2025-04-25,24,PT1H,MC-BajoPutumayo,10533.86,9324.9
2025-08-12,1,PT1H,MC-BajoPutumayo,7513.48,7537.9
2025-08-12,2,PT1H,MC-BajoPutumayo,7088.84,7082.8
2025-08-12,3,PT1H,MC-BajoPutumayo,6905.71,6830.7
2025-08-12,4,PT1H,MC-BajoPutumayo,6784.93,6694.4
2025-08-12,5,PT1H,MC-BajoPutumayo,6884.39,6731.2
2025-08-12,6,PT1H,MC-BajoPutumayo,7662.8,7361.3
2025-08-12,7,PT1H,MC-BajoPutumayo,8473.31,8147.7
2025-08-12,8,PT1H,MC-BajoPutumayo,9163.93,8849.9
2025-08-12,9,PT1H,MC-BajoPutumayo,10208.48,9987.0
2025-08-12,10,PT1H,MC-BajoPutumayo,11083.82,10811.0
2025-08-12,11,PT1H,MC-BajoPutumayo,11719.32,11639.1
2025-08-12,12,PT1H,MC-BajoPutumayo,12210.19,12204.6
2025-08-12,13,PT1H,MC-BajoPutumayo,11905.88,11970.1
2025-08-12,14,PT1H,MC-BajoPutumayo,12195.12,12104.5
2025-08-12,15,PT1H,MC-BajoPutumayo,13001.34,12563.1
2025-08-12,16,PT1H,MC-BajoPutumayo,13276.52,12713.3
2025-08-12,17,PT1H,MC-BajoPutumayo,13157.32,12652.5
2025-08-12,18,PT1H,MC-BajoPutumayo,12782.12,12544.6
2025-08-12,19,PT1H,MC-BajoPutumayo,13741.86,13475.8
2025-08-12,20,PT1H,MC-BajoPutumayo,14257.54,14055.5
2025-08-12,21,PT1H,MC-BajoPutumayo,13347.11,13191.5
2025-08-12,22,PT1H,MC-BajoPutumayo,11832.88,11843.0
2025-08-12,23,PT1H,MC-BajoPutumayo,9844.65,10001.4
2025-08-12,24,PT1H,MC-BajoPutumayo,8550.6,8539.6
2023-09-15,1,PT1H,MC-BajoPutumayo,7292.64,8213.52
2023-09-15,2,PT1H,MC-BajoPutumayo,6915.95,7769.0
2023-09-15,3,PT1H,MC-BajoPutumayo,6754.12,7415.75
2023-09-15,4,PT1H,MC-BajoPutumayo,6629.6,7246.62
2023-09-15,5,PT1H,MC-BajoPutumayo,6675.74,7106.29
2023-09-15,6,PT1H,MC-BajoPutumayo,7125.4,7530.21
2023-09-15,7,PT1H,MC-BajoPutumayo,7746.92,8235.66
2023-09-15,8,PT1H,MC-BajoPutumayo,8496.85,9031.65
2023-09-15,9,PT1H,MC-BajoPutumayo,9286.42,9865.18
2023-09-15,10,PT1H,MC-BajoPutumayo,10170.47,11039.37
2023-09-15,11,PT1H,MC-BajoPutumayo,10679.48,11987.34
2023-09-15,12,PT1H,MC-BajoPutumayo,11136.94,12797.75
2023-09-15,13,PT1H,MC-BajoPutumayo,10977.14,12187.21
2023-09-15,14,PT1H,MC-BajoPutumayo,11525.45,12484.83
2023-09-15,15,PT1H,MC-BajoPutumayo,12499.85,12819.2
2023-09-15,16,PT1H,MC-BajoPutumayo,12853.14,13597.68
2023-09-15,17,PT1H,MC-BajoPutumayo,12783.33,13489.87
2023-09-15,18,PT1H,MC-BajoPutumayo,12470.43,13028.56
2023-09-15,19,PT1H,MC-BajoPutumayo,13477.84,13944.4
2023-09-15,20,PT1H,MC-BajoPutumayo,13617.03,14406.44
2023-09-15,21,PT1H,MC-BajoPutumayo,12599.65,13583.2
2023-09-15,22,PT1H,MC-BajoPutumayo,11485.95,12421.61
2023-09-15,23,PT1H,MC-BajoPutumayo,10036.93,10904.43
2023-09-15,24,PT1H,MC-BajoPutumayo,8778.52,9655.45
2022-09-02,1,PT1H,MC-BajoPutumayo,7764.56,7281.64
2022-09-02,2,PT1H,MC-BajoPutumayo,7396.68,6841.12
2022-09-02,3,PT1H,MC-BajoPutumayo,7145.85,6609.01
2022-09-02,4,PT1H,MC-BajoPutumayo,7003.97,6487.53
2022-09-02,5,PT1H,MC-BajoPutumayo,6917.94,6488.08
2022-09-02,6,PT1H,MC-BajoPutumayo,7472.24,7063.5
2022-09-02,7,PT1H,MC-BajoPutumayo,8180.74,7830.21
2022-09-02,8,PT1H,MC-BajoPutumayo,9167.91,8739.42
2022-09-02,9,PT1H,MC-BajoPutumayo,10392.57,9765.19
2022-09-02,10,PT1H,MC-BajoPutumayo,11402.32,10440.33
2022-09-02,11,PT1H,MC-BajoPutumayo,12273.66,11156.6
2022-09-02,12,PT1H,MC-BajoPutumayo,12957.66,11808.4
2022-09-02,13,PT1H,MC-BajoPutumayo,12699.26,11822.66
2022-09-02,14,PT1H,MC-BajoPutumayo,13057.72,12073.79
2022-09-02,15,PT1H,MC-BajoPutumayo,13845.86,12558.09
2022-09-02,16,PT1H,MC-BajoPutumayo,13911.01,12760.73
2022-09-02,17,PT1H,MC-BajoPutumayo,12542.74,12596.98
2022-09-02,18,PT1H,MC-BajoPutumayo,12653.55,12158.35
2022-09-02,19,PT1H,MC-BajoPutumayo,12675.77,12932.3
2022-09-02,20,PT1H,MC-BajoPutumayo,12971.07,13350.67
2022-09-02,21,PT1H,MC-BajoPutumayo,12144.59,12456.72
2022-09-02,22,PT1H,MC-BajoPutumayo,11247.65,11253.37
2022-09-02,23,PT1H,MC-BajoPutumayo,9845.03,9692.16
2022-09-02,24,PT1H,MC-BajoPutumayo,8594.93,8356.14
2023-12-24,1,PT1H,MC-BajoPutumayo,8562.22,8057.13
2023-12-24,2,PT1H,MC-BajoPutumayo,8001.32,7561.3
2023-12-24,3,PT1H,MC-BajoPutumayo,7591.74,7181.17
2023-12-24,4,PT1H,MC-BajoPutumayo,7396.32,6970.12
2023-12-24,5,PT1H,MC-BajoPutumayo,7352.11,6860.93
2023-12-24,6,PT1H,MC-BajoPutumayo,7296.28,6820.97
2023-12-24,7,PT1H,MC-BajoPutumayo,7404.45,7002.87
2023-12-24,8,PT1H,MC-BajoPutumayo,8403.38,7890.9
2023-12-24,9,PT1H,MC-BajoPutumayo,9577.71,8949.61
2023-12-24,10,PT1H,MC-BajoPutumayo,10334.71,9704.31
2023-12-24,11,PT1H,MC-BajoPutumayo,10745.11,10331.24
2023-12-24,12,PT1H,MC-BajoPutumayo,10982.16,10847.99
2023-12-24,13,PT1H,MC-BajoPutumayo,11332.23,11165.44
2023-12-24,14,PT1H,MC-BajoPutumayo,11658.46,11217.03
2023-12-24,15,PT1H,MC-BajoPutumayo,11874.91,11362.69
2023-12-24,16,PT1H,MC-BajoPutumayo,11987.46,11326.23
2023-12-24,17,PT1H,MC-BajoPutumayo,11991.22,11180.32
2023-12-24,18,PT1H,MC-BajoPutumayo,12174.92,11186.94
2023-12-24,19,PT1H,MC-BajoPutumayo,13377.14,12406.49
2023-12-24,20,PT1H,MC-BajoPutumayo,13677.71,13407.58
2023-12-24,21,PT1H,MC-BajoPutumayo,12875.14,12882.58
2023-12-24,22,PT1H,MC-BajoPutumayo,11805.0,11657.08
2023-12-24,23,PT1H,MC-BajoPutumayo,10883.13,10206.04
2023-12-24,24,PT1H,MC-BajoPutumayo,9994.68,9059.05
2022-07-27,1,PT1H,MC-BajoPutumayo,6447.99,7149.79
2022-07-27,2,PT1H,MC-BajoPutumayo,6035.39,6749.41
2022-07-27,3,PT1H,MC-BajoPutumayo,5853.15,6512.63
2022-07-27,4,PT1H,MC-BajoPutumayo,5772.19,6411.57
2022-07-27,5,PT1H,MC-BajoPutumayo,5818.87,6419.04
2022-07-27,6,PT1H,MC-BajoPutumayo,6430.36,6845.71
2022-07-27,7,PT1H,MC-BajoPutumayo,7313.72,7523.21
2022-07-27,8,PT1H,MC-BajoPutumayo,7982.63,8725.95
2022-07-27,9,PT1H,MC-BajoPutumayo,8892.37,9845.3
2022-07-27,10,PT1H,MC-BajoPutumayo,9015.16,10571.29
2022-07-27,11,PT1H,MC-BajoPutumayo,9724.64,10571.06
2022-07-27,12,PT1H,MC-BajoPutumayo,9936.27,10059.42
2022-07-27,13,PT1H,MC-BajoPutumayo,9500.65,10246.7
2022-07-27,14,PT1H,MC-BajoPutumayo,9422.05,10615.25
2022-07-27,15,PT1H,MC-BajoPutumayo,9834.59,11014.5
2022-07-27,16,PT1H,MC-BajoPutumayo,9773.45,10976.43
2022-07-27,17,PT1H,MC-BajoPutumayo,9641.98,11086.33
2022-07-27,18,PT1H,MC-BajoPutumayo,9688.49,10780.43
2022-07-27,19,PT1H,MC-BajoPutumayo,10917.95,11967.76
2022-07-27,20,PT1H,MC-BajoPutumayo,11579.44,12839.45
2022-07-27,21,PT1H,MC-BajoPutumayo,10887.96,12065.87
2022-07-27,22,PT1H,MC-BajoPutumayo,9480.09,11061.86
2022-07-27,23,PT1H,MC-BajoPutumayo,7959.99,9090.53
2022-07-27,24,PT1H,MC-BajoPutumayo,6722.29,8067.03
2024-05-09,1,PT1H,MC-BajoPutumayo,7362.96,8523.61
2024-05-09,2,PT1H,MC-BajoPutumayo,6986.31,7959.91
2024-05-09,3,PT1H,MC-BajoPutumayo,6785.9,7730.22
2024-05-09,4,PT1H,MC-BajoPutumayo,6580.04,7507.55
2024-05-09,5,PT1H,MC-BajoPutumayo,6647.73,7433.87
2024-05-09,6,PT1H,MC-BajoPutumayo,7198.05,7831.0
2024-05-09,7,PT1H,MC-BajoPutumayo,7851.17,8254.55
2024-05-09,8,PT1H,MC-BajoPutumayo,8566.99,9131.86
2024-05-09,9,PT1H,MC-BajoPutumayo,10207.85,10153.54
2024-05-09,10,PT1H,MC-BajoPutumayo,11466.92,10903.9
2024-05-09,11,PT1H,MC-BajoPutumayo,12092.26,11529.96
2024-05-09,12,PT1H,MC-BajoPutumayo,12971.26,12064.99
2024-05-09,13,PT1H,MC-BajoPutumayo,12478.99,12135.57
2024-05-09,14,PT1H,MC-BajoPutumayo,15649.41,11751.4
2024-05-09,15,PT1H,MC-BajoPutumayo,15725.76,11152.99
2024-05-09,16,PT1H,MC-BajoPutumayo,15512.75,10449.2
2024-05-09,17,PT1H,MC-BajoPutumayo,15204.89,10817.51
2024-05-09,18,PT1H,MC-BajoPutumayo,14544.97,11285.2
2024-05-09,19,PT1H,MC-BajoPutumayo,15437.87,13331.28
2024-05-09,20,PT1H,MC-BajoPutumayo,15589.68,14109.74
2024-05-09,21,PT1H,MC-BajoPutumayo,14638.88,13724.89
2024-05-09,22,PT1H,MC-BajoPutumayo,13435.05,12384.36
2024-05-09,23,PT1H,MC-BajoPutumayo,11890.38,10477.19
2024-05-09,24,PT1H,MC-BajoPutumayo,10326.41,8872.58
2023-11-07,1,PT1H,MC-BajoPutumayo,7583.43,8125.63
2023-11-07,2,PT1H,MC-BajoPutumayo,7228.96,7652.53
2023-11-07,3,PT1H,MC-BajoPutumayo,7024.08,7350.38
2023-11-07,4,PT1H,MC-BajoPutumayo,6891.22,7145.78
2023-11-07,5,PT1H,MC-BajoPutumayo,6944.28,7159.26
2023-11-07,6,PT1H,MC-BajoPutumayo,7488.83,7583.96
2023-11-07,7,PT1H,MC-BajoPutumayo,8166.72,8107.03
2023-11-07,8,PT1H,MC-BajoPutumayo,9084.89,9027.35
2023-11-07,9,PT1H,MC-BajoPutumayo,10211.22,10125.11
2023-11-07,10,PT1H,MC-BajoPutumayo,11020.42,10962.34
2023-11-07,11,PT1H,MC-BajoPutumayo,12152.53,11748.17
2023-11-07,12,PT1H,MC-BajoPutumayo,12904.87,12255.39
2023-11-07,13,PT1H,MC-BajoPutumayo,12668.86,12274.35
2023-11-07,14,PT1H,MC-BajoPutumayo,12925.62,12169.33
2023-11-07,15,PT1H,MC-BajoPutumayo,13690.81,12929.49
2023-11-07,16,PT1H,MC-BajoPutumayo,13738.14,13017.19
2023-11-07,17,PT1H,MC-BajoPutumayo,13886.0,12997.46
2023-11-07,18,PT1H,MC-BajoPutumayo,13371.76,12804.48
2023-11-07,19,PT1H,MC-BajoPutumayo,14549.8,13986.02
2023-11-07,20,PT1H,MC-BajoPutumayo,14422.93,13866.33
2023-11-07,21,PT1H,MC-BajoPutumayo,13428.43,12570.11
2023-11-07,22,PT1H,MC-BajoPutumayo,12330.13,11047.0
2023-11-07,23,PT1H,MC-BajoPutumayo,10751.16,9479.39
2023-11-07,24,PT1H,MC-BajoPutumayo,9405.82,8510.21
2025-12-22,1,PT1H,MC-BajoPutumayo,9076.2,8807.0
2025-12-22,2,PT1H,MC-BajoPutumayo,8564.05,8429.2
2025-12-22,3,PT1H,MC-BajoPutumayo,8290.9,8166.3
2025-12-22,4,PT1H,MC-BajoPutumayo,8114.18,7877.0
2025-12-22,5,PT1H,MC-BajoPutumayo,8156.42,7840.5
2025-12-22,6,PT1H,MC-BajoPutumayo,8392.89,7899.1
2025-12-22,7,PT1H,MC-BajoPutumayo,9109.29,8469.8
2025-12-22,8,PT1H,MC-BajoPutumayo,10250.69,9527.7
2025-12-22,9,PT1H,MC-BajoPutumayo,11689.09,10796.9
2025-12-22,10,PT1H,MC-BajoPutumayo,13561.93,11789.5
2025-12-22,11,PT1H,MC-BajoPutumayo,13589.7,12296.6
2025-12-22,12,PT1H,MC-BajoPutumayo,14287.6,12782.5
2025-12-22,13,PT1H,MC-BajoPutumayo,14459.92,12763.3
2025-12-22,14,PT1H,MC-BajoPutumayo,14766.69,12936.6
2025-12-22,15,PT1H,MC-BajoPutumayo,15334.01,13267.5
2025-12-22,16,PT1H,MC-BajoPutumayo,15379.6,13295.0
2025-12-22,17,PT1H,MC-BajoPutumayo,15317.14,13205.9
2025-12-22,18,PT1H,MC-BajoPutumayo,14599.2,13644.7
2025-12-22,19,PT1H,MC-BajoPutumayo,16532.59,15169.9
2025-12-22,20,PT1H,MC-BajoPutumayo,16101.91,14759.5
2025-12-22,21,PT1H,MC-BajoPutumayo,15253.57,14027.0
2025-12-22,22,PT1H,MC-BajoPutumayo,13844.34,12871.3
2025-12-22,23,PT1H,MC-BajoPutumayo,12036.51,11151.5
2025-12-22,24,PT1H,MC-BajoPutumayo,10572.15,9658.7
2022-03-23,1,PT1H,MC-BajoPutumayo,6304.29,7234.28
2022-03-23,2,PT1H,MC-BajoPutumayo,5986.69,6826.07
2022-03-23,3,PT1H,MC-BajoPutumayo,5851.93,6574.43
2022-03-23,4,PT1H,MC-BajoPutumayo,5780.96,6415.25
2022-03-23,5,PT1H,MC-BajoPutumayo,5860.39,6430.58
2022-03-23,6,PT1H,MC-BajoPutumayo,6581.34,6985.48
2022-03-23,7,PT1H,MC-BajoPutumayo,7540.32,7715.56
2022-03-23,8,PT1H,MC-BajoPutumayo,7900.1,8114.8
2022-03-23,9,PT1H,MC-BajoPutumayo,8744.33,8981.39
2022-03-23,10,PT1H,MC-BajoPutumayo,9396.83,9559.2
2022-03-23,11,PT1H,MC-BajoPutumayo,9992.56,9966.18
2022-03-23,12,PT1H,MC-BajoPutumayo,10192.69,10364.23
2022-03-23,13,PT1H,MC-BajoPutumayo,9724.6,10101.05
2022-03-23,14,PT1H,MC-BajoPutumayo,9870.04,10327.1
2022-03-23,15,PT1H,MC-BajoPutumayo,10683.64,10995.58
2022-03-23,16,PT1H,MC-BajoPutumayo,11094.83,11218.39
2022-03-23,17,PT1H,MC-BajoPutumayo,11154.71,11339.23
2022-03-23,18,PT1H,MC-BajoPutumayo,10915.37,10989.64
2022-03-23,19,PT1H,MC-BajoPutumayo,11887.38,11703.68
2022-03-23,20,PT1H,MC-BajoPutumayo,12506.13,12179.88
2022-03-23,21,PT1H,MC-BajoPutumayo,11769.07,11389.74
2022-03-23,22,PT1H,MC-BajoPutumayo,10464.54,10303.09
2022-03-23,23,PT1H,MC-BajoPutumayo,8913.27,8708.96
2022-03-23,24,PT1H,MC-BajoPutumayo,7515.42,7381.05
2022-02-25,1,PT1H,MC-BajoPutumayo,6443.74,7396.81
2022-02-25,2,PT1H,MC-BajoPutumayo,5994.53,6921.57
2022-02-25,3,PT1H,MC-BajoPutumayo,5845.56,6656.09
2022-02-25,4,PT1H,MC-BajoPutumayo,5777.88,6402.42
2022-02-25,5,PT1H,MC-BajoPutumayo,5879.69,6494.71
2022-02-25,6,PT1H,MC-BajoPutumayo,6483.85,7011.55
2022-02-25,7,PT1H,MC-BajoPutumayo,7226.82,7371.97
2022-02-25,8,PT1H,MC-BajoPutumayo,7890.64,7987.67
2022-02-25,9,PT1H,MC-BajoPutumayo,8755.86,8934.18
2022-02-25,10,PT1H,MC-BajoPutumayo,9180.99,9763.15
2022-02-25,11,PT1H,MC-BajoPutumayo,9628.45,10341.5
2022-02-25,12,PT1H,MC-BajoPutumayo,10082.86,10717.89
2022-02-25,13,PT1H,MC-BajoPutumayo,9862.22,10726.42
2022-02-25,14,PT1H,MC-BajoPutumayo,10279.14,10635.49
2022-02-25,15,PT1H,MC-BajoPutumayo,11173.13,11204.85
2022-02-25,16,PT1H,MC-BajoPutumayo,11374.61,11394.63
2022-02-25,17,PT1H,MC-BajoPutumayo,11224.86,11479.34
2022-02-25,18,PT1H,MC-BajoPutumayo,9730.61,11037.45
2022-02-25,19,PT1H,MC-BajoPutumayo,9062.2,11939.49
2022-02-25,20,PT1H,MC-BajoPutumayo,9719.83,12640.44
2022-02-25,21,PT1H,MC-BajoPutumayo,9145.63,11924.33
2022-02-25,22,PT1H,MC-BajoPutumayo,8234.87,10906.11
2022-02-25,23,PT1H,MC-BajoPutumayo,6855.19,9486.72
2022-02-25,24,PT1H,MC-BajoPutumayo,5506.46,8137.63
2025-01-01,1,PT1H,MC-BajoPutumayo,10283.99,7187.9
2025-01-01,2,PT1H,MC-BajoPutumayo,9898.08,6946.4
2025-01-01,3,PT1H,MC-BajoPutumayo,9323.04,6565.9
2025-01-01,4,PT1H,MC-BajoPutumayo,8928.61,6551.4
2025-01-01,5,PT1H,MC-BajoPutumayo,8640.03,6800.7
2025-01-01,6,PT1H,MC-BajoPutumayo,8195.48,7111.2
2025-01-01,7,PT1H,MC-BajoPutumayo,7574.69,7560.6
2025-01-01,8,PT1H,MC-BajoPutumayo,7706.37,8622.9
2025-01-01,9,PT1H,MC-BajoPutumayo,7934.13,9881.9
2025-01-01,10,PT1H,MC-BajoPutumayo,8680.16,10583.9
2025-01-01,11,PT1H,MC-BajoPutumayo,9247.18,11029.5
2025-01-01,12,PT1H,MC-BajoPutumayo,9959.11,11201.5
2025-01-01,13,PT1H,MC-BajoPutumayo,10310.02,10929.6
2025-01-01,14,PT1H,MC-BajoPutumayo,10308.41,11096.3
2025-01-01,15,PT1H,MC-BajoPutumayo,10094.71,11253.4
2025-01-01,16,PT1H,MC-BajoPutumayo,10108.55,11369.6
2025-01-01,17,PT1H,MC-BajoPutumayo,10031.63,11117.1
2025-01-01,18,PT1H,MC-BajoPutumayo,10034.0,11438.2
2025-01-01,19,PT1H,MC-BajoPutumayo,11104.45,12599.7
2025-01-01,20,PT1H,MC-BajoPutumayo,12017.74,12130.2
2025-01-01,21,PT1H,MC-BajoPutumayo,11627.85,11236.1
2025-01-01,22,PT1H,MC-BajoPutumayo,10836.63,10054.5
2025-01-01,23,PT1H,MC-BajoPutumayo,9902.54,8689.3
2025-01-01,24,PT1H,MC-BajoPutumayo,9341.06,7687.9
2024-08-25,1,PT1H,MC-BajoPutumayo,4889.52,7121.7
2024-08-25,2,PT1H,MC-BajoPutumayo,4535.72,6606.1
2024-08-25,3,PT1H,MC-BajoPutumayo,4370.09,6566.5
2024-08-25,4,PT1H,MC-BajoPutumayo,4172.12,6364.5
2024-08-25,5,PT1H,MC-BajoPutumayo,4023.15,6538.8
2024-08-25,6,PT1H,MC-BajoPutumayo,3998.65,7196.4
2024-08-25,7,PT1H,MC-BajoPutumayo,4143.7,7978.2
2024-08-25,8,PT1H,MC-BajoPutumayo,4860.12,8828.0
2024-08-25,9,PT1H,MC-BajoPutumayo,11274.98,9581.1
2024-08-25,10,PT1H,MC-BajoPutumayo,11825.16,10290.1
2024-08-25,11,PT1H,MC-BajoPutumayo,12831.75,10918.9
2024-08-25,12,PT1H,MC-BajoPutumayo,12669.83,11285.6
2024-08-25,13,PT1H,MC-BajoPutumayo,12894.1,10948.1
2024-08-25,14,PT1H,MC-BajoPutumayo,12972.68,11299.1
2024-08-25,15,PT1H,MC-BajoPutumayo,12780.63,11709.0
2024-08-25,16,PT1H,MC-BajoPutumayo,12627.72,11469.3
2024-08-25,17,PT1H,MC-BajoPutumayo,11490.82,11504.2
2024-08-25,18,PT1H,MC-BajoPutumayo,9725.9,11367.9
2024-08-25,19,PT1H,MC-BajoPutumayo,11402.75,12709.6
2024-08-25,20,PT1H,MC-BajoPutumayo,12037.11,13675.8
2024-08-25,21,PT1H,MC-BajoPutumayo,11974.95,12997.5
2024-08-25,22,PT1H,MC-BajoPutumayo,10912.8,11673.2
2024-08-25,23,PT1H,MC-BajoPutumayo,9541.47,9446.3
2024-08-25,24,PT1H,MC-BajoPutumayo,8535.33,7703.6
2022-02-06,1,PT1H,MC-BajoPutumayo,7165.36,7516.81
2022-02-06,2,PT1H,MC-BajoPutumayo,6725.47,6938.17
2022-02-06,3,PT1H,MC-BajoPutumayo,6404.11,6623.06
2022-02-06,4,PT1H,MC-BajoPutumayo,6624.03,6170.15
2022-02-06,5,PT1H,MC-BajoPutumayo,6562.4,6199.07
2022-02-06,6,PT1H,MC-BajoPutumayo,6215.49,6427.55
2022-02-06,7,PT1H,MC-BajoPutumayo,6347.22,6558.93
2022-02-06,8,PT1H,MC-BajoPutumayo,7382.74,7468.39
2022-02-06,9,PT1H,MC-BajoPutumayo,8266.1,8650.8
2022-02-06,10,PT1H,MC-BajoPutumayo,8689.41,9516.06
2022-02-06,11,PT1H,MC-BajoPutumayo,9240.57,10101.37
2022-02-06,12,PT1H,MC-BajoPutumayo,9928.24,10328.29
2022-02-06,13,PT1H,MC-BajoPutumayo,10295.17,10210.5
2022-02-06,14,PT1H,MC-BajoPutumayo,10140.31,10213.72
2022-02-06,15,PT1H,MC-BajoPutumayo,10139.55,10316.13
2022-02-06,16,PT1H,MC-BajoPutumayo,10084.89,10244.44
2022-02-06,17,PT1H,MC-BajoPutumayo,10008.43,9909.99
2022-02-06,18,PT1H,MC-BajoPutumayo,10000.87,9961.65
2022-02-06,19,PT1H,MC-BajoPutumayo,10901.12,11207.93
2022-02-06,20,PT1H,MC-BajoPutumayo,12000.74,11993.1
2022-02-06,21,PT1H,MC-BajoPutumayo,11662.18,11570.77
2022-02-06,22,PT1H,MC-BajoPutumayo,10899.87,10683.33
2022-02-06,23,PT1H,MC-BajoPutumayo,9412.17,9421.12
2022-02-06,24,PT1H,MC-BajoPutumayo,8132.63,8132.89
2026-02-13,1,PT1H,MC-BajoPutumayo,8614.19,8467.5
2026-02-13,2,PT1H,MC-BajoPutumayo,8065.43,8161.8
2026-02-13,3,PT1H,MC-BajoPutumayo,7911.82,7920.5
2026-02-13,4,PT1H,MC-BajoPutumayo,8153.03,7831.5
2026-02-13,5,PT1H,MC-BajoPutumayo,8958.84,7898.7
2026-02-13,6,PT1H,MC-BajoPutumayo,8984.69,8396.4
2026-02-13,7,PT1H,MC-BajoPutumayo,10177.1,9234.9
2026-02-13,8,PT1H,MC-BajoPutumayo,10243.6,10119.0
2026-02-13,9,PT1H,MC-BajoPutumayo,11641.79,11114.3
2026-02-13,10,PT1H,MC-BajoPutumayo,12516.86,11469.4
2026-02-13,11,PT1H,MC-BajoPutumayo,12227.38,12845.0
2026-02-13,12,PT1H,MC-BajoPutumayo,12115.6,13476.5
2026-02-13,13,PT1H,MC-BajoPutumayo,11559.29,13398.8
2026-02-13,14,PT1H,MC-BajoPutumayo,11971.5,13736.0
2026-02-13,15,PT1H,MC-BajoPutumayo,12775.78,13849.4
2026-02-13,16,PT1H,MC-BajoPutumayo,14631.9,13323.7
2026-02-13,17,PT1H,MC-BajoPutumayo,14874.09,13501.1
2026-02-13,18,PT1H,MC-BajoPutumayo,13483.63,13047.4
2026-02-13,19,PT1H,MC-BajoPutumayo,14360.07,14486.3
2026-02-13,20,PT1H,MC-BajoPutumayo,14346.44,14256.7
2026-02-13,21,PT1H,MC-BajoPutumayo,13364.86,13304.5
2026-02-13,22,PT1H,MC-BajoPutumayo,11759.28,11500.8
2026-02-13,23,PT1H,MC-BajoPutumayo,10212.14,10087.5
2026-02-13,24,PT1H,MC-BajoPutumayo,8978.29,8938.0
2024-12-05,1,PT1H,MC-BajoPutumayo,8250.46,9116.2
2024-12-05,2,PT1H,MC-BajoPutumayo,7882.28,8680.0
2024-12-05,3,PT1H,MC-BajoPutumayo,7567.02,8384.3
2024-12-05,4,PT1H,MC-BajoPutumayo,7523.57,8149.2
2024-12-05,5,PT1H,MC-BajoPutumayo,7709.46,8376.3
2024-12-05,6,PT1H,MC-BajoPutumayo,8004.79,8845.9
2024-12-05,7,PT1H,MC-BajoPutumayo,8963.08,9273.8
2024-12-05,8,PT1H,MC-BajoPutumayo,10329.83,10290.6
2024-12-05,9,PT1H,MC-BajoPutumayo,11724.7,11306.3
2024-12-05,10,PT1H,MC-BajoPutumayo,12788.99,11923.9
2024-12-05,11,PT1H,MC-BajoPutumayo,13796.16,12535.6
2024-12-05,12,PT1H,MC-BajoPutumayo,13307.41,12575.6
2024-12-05,13,PT1H,MC-BajoPutumayo,13590.56,12270.4
2024-12-05,14,PT1H,MC-BajoPutumayo,14194.38,12725.5
2024-12-05,15,PT1H,MC-BajoPutumayo,14691.76,13360.0
2024-12-05,16,PT1H,MC-BajoPutumayo,14746.36,13725.8
2024-12-05,17,PT1H,MC-BajoPutumayo,14057.33,13366.9
2024-12-05,18,PT1H,MC-BajoPutumayo,14453.39,14229.5
2024-12-05,19,PT1H,MC-BajoPutumayo,15764.79,14885.1
2024-12-05,20,PT1H,MC-BajoPutumayo,15071.22,14336.6
2024-12-05,21,PT1H,MC-BajoPutumayo,13988.92,13315.8
2024-12-05,22,PT1H,MC-BajoPutumayo,12019.71,11892.5
2024-12-05,23,PT1H,MC-BajoPutumayo,11138.76,10224.0
2024-12-05,24,PT1H,MC-BajoPutumayo,9799.42,8742.4
2024-05-14,1,PT1H,MC-BajoPutumayo,8551.24,7666.72
2024-05-14,2,PT1H,MC-BajoPutumayo,7563.57,7247.31
2024-05-14,3,PT1H,MC-BajoPutumayo,7338.0,6983.93
2024-05-14,4,PT1H,MC-BajoPutumayo,7099.23,6776.52
2024-05-14,5,PT1H,MC-BajoPutumayo,7128.68,6799.16
2024-05-14,6,PT1H,MC-BajoPutumayo,7634.56,7321.86
2024-05-14,7,PT1H,MC-BajoPutumayo,8248.37,7769.19
2024-05-14,8,PT1H,MC-BajoPutumayo,8637.79,8417.94
2024-05-14,9,PT1H,MC-BajoPutumayo,9525.24,9519.07
2024-05-14,10,PT1H,MC-BajoPutumayo,10009.92,10249.91
2024-05-14,11,PT1H,MC-BajoPutumayo,10434.14,10833.82
2024-05-14,12,PT1H,MC-BajoPutumayo,11113.84,11322.11
2024-05-14,13,PT1H,MC-BajoPutumayo,10682.86,11127.1
2024-05-14,14,PT1H,MC-BajoPutumayo,10634.38,11592.35
2024-05-14,15,PT1H,MC-BajoPutumayo,11265.81,12468.99
2024-05-14,16,PT1H,MC-BajoPutumayo,11444.65,12479.18
2024-05-14,17,PT1H,MC-BajoPutumayo,11468.26,12480.29
2024-05-14,18,PT1H,MC-BajoPutumayo,11703.88,12338.3
2024-05-14,19,PT1H,MC-BajoPutumayo,12898.7,13235.94
2024-05-14,20,PT1H,MC-BajoPutumayo,12977.32,13288.45
2024-05-14,21,PT1H,MC-BajoPutumayo,12122.35,12597.55
2024-05-14,22,PT1H,MC-BajoPutumayo,10912.22,11483.47
2024-05-14,23,PT1H,MC-BajoPutumayo,9411.99,9889.11
2024-05-14,24,PT1H,MC-BajoPutumayo,8125.19,8680.61
2024-03-14,1,PT1H,MC-BajoPutumayo,8286.33,8561.18
2024-03-14,2,PT1H,MC-BajoPutumayo,7845.03,8081.01
2024-03-14,3,PT1H,MC-BajoPutumayo,7638.19,7803.17
2024-03-14,4,PT1H,MC-BajoPutumayo,7485.56,7716.15
2024-03-14,5,PT1H,MC-BajoPutumayo,7497.35,7760.08
2024-03-14,6,PT1H,MC-BajoPutumayo,8064.7,8107.09
2024-03-14,7,PT1H,MC-BajoPutumayo,8541.14,8594.33
2024-03-14,8,PT1H,MC-BajoPutumayo,9436.62,9257.04
2024-03-14,9,PT1H,MC-BajoPutumayo,10084.48,10433.5
2024-03-14,10,PT1H,MC-BajoPutumayo,10430.12,11016.8
2024-03-14,11,PT1H,MC-BajoPutumayo,10839.11,11757.9
2024-03-14,12,PT1H,MC-BajoPutumayo,11230.51,12419.17
2024-03-14,13,PT1H,MC-BajoPutumayo,10791.25,12121.51
2024-03-14,14,PT1H,MC-BajoPutumayo,10721.78,12248.98
2024-03-14,15,PT1H,MC-BajoPutumayo,11000.69,12664.27
2024-03-14,16,PT1H,MC-BajoPutumayo,10705.81,12810.23
2024-03-14,17,PT1H,MC-BajoPutumayo,10808.16,12740.27
2024-03-14,18,PT1H,MC-BajoPutumayo,10929.09,12873.48
2024-03-14,19,PT1H,MC-BajoPutumayo,12619.03,13540.36
2024-03-14,20,PT1H,MC-BajoPutumayo,13125.74,13966.61
2024-03-14,21,PT1H,MC-BajoPutumayo,12405.01,13147.78
2024-03-14,22,PT1H,MC-BajoPutumayo,11419.09,11920.76
2024-03-14,23,PT1H,MC-BajoPutumayo,9757.28,10304.63
2024-03-14,24,PT1H,MC-BajoPutumayo,8475.1,9013.71
2024-09-23,1,PT1H,MC-BajoPutumayo,8005.63,7907.3
2024-09-23,2,PT1H,MC-BajoPutumayo,7648.86,7505.0
2024-09-23,3,PT1H,MC-BajoPutumayo,7462.92,7293.4
2024-09-23,4,PT1H,MC-BajoPutumayo,7187.16,7204.7
2024-09-23,5,PT1H,MC-BajoPutumayo,7288.75,7311.4
2024-09-23,6,PT1H,MC-BajoPutumayo,7963.07,7984.6
2024-09-23,7,PT1H,MC-BajoPutumayo,8494.65,8847.7
2024-09-23,8,PT1H,MC-BajoPutumayo,9433.68,9603.4
2024-09-23,9,PT1H,MC-BajoPutumayo,10754.78,10512.9
2024-09-23,10,PT1H,MC-BajoPutumayo,11337.13,11258.8
2024-09-23,11,PT1H,MC-BajoPutumayo,12216.08,12125.9
2024-09-23,12,PT1H,MC-BajoPutumayo,12294.47,12507.3
2024-09-23,13,PT1H,MC-BajoPutumayo,12313.66,12166.7
2024-09-23,14,PT1H,MC-BajoPutumayo,13241.13,12463.2
2024-09-23,15,PT1H,MC-BajoPutumayo,14206.88,13095.4
2024-09-23,16,PT1H,MC-BajoPutumayo,14205.88,13154.6
2024-09-23,17,PT1H,MC-BajoPutumayo,13982.85,12946.4
2024-09-23,18,PT1H,MC-BajoPutumayo,14069.76,12840.2
2024-09-23,19,PT1H,MC-BajoPutumayo,15559.92,14903.0
2024-09-23,20,PT1H,MC-BajoPutumayo,15081.63,14947.6
2024-09-23,21,PT1H,MC-BajoPutumayo,14150.12,14250.5
2024-09-23,22,PT1H,MC-BajoPutumayo,12647.83,12856.3
2024-09-23,23,PT1H,MC-BajoPutumayo,10751.14,10809.8
2024-09-23,24,PT1H,MC-BajoPutumayo,9287.67,9068.0
2023-04-29,1,PT1H,MC-BajoPutumayo,8074.33,7522.34
2023-04-29,2,PT1H,MC-BajoPutumayo,7530.47,6977.15
2023-04-29,3,PT1H,MC-BajoPutumayo,7210.99,6558.15
2023-04-29,4,PT1H,MC-BajoPutumayo,6943.05,6269.22
2023-04-29,5,PT1H,MC-BajoPutumayo,6776.81,6087.24
2023-04-29,6,PT1H,MC-BajoPutumayo,6920.22,6319.21
2023-04-29,7,PT1H,MC-BajoPutumayo,7310.19,6593.93
2023-04-29,8,PT1H,MC-BajoPutumayo,8346.63,7503.46
2023-04-29,9,PT1H,MC-BajoPutumayo,9716.44,8743.62
2023-04-29,10,PT1H,MC-BajoPutumayo,10342.85,9472.32
2023-04-29,11,PT1H,MC-BajoPutumayo,10696.12,10108.45
2023-04-29,12,PT1H,MC-BajoPutumayo,10917.33,10482.77
2023-04-29,13,PT1H,MC-BajoPutumayo,10938.49,10265.1
2023-04-29,14,PT1H,MC-BajoPutumayo,11135.99,9926.54
2023-04-29,15,PT1H,MC-BajoPutumayo,11522.51,9977.1
2023-04-29,16,PT1H,MC-BajoPutumayo,11916.62,10057.94
2023-04-29,17,PT1H,MC-BajoPutumayo,11901.72,10157.03
2023-04-29,18,PT1H,MC-BajoPutumayo,11614.19,10550.69
2023-04-29,19,PT1H,MC-BajoPutumayo,12916.33,11694.37
2023-04-29,20,PT1H,MC-BajoPutumayo,13225.5,11830.01
2023-04-29,21,PT1H,MC-BajoPutumayo,12445.89,11067.05
2023-04-29,22,PT1H,MC-BajoPutumayo,11148.13,10139.16
2023-04-29,23,PT1H,MC-BajoPutumayo,10170.05,9075.16
2023-04-29,24,PT1H,MC-BajoPutumayo,9024.21,8078.01
2025-06-25,1,PT1H,MC-BajoPutumayo,7783.06,7383.3
2025-06-25,2,PT1H,MC-BajoPutumayo,7395.66,6903.0
2025-06-25,3,PT1H,MC-BajoPutumayo,7155.94,6678.4
2025-06-25,4,PT1H,MC-BajoPutumayo,7019.25,6560.1
2025-06-25,5,PT1H,MC-BajoPutumayo,7032.27,6698.2
2025-06-25,6,PT1H,MC-BajoPutumayo,7421.92,7332.4
2025-06-25,7,PT1H,MC-BajoPutumayo,7897.68,8028.0
2025-06-25,8,PT1H,MC-BajoPutumayo,8773.28,8786.9
2025-06-25,9,PT1H,MC-BajoPutumayo,10401.94,9867.9
2025-06-25,10,PT1H,MC-BajoPutumayo,11199.5,10614.8
2025-06-25,11,PT1H,MC-BajoPutumayo,11797.88,11372.9
2025-06-25,12,PT1H,MC-BajoPutumayo,12335.34,11824.3
2025-06-25,13,PT1H,MC-BajoPutumayo,12030.24,11395.7
2025-06-25,14,PT1H,MC-BajoPutumayo,12078.57,11478.5
2025-06-25,15,PT1H,MC-BajoPutumayo,12570.59,12110.2
2025-06-25,16,PT1H,MC-BajoPutumayo,12792.24,12556.4
2025-06-25,17,PT1H,MC-BajoPutumayo,12841.73,12602.9
2025-06-25,18,PT1H,MC-BajoPutumayo,12716.0,12270.3
2025-06-25,19,PT1H,MC-BajoPutumayo,13582.72,13204.4
2025-06-25,20,PT1H,MC-BajoPutumayo,14135.67,14497.0
2025-06-25,21,PT1H,MC-BajoPutumayo,13327.28,13749.9
2025-06-25,22,PT1H,MC-BajoPutumayo,12095.94,12538.9
2025-06-25,23,PT1H,MC-BajoPutumayo,10631.21,10740.8
2025-06-25,24,PT1H,MC-BajoPutumayo,9276.22,9510.2
2022-12-16,1,PT1H,MC-BajoPutumayo,7379.56,7820.71
2022-12-16,2,PT1H,MC-BajoPutumayo,7008.13,7341.69
2022-12-16,3,PT1H,MC-BajoPutumayo,6671.1,7091.31
2022-12-16,4,PT1H,MC-BajoPutumayo,6635.75,6973.02
2022-12-16,5,PT1H,MC-BajoPutumayo,6603.91,7014.92
2022-12-16,6,PT1H,MC-BajoPutumayo,6836.48,7537.44
2022-12-16,7,PT1H,MC-BajoPutumayo,7093.8,8384.33
2022-12-16,8,PT1H,MC-BajoPutumayo,8496.29,9353.5
2022-12-16,9,PT1H,MC-BajoPutumayo,9933.31,10127.72
2022-12-16,10,PT1H,MC-BajoPutumayo,11047.6,11402.96
2022-12-16,11,PT1H,MC-BajoPutumayo,12262.81,12501.83
2022-12-16,12,PT1H,MC-BajoPutumayo,12983.52,13103.12
2022-12-16,13,PT1H,MC-BajoPutumayo,12575.25,12709.51
2022-12-16,14,PT1H,MC-BajoPutumayo,12705.01,13054.85
2022-12-16,15,PT1H,MC-BajoPutumayo,12852.05,13675.5
2022-12-16,16,PT1H,MC-BajoPutumayo,12931.8,13815.27
2022-12-16,17,PT1H,MC-BajoPutumayo,13016.88,13621.12
2022-12-16,18,PT1H,MC-BajoPutumayo,12256.16,13526.43
2022-12-16,19,PT1H,MC-BajoPutumayo,13151.82,14726.09
2022-12-16,20,PT1H,MC-BajoPutumayo,13341.71,14723.44
2022-12-16,21,PT1H,MC-BajoPutumayo,12603.79,13729.34
2022-12-16,22,PT1H,MC-BajoPutumayo,11561.62,12501.04
2022-12-16,23,PT1H,MC-BajoPutumayo,10045.91,10957.37
2022-12-16,24,PT1H,MC-BajoPutumayo,8830.46,9538.9
2024-06-05,1,PT1H,MC-BajoPutumayo,6716.25,7955.6
2024-06-05,2,PT1H,MC-BajoPutumayo,6345.41,7384.2
2024-06-05,3,PT1H,MC-BajoPutumayo,6211.17,7126.3
2024-06-05,4,PT1H,MC-BajoPutumayo,6114.42,6879.8
2024-06-05,5,PT1H,MC-BajoPutumayo,6277.51,6791.7
2024-06-05,6,PT1H,MC-BajoPutumayo,6990.53,7170.8
2024-06-05,7,PT1H,MC-BajoPutumayo,7627.3,7614.9
2024-06-05,8,PT1H,MC-BajoPutumayo,8212.99,8315.4
2024-06-05,9,PT1H,MC-BajoPutumayo,9047.41,9360.1
2024-06-05,10,PT1H,MC-BajoPutumayo,9547.63,10219.7
2024-06-05,11,PT1H,MC-BajoPutumayo,9859.78,10578.7
2024-06-05,12,PT1H,MC-BajoPutumayo,10122.63,10895.4
2024-06-05,13,PT1H,MC-BajoPutumayo,9694.58,10515.2
2024-06-05,14,PT1H,MC-BajoPutumayo,9666.96,10657.5
2024-06-05,15,PT1H,MC-BajoPutumayo,10185.57,11343.4
2024-06-05,16,PT1H,MC-BajoPutumayo,10231.4,11490.4
2024-06-05,17,PT1H,MC-BajoPutumayo,10362.79,11641.8
2024-06-05,18,PT1H,MC-BajoPutumayo,10700.84,11619.9
2024-06-05,19,PT1H,MC-BajoPutumayo,11912.24,12464.0
2024-06-05,20,PT1H,MC-BajoPutumayo,11836.41,12687.0
2024-06-05,21,PT1H,MC-BajoPutumayo,11019.54,12020.6
2024-06-05,22,PT1H,MC-BajoPutumayo,9741.7,10855.7
2024-06-05,23,PT1H,MC-BajoPutumayo,8248.83,9356.5
2024-06-05,24,PT1H,MC-BajoPutumayo,7061.29,8029.0
2023-08-05,1,PT1H,MC-BajoPutumayo,7750.97,6621.89
2023-08-05,2,PT1H,MC-BajoPutumayo,7259.52,6324.41
2023-08-05,3,PT1H,MC-BajoPutumayo,6925.85,6254.3
2023-08-05,4,PT1H,MC-BajoPutumayo,6733.22,6586.04
2023-08-05,5,PT1H,MC-BajoPutumayo,6700.71,6456.34
2023-08-05,6,PT1H,MC-BajoPutumayo,6965.87,7354.22
2023-08-05,7,PT1H,MC-BajoPutumayo,7295.54,8504.1
2023-08-05,8,PT1H,MC-BajoPutumayo,8336.46,8975.53
2023-08-05,9,PT1H,MC-BajoPutumayo,9553.18,9674.43
2023-08-05,10,PT1H,MC-BajoPutumayo,10242.24,10300.24
2023-08-05,11,PT1H,MC-BajoPutumayo,11004.0,10890.74
2023-08-05,12,PT1H,MC-BajoPutumayo,11632.04,11231.04
2023-08-05,13,PT1H,MC-BajoPutumayo,11731.16,10882.94
2023-08-05,14,PT1H,MC-BajoPutumayo,11622.84,10933.18
2023-08-05,15,PT1H,MC-BajoPutumayo,11733.13,11365.35
2023-08-05,16,PT1H,MC-BajoPutumayo,11960.35,11375.37
2023-08-05,17,PT1H,MC-BajoPutumayo,11836.64,11407.52
2023-08-05,18,PT1H,MC-BajoPutumayo,11574.35,11110.5
2023-08-05,19,PT1H,MC-BajoPutumayo,12686.53,12639.4
2023-08-05,20,PT1H,MC-BajoPutumayo,13187.78,13665.89
2023-08-05,21,PT1H,MC-BajoPutumayo,12407.29,12812.23
2023-08-05,22,PT1H,MC-BajoPutumayo,11584.55,11323.16
2023-08-05,23,PT1H,MC-BajoPutumayo,10225.79,9074.39
2023-08-05,24,PT1H,MC-BajoPutumayo,9068.51,7474.27
2022-04-15,1,PT1H,MC-BajoPutumayo,6767.79,6722.31
2022-04-15,2,PT1H,MC-BajoPutumayo,6352.21,6318.41
2022-04-15,3,PT1H,MC-BajoPutumayo,6050.56,6037.38
2022-04-15,4,PT1H,MC-BajoPutumayo,5805.34,5938.8
2022-04-15,5,PT1H,MC-BajoPutumayo,5807.24,5925.3
2022-04-15,6,PT1H,MC-BajoPutumayo,6030.77,6459.73
2022-04-15,7,PT1H,MC-BajoPutumayo,6099.7,7222.43
2022-04-15,8,PT1H,MC-BajoPutumayo,6631.03,7706.35
2022-04-15,9,PT1H,MC-BajoPutumayo,7494.86,8604.95
2022-04-15,10,PT1H,MC-BajoPutumayo,8080.61,9240.33
2022-04-15,11,PT1H,MC-BajoPutumayo,9117.99,9832.11
2022-04-15,12,PT1H,MC-BajoPutumayo,9414.79,10314.01
2022-04-15,13,PT1H,MC-BajoPutumayo,9588.23,10062.26
2022-04-15,14,PT1H,MC-BajoPutumayo,9519.56,10119.23
2022-04-15,15,PT1H,MC-BajoPutumayo,9574.76,10239.11
2022-04-15,16,PT1H,MC-BajoPutumayo,9510.4,10048.33
2022-04-15,17,PT1H,MC-BajoPutumayo,9505.29,10307.79
2022-04-15,18,PT1H,MC-BajoPutumayo,9532.77,10176.54
2022-04-15,19,PT1H,MC-BajoPutumayo,10800.43,11324.67
2022-04-15,20,PT1H,MC-BajoPutumayo,11374.58,11825.81
2022-04-15,21,PT1H,MC-BajoPutumayo,10974.39,11189.98
2022-04-15,22,PT1H,MC-BajoPutumayo,10040.12,10199.42
2022-04-15,23,PT1H,MC-BajoPutumayo,9260.87,8856.82
2022-04-15,24,PT1H,MC-BajoPutumayo,8145.91,7584.22
2023-09-01,1,PT1H,MC-BajoPutumayo,9065.08,7877.09
2023-09-01,2,PT1H,MC-BajoPutumayo,8471.0,7494.29
2023-09-01,3,PT1H,MC-BajoPutumayo,8127.97,7242.88
2023-09-01,4,PT1H,MC-BajoPutumayo,7908.09,7190.9
2023-09-01,5,PT1H,MC-BajoPutumayo,6055.57,7137.19
2023-09-01,6,PT1H,MC-BajoPutumayo,3985.36,7394.03
2023-09-01,7,PT1H,MC-BajoPutumayo,8878.77,8261.64
2023-09-01,8,PT1H,MC-BajoPutumayo,9872.52,9019.67
2023-09-01,9,PT1H,MC-BajoPutumayo,11183.99,10098.03
2023-09-01,10,PT1H,MC-BajoPutumayo,12033.49,10709.67
2023-09-01,11,PT1H,MC-BajoPutumayo,12762.51,11452.09
2023-09-01,12,PT1H,MC-BajoPutumayo,13437.13,11991.45
2023-09-01,13,PT1H,MC-BajoPutumayo,13221.6,11717.79
2023-09-01,14,PT1H,MC-BajoPutumayo,11524.32,12088.64
2023-09-01,15,PT1H,MC-BajoPutumayo,13045.45,12937.55
2023-09-01,16,PT1H,MC-BajoPutumayo,13764.12,13655.84
2023-09-01,17,PT1H,MC-BajoPutumayo,13308.47,13759.9
2023-09-01,18,PT1H,MC-BajoPutumayo,12719.83,12831.06
2023-09-01,19,PT1H,MC-BajoPutumayo,13881.14,13995.44
2023-09-01,20,PT1H,MC-BajoPutumayo,14389.95,14488.63
2023-09-01,21,PT1H,MC-BajoPutumayo,13493.01,13501.01
2023-09-01,22,PT1H,MC-BajoPutumayo,12247.55,12312.16
2023-09-01,23,PT1H,MC-BajoPutumayo,10844.17,10753.71
2023-09-01,24,PT1H,MC-BajoPutumayo,9499.0,9339.94
2023-04-14,1,PT1H,MC-BajoPutumayo,8536.1,7402.85
2023-04-14,2,PT1H,MC-BajoPutumayo,7886.71,6964.83
2023-04-14,3,PT1H,MC-BajoPutumayo,7385.43,6733.03
2023-04-14,4,PT1H,MC-BajoPutumayo,7150.65,6564.65
2023-04-14,5,PT1H,MC-BajoPutumayo,7002.67,6521.29
2023-04-14,6,PT1H,MC-BajoPutumayo,7621.74,7007.27
2023-04-14,7,PT1H,MC-BajoPutumayo,8320.25,7519.09
2023-04-14,8,PT1H,MC-BajoPutumayo,9175.87,8174.84
2023-04-14,9,PT1H,MC-BajoPutumayo,10062.76,9243.93
2023-04-14,10,PT1H,MC-BajoPutumayo,11050.0,10011.54
2023-04-14,11,PT1H,MC-BajoPutumayo,11990.12,10710.43
2023-04-14,12,PT1H,MC-BajoPutumayo,12616.15,10778.7
2023-04-14,13,PT1H,MC-BajoPutumayo,12320.47,10712.27
2023-04-14,14,PT1H,MC-BajoPutumayo,12664.68,10784.93
2023-04-14,15,PT1H,MC-BajoPutumayo,13506.59,11294.21
2023-04-14,16,PT1H,MC-BajoPutumayo,13486.39,11622.2
2023-04-14,17,PT1H,MC-BajoPutumayo,13281.18,11763.36
2023-04-14,18,PT1H,MC-BajoPutumayo,12905.22,11496.73
2023-04-14,19,PT1H,MC-BajoPutumayo,13908.55,12071.98
2023-04-14,20,PT1H,MC-BajoPutumayo,14258.7,12705.58
2023-04-14,21,PT1H,MC-BajoPutumayo,13412.63,11980.87
2023-04-14,22,PT1H,MC-BajoPutumayo,12392.56,10903.71
2023-04-14,23,PT1H,MC-BajoPutumayo,10835.92,9444.6
2023-04-14,24,PT1H,MC-BajoPutumayo,9520.98,8238.5
2024-10-25,1,PT1H,MC-BajoPutumayo,7675.45,8621.7
2024-10-25,2,PT1H,MC-BajoPutumayo,7568.23,8080.8
2024-10-25,3,PT1H,MC-BajoPutumayo,7395.74,7904.2
2024-10-25,4,PT1H,MC-BajoPutumayo,7285.6,7709.7
2024-10-25,5,PT1H,MC-BajoPutumayo,7554.32,7819.6
2024-10-25,6,PT1H,MC-BajoPutumayo,8076.51,8212.2
2024-10-25,7,PT1H,MC-BajoPutumayo,8750.04,8868.2
2024-10-25,8,PT1H,MC-BajoPutumayo,10224.21,9737.2
2024-10-25,9,PT1H,MC-BajoPutumayo,11482.66,10904.8
2024-10-25,10,PT1H,MC-BajoPutumayo,13028.19,11583.7
2024-10-25,11,PT1H,MC-BajoPutumayo,13139.6,12656.3
2024-10-25,12,PT1H,MC-BajoPutumayo,13868.03,12966.7
2024-10-25,13,PT1H,MC-BajoPutumayo,13708.83,12732.4
2024-10-25,14,PT1H,MC-BajoPutumayo,14679.46,13171.9
2024-10-25,15,PT1H,MC-BajoPutumayo,15364.53,13783.4
2024-10-25,16,PT1H,MC-BajoPutumayo,15352.58,13442.8
2024-10-25,17,PT1H,MC-BajoPutumayo,14928.11,13138.4
2024-10-25,18,PT1H,MC-BajoPutumayo,15135.58,13769.8
2024-10-25,19,PT1H,MC-BajoPutumayo,16277.02,14814.3
2024-10-25,20,PT1H,MC-BajoPutumayo,15447.71,13776.9
2024-10-25,21,PT1H,MC-BajoPutumayo,14439.25,13211.3
2024-10-25,22,PT1H,MC-BajoPutumayo,13148.18,12065.9
2024-10-25,23,PT1H,MC-BajoPutumayo,11669.5,10401.8
2024-10-25,24,PT1H,MC-BajoPutumayo,10373.95,9167.1
2025-11-12,7,PT1H,MC-BajoPutumayo,9417.2,8010.5
2025-11-12,8,PT1H,MC-BajoPutumayo,10333.23,9558.7
2025-11-12,9,PT1H,MC-BajoPutumayo,11426.16,11146.5
2025-11-12,10,PT1H,MC-BajoPutumayo,11912.92,12260.9
2025-11-12,11,PT1H,MC-BajoPutumayo,12915.24,12933.9
2025-11-12,12,PT1H,MC-BajoPutumayo,13672.23,13226.9
2025-11-12,13,PT1H,MC-BajoPutumayo,13377.93,12726.3
2025-11-12,14,PT1H,MC-BajoPutumayo,13958.4,12709.5
2025-11-12,15,PT1H,MC-BajoPutumayo,14950.92,12894.1
2025-11-12,16,PT1H,MC-BajoPutumayo,14937.87,12978.6
2025-11-12,17,PT1H,MC-BajoPutumayo,14535.5,12690.1
2025-11-12,18,PT1H,MC-BajoPutumayo,14709.44,12473.8
2025-11-12,19,PT1H,MC-BajoPutumayo,16415.27,14531.9
2025-11-12,20,PT1H,MC-BajoPutumayo,15956.74,14404.5
2025-11-12,21,PT1H,MC-BajoPutumayo,14828.45,13575.5
2025-11-12,22,PT1H,MC-BajoPutumayo,13336.01,12198.1
2025-11-12,23,PT1H,MC-BajoPutumayo,11425.97,10669.8
2025-11-12,24,PT1H,MC-BajoPutumayo,10022.82,9345.9
2025-11-12,1,PT1H,MC-BajoPutumayo,9159.48,8352.0
2025-11-12,2,PT1H,MC-BajoPutumayo,8579.38,7746.1
2025-11-12,3,PT1H,MC-BajoPutumayo,8286.3,7361.2
2025-11-12,4,PT1H,MC-BajoPutumayo,8144.07,7209.1
2025-11-12,5,PT1H,MC-BajoPutumayo,8225.87,7297.3
2025-11-12,6,PT1H,MC-BajoPutumayo,8756.19,7534.7
2025-07-20,1,PT1H,MC-BajoPutumayo,7378.59,8212.5
2025-07-20,2,PT1H,MC-BajoPutumayo,6897.2,7637.3
2025-07-20,3,PT1H,MC-BajoPutumayo,6612.25,7208.5
2025-07-20,4,PT1H,MC-BajoPutumayo,6405.65,6953.2
2025-07-20,5,PT1H,MC-BajoPutumayo,6298.52,6796.0
2025-07-20,6,PT1H,MC-BajoPutumayo,6429.38,6884.7
2025-07-20,7,PT1H,MC-BajoPutumayo,6681.38,7187.8
2025-07-20,8,PT1H,MC-BajoPutumayo,7691.86,8068.1
2025-07-20,9,PT1H,MC-BajoPutumayo,8846.13,9363.0
2025-07-20,10,PT1H,MC-BajoPutumayo,9594.61,10339.6
2025-07-20,11,PT1H,MC-BajoPutumayo,10254.24,10931.4
2025-07-20,12,PT1H,MC-BajoPutumayo,10948.92,11640.4
2025-07-20,13,PT1H,MC-BajoPutumayo,11214.54,11788.2
2025-07-20,14,PT1H,MC-BajoPutumayo,11158.96,11705.8
2025-07-20,15,PT1H,MC-BajoPutumayo,11150.45,11754.2
2025-07-20,16,PT1H,MC-BajoPutumayo,11157.67,11653.1
2025-07-20,17,PT1H,MC-BajoPutumayo,11092.55,11437.8
2025-07-20,18,PT1H,MC-BajoPutumayo,11000.54,11449.0
2025-07-20,19,PT1H,MC-BajoPutumayo,12287.9,12626.1
2025-07-20,20,PT1H,MC-BajoPutumayo,12865.81,13498.7
2025-07-20,21,PT1H,MC-BajoPutumayo,12292.01,12893.2
2025-07-20,22,PT1H,MC-BajoPutumayo,11224.25,11919.5
2025-07-20,23,PT1H,MC-BajoPutumayo,9781.98,10488.5
2025-07-20,24,PT1H,MC-BajoPutumayo,8457.27,9217.7
2024-03-28,1,PT1H,MC-BajoPutumayo,8396.49,6788.5
2024-03-28,2,PT1H,MC-BajoPutumayo,7832.2,6469.75
2024-03-28,3,PT1H,MC-BajoPutumayo,7528.81,6299.63
2024-03-28,4,PT1H,MC-BajoPutumayo,7335.17,6151.52
2024-03-28,5,PT1H,MC-BajoPutumayo,7314.27,6183.43
2024-03-28,6,PT1H,MC-BajoPutumayo,7346.41,6711.82
2024-03-28,7,PT1H,MC-BajoPutumayo,7436.67,7304.79
2024-03-28,8,PT1H,MC-BajoPutumayo,8396.98,7951.87
2024-03-28,9,PT1H,MC-BajoPutumayo,9552.07,8986.21
2024-03-28,10,PT1H,MC-BajoPutumayo,10516.69,9779.39
2024-03-28,11,PT1H,MC-BajoPutumayo,11149.63,10423.49
2024-03-28,12,PT1H,MC-BajoPutumayo,11946.25,10791.86
2024-03-28,13,PT1H,MC-BajoPutumayo,12259.31,10463.39
2024-03-28,14,PT1H,MC-BajoPutumayo,11973.22,10553.54
2024-03-28,15,PT1H,MC-BajoPutumayo,12048.49,11058.84
2024-03-28,16,PT1H,MC-BajoPutumayo,12056.64,11221.58
2024-03-28,17,PT1H,MC-BajoPutumayo,11993.74,11035.4
2024-03-28,18,PT1H,MC-BajoPutumayo,11928.44,10786.71
2024-03-28,19,PT1H,MC-BajoPutumayo,13031.61,11414.49
2024-03-28,20,PT1H,MC-BajoPutumayo,13198.23,11909.5
2024-03-28,21,PT1H,MC-BajoPutumayo,12529.87,11248.82
2024-03-28,22,PT1H,MC-BajoPutumayo,11048.31,10134.97
2024-03-28,23,PT1H,MC-BajoPutumayo,9741.06,8795.92
2024-03-28,24,PT1H,MC-BajoPutumayo,8791.66,7657.69
2024-11-16,1,PT1H,MC-BajoPutumayo,8542.4,8488.4
2024-11-16,2,PT1H,MC-BajoPutumayo,8134.37,7737.7
2024-11-16,3,PT1H,MC-BajoPutumayo,7657.78,7460.5
2024-11-16,4,PT1H,MC-BajoPutumayo,7723.67,7328.0
2024-11-16,5,PT1H,MC-BajoPutumayo,7756.37,7346.6
2024-11-16,6,PT1H,MC-BajoPutumayo,7817.44,7352.9
2024-11-16,7,PT1H,MC-BajoPutumayo,8672.14,8081.5
2024-11-16,8,PT1H,MC-BajoPutumayo,9997.27,9268.5
2024-11-16,9,PT1H,MC-BajoPutumayo,11286.94,10424.7
2024-11-16,10,PT1H,MC-BajoPutumayo,12089.43,11467.3
2024-11-16,11,PT1H,MC-BajoPutumayo,12372.25,12399.0
2024-11-16,12,PT1H,MC-BajoPutumayo,12851.98,12610.2
2024-11-16,13,PT1H,MC-BajoPutumayo,12678.22,12337.4
2024-11-16,14,PT1H,MC-BajoPutumayo,13066.8,12244.1
2024-11-16,15,PT1H,MC-BajoPutumayo,12907.99,12465.3
2024-11-16,16,PT1H,MC-BajoPutumayo,13211.44,12447.4
2024-11-16,17,PT1H,MC-BajoPutumayo,13154.33,12328.0
2024-11-16,18,PT1H,MC-BajoPutumayo,13868.28,13136.1
2024-11-16,19,PT1H,MC-BajoPutumayo,14976.64,13898.9
2024-11-16,20,PT1H,MC-BajoPutumayo,14379.24,13228.7
2024-11-16,21,PT1H,MC-BajoPutumayo,13192.2,12318.4
2024-11-16,22,PT1H,MC-BajoPutumayo,11463.93,11371.2
2024-11-16,23,PT1H,MC-BajoPutumayo,10122.36,10231.7
2024-11-16,24,PT1H,MC-BajoPutumayo,9045.44,9314.9
2022-10-31,1,PT1H,MC-BajoPutumayo,7440.5,8222.57
2022-10-31,2,PT1H,MC-BajoPutumayo,7059.53,7656.56
2022-10-31,3,PT1H,MC-BajoPutumayo,6864.24,7258.69
2022-10-31,4,PT1H,MC-BajoPutumayo,6757.99,7056.56
2022-10-31,5,PT1H,MC-BajoPutumayo,6815.14,7042.54
2022-10-31,6,PT1H,MC-BajoPutumayo,7217.28,7315.32
2022-10-31,7,PT1H,MC-BajoPutumayo,8024.98,7887.15
2022-10-31,8,PT1H,MC-BajoPutumayo,9001.98,8528.13
2022-10-31,9,PT1H,MC-BajoPutumayo,10153.4,9836.59
2022-10-31,10,PT1H,MC-BajoPutumayo,11275.11,10901.09
2022-10-31,11,PT1H,MC-BajoPutumayo,11852.23,11727.19
2022-10-31,12,PT1H,MC-BajoPutumayo,12293.9,12824.73
2022-10-31,13,PT1H,MC-BajoPutumayo,11941.19,12824.02
2022-10-31,14,PT1H,MC-BajoPutumayo,12076.67,13008.59
2022-10-31,15,PT1H,MC-BajoPutumayo,12766.52,13357.8
2022-10-31,16,PT1H,MC-BajoPutumayo,12723.79,13272.11
2022-10-31,17,PT1H,MC-BajoPutumayo,12652.55,13371.98
2022-10-31,18,PT1H,MC-BajoPutumayo,12498.84,13033.71
2022-10-31,19,PT1H,MC-BajoPutumayo,12842.89,14464.58
2022-10-31,20,PT1H,MC-BajoPutumayo,12961.26,14328.24
2022-10-31,21,PT1H,MC-BajoPutumayo,12080.15,13698.81
2022-10-31,22,PT1H,MC-BajoPutumayo,10781.3,12405.94
2022-10-31,23,PT1H,MC-BajoPutumayo,9411.46,10644.14
2022-10-31,24,PT1H,MC-BajoPutumayo,8406.14,9212.98
2026-01-02,1,PT1H,MC-BajoPutumayo,8217.45,9067.1
2026-01-02,2,PT1H,MC-BajoPutumayo,7874.97,8536.9
2026-01-02,3,PT1H,MC-BajoPutumayo,7661.33,8264.5
2026-01-02,4,PT1H,MC-BajoPutumayo,7509.63,8052.1
2026-01-02,5,PT1H,MC-BajoPutumayo,7446.75,8097.9
2026-01-02,6,PT1H,MC-BajoPutumayo,7557.16,8311.4
2026-01-02,7,PT1H,MC-BajoPutumayo,7934.29,8812.0
2026-01-02,8,PT1H,MC-BajoPutumayo,9175.49,10101.1
2026-01-02,9,PT1H,MC-BajoPutumayo,10856.6,11585.0
2026-01-02,10,PT1H,MC-BajoPutumayo,12215.49,11869.3
2026-01-02,11,PT1H,MC-BajoPutumayo,13013.76,12696.2
2026-01-02,12,PT1H,MC-BajoPutumayo,11119.81,12981.4
2026-01-02,13,PT1H,MC-BajoPutumayo,6070.79,12671.1
2026-01-02,14,PT1H,MC-BajoPutumayo,13609.19,13062.9
2026-01-02,15,PT1H,MC-BajoPutumayo,13886.93,13576.9
2026-01-02,16,PT1H,MC-BajoPutumayo,14098.54,13698.2
2026-01-02,17,PT1H,MC-BajoPutumayo,14247.22,13802.8
2026-01-02,18,PT1H,MC-BajoPutumayo,12945.67,13540.2
2026-01-02,19,PT1H,MC-BajoPutumayo,15173.03,14704.0
2026-01-02,20,PT1H,MC-BajoPutumayo,14960.51,14241.0
2026-01-02,21,PT1H,MC-BajoPutumayo,13774.98,13981.0
2026-01-02,22,PT1H,MC-BajoPutumayo,12484.22,12603.2
2026-01-02,23,PT1H,MC-BajoPutumayo,11055.94,11057.6
2026-01-02,24,PT1H,MC-BajoPutumayo,9856.26,9523.4
2024-02-07,1,PT1H,MC-BajoPutumayo,7574.07,7707.09
2024-02-07,2,PT1H,MC-BajoPutumayo,7159.8,7246.52
2024-02-07,3,PT1H,MC-BajoPutumayo,6952.69,6935.02
2024-02-07,4,PT1H,MC-BajoPutumayo,6848.88,6681.51
2024-02-07,5,PT1H,MC-BajoPutumayo,6969.33,5623.33
2024-02-07,6,PT1H,MC-BajoPutumayo,6390.32,6798.18
2024-02-07,7,PT1H,MC-BajoPutumayo,8467.06,7267.13
2024-02-07,8,PT1H,MC-BajoPutumayo,8953.96,7864.2
2024-02-07,9,PT1H,MC-BajoPutumayo,9887.42,9162.63
2024-02-07,10,PT1H,MC-BajoPutumayo,10637.07,9990.53
2024-02-07,11,PT1H,MC-BajoPutumayo,11497.29,10816.91
2024-02-07,12,PT1H,MC-BajoPutumayo,12132.84,11557.31
2024-02-07,13,PT1H,MC-BajoPutumayo,11870.16,11359.58
2024-02-07,14,PT1H,MC-BajoPutumayo,12128.27,11506.57
2024-02-07,15,PT1H,MC-BajoPutumayo,13089.08,12172.8
2024-02-07,16,PT1H,MC-BajoPutumayo,13223.85,12280.89
2024-02-07,17,PT1H,MC-BajoPutumayo,13258.08,12283.37
2024-02-07,18,PT1H,MC-BajoPutumayo,12975.34,11872.09
2024-02-07,19,PT1H,MC-BajoPutumayo,13441.05,12185.68
2024-02-07,20,PT1H,MC-BajoPutumayo,14270.13,12792.52
2024-02-07,21,PT1H,MC-BajoPutumayo,13484.75,12121.41
2024-02-07,22,PT1H,MC-BajoPutumayo,12288.49,11256.79
2024-02-07,23,PT1H,MC-BajoPutumayo,10446.31,9877.05
2024-02-07,24,PT1H,MC-BajoPutumayo,9030.38,8582.1
2024-03-31,1,PT1H,MC-BajoPutumayo,8903.52,7403.63
2024-03-31,2,PT1H,MC-BajoPutumayo,8282.49,6973.2
2024-03-31,3,PT1H,MC-BajoPutumayo,7856.92,6770.52
2024-03-31,4,PT1H,MC-BajoPutumayo,7638.8,6529.22
2024-03-31,5,PT1H,MC-BajoPutumayo,7498.38,6593.54
2024-03-31,6,PT1H,MC-BajoPutumayo,7504.75,7118.36
2024-03-31,7,PT1H,MC-BajoPutumayo,7607.14,7603.31
2024-03-31,8,PT1H,MC-BajoPutumayo,8380.73,8268.87
2024-03-31,9,PT1H,MC-BajoPutumayo,9361.48,9355.46
2024-03-31,10,PT1H,MC-BajoPutumayo,10155.56,10126.8
2024-03-31,11,PT1H,MC-BajoPutumayo,10691.12,11039.45
2024-03-31,12,PT1H,MC-BajoPutumayo,11079.87,11579.64
2024-03-31,13,PT1H,MC-BajoPutumayo,11286.69,11193.21
2024-03-31,14,PT1H,MC-BajoPutumayo,11181.49,11458.64
2024-03-31,15,PT1H,MC-BajoPutumayo,11258.1,12253.69
2024-03-31,16,PT1H,MC-BajoPutumayo,11238.94,12577.08
2024-03-31,17,PT1H,MC-BajoPutumayo,11206.67,12484.8
2024-03-31,18,PT1H,MC-BajoPutumayo,11386.71,12077.06
2024-03-31,19,PT1H,MC-BajoPutumayo,12560.74,12698.87
2024-03-31,20,PT1H,MC-BajoPutumayo,12932.86,13230.33
2024-03-31,21,PT1H,MC-BajoPutumayo,12547.53,12627.09
2024-03-31,22,PT1H,MC-BajoPutumayo,11807.41,11484.37
2024-03-31,23,PT1H,MC-BajoPutumayo,10621.52,9743.9
2024-03-31,24,PT1H,MC-BajoPutumayo,9421.68,8462.15
2024-03-13,1,PT1H,MC-BajoPutumayo,8226.93,8612.33
2024-03-13,2,PT1H,MC-BajoPutumayo,7824.91,8060.76
2024-03-13,3,PT1H,MC-BajoPutumayo,7607.14,7740.96
2024-03-13,4,PT1H,MC-BajoPutumayo,7403.88,7450.81
2024-03-13,5,PT1H,MC-BajoPutumayo,7436.85,7374.99
2024-03-13,6,PT1H,MC-BajoPutumayo,8091.03,7670.02
2024-03-13,7,PT1H,MC-BajoPutumayo,8704.84,8020.62
2024-03-13,8,PT1H,MC-BajoPutumayo,9471.05,8786.44
2024-03-13,9,PT1H,MC-BajoPutumayo,10595.36,10019.28
2024-03-13,10,PT1H,MC-BajoPutumayo,11182.59,11012.54
2024-03-13,11,PT1H,MC-BajoPutumayo,11839.94,11796.6
2024-03-13,12,PT1H,MC-BajoPutumayo,12315.64,12539.92
2024-03-13,13,PT1H,MC-BajoPutumayo,12054.38,12231.07
2024-03-13,14,PT1H,MC-BajoPutumayo,12274.28,12601.86
2024-03-13,15,PT1H,MC-BajoPutumayo,13040.87,13028.38
2024-03-13,16,PT1H,MC-BajoPutumayo,13278.37,13338.0
2024-03-13,17,PT1H,MC-BajoPutumayo,13202.46,13272.28
2024-03-13,18,PT1H,MC-BajoPutumayo,13038.5,13004.55
2024-03-13,19,PT1H,MC-BajoPutumayo,13982.01,13509.87
2024-03-13,20,PT1H,MC-BajoPutumayo,14517.88,14212.58
2024-03-13,21,PT1H,MC-BajoPutumayo,13613.69,13413.47
2024-03-13,22,PT1H,MC-BajoPutumayo,12491.15,12308.4
2024-03-13,23,PT1H,MC-BajoPutumayo,10816.56,10678.66
2024-03-13,24,PT1H,MC-BajoPutumayo,9179.22,9551.21
2024-09-12,1,PT1H,MC-BajoPutumayo,7878.89,8089.9
2024-09-12,2,PT1H,MC-BajoPutumayo,7420.11,7698.7
2024-09-12,3,PT1H,MC-BajoPutumayo,7127.46,7378.4
2024-09-12,4,PT1H,MC-BajoPutumayo,7007.79,7233.1
2024-09-12,5,PT1H,MC-BajoPutumayo,7163.0,7374.0
2024-09-12,6,PT1H,MC-BajoPutumayo,7770.82,8148.1
2024-09-12,7,PT1H,MC-BajoPutumayo,8303.24,8742.7
2024-09-12,8,PT1H,MC-BajoPutumayo,9248.57,9642.7
2024-09-12,9,PT1H,MC-BajoPutumayo,10458.92,10936.6
2024-09-12,10,PT1H,MC-BajoPutumayo,11601.68,11648.1
2024-09-12,11,PT1H,MC-BajoPutumayo,12479.64,12449.4
2024-09-12,12,PT1H,MC-BajoPutumayo,13203.2,12726.5
2024-09-12,13,PT1H,MC-BajoPutumayo,12900.16,12342.5
2024-09-12,14,PT1H,MC-BajoPutumayo,13888.28,12856.9
2024-09-12,15,PT1H,MC-BajoPutumayo,15001.9,13610.3
2024-09-12,16,PT1H,MC-BajoPutumayo,14916.19,13284.5
2024-09-12,17,PT1H,MC-BajoPutumayo,14648.89,13281.1
2024-09-12,18,PT1H,MC-BajoPutumayo,14498.71,13174.4
2024-09-12,19,PT1H,MC-BajoPutumayo,15870.38,14387.1
2024-09-12,20,PT1H,MC-BajoPutumayo,15386.64,14381.0
2024-09-12,21,PT1H,MC-BajoPutumayo,14374.79,13512.4
2024-09-12,22,PT1H,MC-BajoPutumayo,12955.99,12077.0
2024-09-12,23,PT1H,MC-BajoPutumayo,10842.35,10341.2
2024-09-12,24,PT1H,MC-BajoPutumayo,9597.96,8933.7
2022-12-20,1,PT1H,MC-BajoPutumayo,8224.82,7788.38
2022-12-20,2,PT1H,MC-BajoPutumayo,7765.67,7378.47
2022-12-20,3,PT1H,MC-BajoPutumayo,7644.12,7067.76
2022-12-20,4,PT1H,MC-BajoPutumayo,7338.65,6907.84
2022-12-20,5,PT1H,MC-BajoPutumayo,7411.08,6936.08
2022-12-20,6,PT1H,MC-BajoPutumayo,7276.2,7352.67
2022-12-20,7,PT1H,MC-BajoPutumayo,7056.88,7982.64
2022-12-20,8,PT1H,MC-BajoPutumayo,9002.0,9149.64
2022-12-20,9,PT1H,MC-BajoPutumayo,11297.68,10426.23
2022-12-20,10,PT1H,MC-BajoPutumayo,12212.55,11508.59
2022-12-20,11,PT1H,MC-BajoPutumayo,12941.33,12271.43
2022-12-20,12,PT1H,MC-BajoPutumayo,13779.61,12949.92
2022-12-20,13,PT1H,MC-BajoPutumayo,13203.64,12475.63
2022-12-20,14,PT1H,MC-BajoPutumayo,13212.98,12622.09
2022-12-20,15,PT1H,MC-BajoPutumayo,13833.99,12747.58
2022-12-20,16,PT1H,MC-BajoPutumayo,14020.52,12708.91
2022-12-20,17,PT1H,MC-BajoPutumayo,13892.15,12207.36
2022-12-20,18,PT1H,MC-BajoPutumayo,13430.29,12530.49
2022-12-20,19,PT1H,MC-BajoPutumayo,14336.85,13574.22
2022-12-20,20,PT1H,MC-BajoPutumayo,14728.58,13545.61
2022-12-20,21,PT1H,MC-BajoPutumayo,13763.75,12993.59
2022-12-20,22,PT1H,MC-BajoPutumayo,12711.08,11669.46
2022-12-20,23,PT1H,MC-BajoPutumayo,11230.06,10056.43
2022-12-20,24,PT1H,MC-BajoPutumayo,9430.54,8803.18
2022-05-21,1,PT1H,MC-BajoPutumayo,7006.49,7445.97
2022-05-21,2,PT1H,MC-BajoPutumayo,6621.02,7034.38
2022-05-21,3,PT1H,MC-BajoPutumayo,6397.34,6651.52
2022-05-21,4,PT1H,MC-BajoPutumayo,6340.79,6410.47
2022-05-21,5,PT1H,MC-BajoPutumayo,6238.28,6350.22
2022-05-21,6,PT1H,MC-BajoPutumayo,6360.95,6544.11
2022-05-21,7,PT1H,MC-BajoPutumayo,6745.19,6833.81
2022-05-21,8,PT1H,MC-BajoPutumayo,7898.63,7717.99
2022-05-21,9,PT1H,MC-BajoPutumayo,8768.14,9347.84
2022-05-21,10,PT1H,MC-BajoPutumayo,9405.34,9916.31
2022-05-21,11,PT1H,MC-BajoPutumayo,10041.47,10555.76
2022-05-21,12,PT1H,MC-BajoPutumayo,10551.88,11017.42
2022-05-21,13,PT1H,MC-BajoPutumayo,10505.74,10897.74
2022-05-21,14,PT1H,MC-BajoPutumayo,10096.21,10782.54
2022-05-21,15,PT1H,MC-BajoPutumayo,10309.62,10668.3
2022-05-21,16,PT1H,MC-BajoPutumayo,9757.06,10649.96
2022-05-21,17,PT1H,MC-BajoPutumayo,10745.19,10602.51
2022-05-21,18,PT1H,MC-BajoPutumayo,10428.51,10881.57
2022-05-21,19,PT1H,MC-BajoPutumayo,11688.94,11950.93
2022-05-21,20,PT1H,MC-BajoPutumayo,11877.22,12189.89
2022-05-21,21,PT1H,MC-BajoPutumayo,11088.1,11552.31
2022-05-21,22,PT1H,MC-BajoPutumayo,9968.23,10673.87
2022-05-21,23,PT1H,MC-BajoPutumayo,8651.54,9500.74
2022-05-21,24,PT1H,MC-BajoPutumayo,7589.89,8384.04
2022-07-08,1,PT1H,MC-BajoPutumayo,6822.99,6496.45
2022-07-08,2,PT1H,MC-BajoPutumayo,6534.26,6076.43
2022-07-08,3,PT1H,MC-BajoPutumayo,6156.82,5816.95
2022-07-08,4,PT1H,MC-BajoPutumayo,5784.9,5625.47
2022-07-08,5,PT1H,MC-BajoPutumayo,5732.13,5639.01
2022-07-08,6,PT1H,MC-BajoPutumayo,5763.43,5963.8
2022-07-08,7,PT1H,MC-BajoPutumayo,6668.19,6908.56
2022-07-08,8,PT1H,MC-BajoPutumayo,7824.97,7566.57
2022-07-08,9,PT1H,MC-BajoPutumayo,8947.0,8635.27
2022-07-08,10,PT1H,MC-BajoPutumayo,9712.72,9217.92
2022-07-08,11,PT1H,MC-BajoPutumayo,10235.8,9852.86
2022-07-08,12,PT1H,MC-BajoPutumayo,10915.56,10446.1
2022-07-08,13,PT1H,MC-BajoPutumayo,10761.76,10426.74
2022-07-08,14,PT1H,MC-BajoPutumayo,10825.93,9958.64
2022-07-08,15,PT1H,MC-BajoPutumayo,10951.99,10683.45
2022-07-08,16,PT1H,MC-BajoPutumayo,11120.58,10918.67
2022-07-08,17,PT1H,MC-BajoPutumayo,11185.33,11192.44
2022-07-08,18,PT1H,MC-BajoPutumayo,11323.05,11221.04
2022-07-08,19,PT1H,MC-BajoPutumayo,12160.84,12069.3
2022-07-08,20,PT1H,MC-BajoPutumayo,12577.36,12469.82
2022-07-08,21,PT1H,MC-BajoPutumayo,11564.99,11782.13
2022-07-08,22,PT1H,MC-BajoPutumayo,10700.18,10771.56
2022-07-08,23,PT1H,MC-BajoPutumayo,9225.18,9094.94
2022-07-08,24,PT1H,MC-BajoPutumayo,8090.04,7688.99
2026-01-20,1,PT1H,MC-BajoPutumayo,9023.06,8057.4
2026-01-20,2,PT1H,MC-BajoPutumayo,8591.75,7603.3
2026-01-20,3,PT1H,MC-BajoPutumayo,9442.4,7341.6
2026-01-20,4,PT1H,MC-BajoPutumayo,7946.08,7247.3
2026-01-20,5,PT1H,MC-BajoPutumayo,7916.59,7312.0
2026-01-20,6,PT1H,MC-BajoPutumayo,8205.51,7644.1
2026-01-20,7,PT1H,MC-BajoPutumayo,9109.19,8147.6
2026-01-20,8,PT1H,MC-BajoPutumayo,9494.69,9483.1
2026-01-20,9,PT1H,MC-BajoPutumayo,11107.49,10593.5
2026-01-20,10,PT1H,MC-BajoPutumayo,12195.94,11331.6
2026-01-20,11,PT1H,MC-BajoPutumayo,12959.31,11888.2
2026-01-20,12,PT1H,MC-BajoPutumayo,12580.16,12914.9
2026-01-20,13,PT1H,MC-BajoPutumayo,12503.86,13142.0
2026-01-20,14,PT1H,MC-BajoPutumayo,11933.74,11970.4
2026-01-20,15,PT1H,MC-BajoPutumayo,11805.8,13000.4
2026-01-20,16,PT1H,MC-BajoPutumayo,12058.85,13083.6
2026-01-20,17,PT1H,MC-BajoPutumayo,12365.5,13166.1
2026-01-20,18,PT1H,MC-BajoPutumayo,12595.92,12969.7
2026-01-20,19,PT1H,MC-BajoPutumayo,14234.49,14537.6
2026-01-20,20,PT1H,MC-BajoPutumayo,14054.44,14789.8
2026-01-20,21,PT1H,MC-BajoPutumayo,13231.24,13803.2
2026-01-20,22,PT1H,MC-BajoPutumayo,11815.8,12063.3
2026-01-20,23,PT1H,MC-BajoPutumayo,10252.45,10260.6
2026-01-20,24,PT1H,MC-BajoPutumayo,8970.29,8894.5
2025-06-14,1,PT1H,MC-BajoPutumayo,8967.37,8789.5
2025-06-14,2,PT1H,MC-BajoPutumayo,8348.8,8198.8
2025-06-14,3,PT1H,MC-BajoPutumayo,7963.44,7824.0
2025-06-14,4,PT1H,MC-BajoPutumayo,7745.0,7598.8
2025-06-14,5,PT1H,MC-BajoPutumayo,7579.28,7564.7
2025-06-14,6,PT1H,MC-BajoPutumayo,7833.92,7853.6
2025-06-14,7,PT1H,MC-BajoPutumayo,7366.71,8256.8
2025-06-14,8,PT1H,MC-BajoPutumayo,9326.82,9173.1
2025-06-14,9,PT1H,MC-BajoPutumayo,10386.69,10442.3
2025-06-14,10,PT1H,MC-BajoPutumayo,11021.18,11395.2
2025-06-14,11,PT1H,MC-BajoPutumayo,11393.74,11964.3
2025-06-14,12,PT1H,MC-BajoPutumayo,11806.85,12038.6
2025-06-14,13,PT1H,MC-BajoPutumayo,11963.95,11772.3
2025-06-14,14,PT1H,MC-BajoPutumayo,11810.44,11389.3
2025-06-14,15,PT1H,MC-BajoPutumayo,11964.87,11081.9
2025-06-14,16,PT1H,MC-BajoPutumayo,11924.59,11130.0
2025-06-14,17,PT1H,MC-BajoPutumayo,12256.29,11384.8
2025-06-14,18,PT1H,MC-BajoPutumayo,12334.39,11611.2
2025-06-14,19,PT1H,MC-BajoPutumayo,13093.49,13126.1
2025-06-14,20,PT1H,MC-BajoPutumayo,13110.84,13314.3
2025-06-14,21,PT1H,MC-BajoPutumayo,12455.35,12442.5
2025-06-14,22,PT1H,MC-BajoPutumayo,11453.55,11400.5
2025-06-14,23,PT1H,MC-BajoPutumayo,10264.83,10033.4
2025-06-14,24,PT1H,MC-BajoPutumayo,9126.07,8868.7
2024-10-21,1,PT1H,MC-BajoPutumayo,9468.7,7849.0
2024-10-21,2,PT1H,MC-BajoPutumayo,9057.17,7530.1
2024-10-21,3,PT1H,MC-BajoPutumayo,8782.76,7301.8
2024-10-21,4,PT1H,MC-BajoPutumayo,8715.48,7124.6
2024-10-21,5,PT1H,MC-BajoPutumayo,8930.29,7309.6
2024-10-21,6,PT1H,MC-BajoPutumayo,9239.42,7726.0
2024-10-21,7,PT1H,MC-BajoPutumayo,9636.03,8428.5
2024-10-21,8,PT1H,MC-BajoPutumayo,11024.9,9709.6
2024-10-21,9,PT1H,MC-BajoPutumayo,12422.66,10888.9
2024-10-21,10,PT1H,MC-BajoPutumayo,13604.58,11497.6
2024-10-21,11,PT1H,MC-BajoPutumayo,14414.98,12341.9
2024-10-21,12,PT1H,MC-BajoPutumayo,14642.09,12508.5
2024-10-21,13,PT1H,MC-BajoPutumayo,14459.44,12478.8
2024-10-21,14,PT1H,MC-BajoPutumayo,14971.37,13152.8
2024-10-21,15,PT1H,MC-BajoPutumayo,15782.29,13952.8
2024-10-21,16,PT1H,MC-BajoPutumayo,15573.27,13955.7
2024-10-21,17,PT1H,MC-BajoPutumayo,14350.57,13737.1
2024-10-21,18,PT1H,MC-BajoPutumayo,14319.62,13913.7
2024-10-21,19,PT1H,MC-BajoPutumayo,15873.34,15191.4
2024-10-21,20,PT1H,MC-BajoPutumayo,14779.94,14541.7
2024-10-21,21,PT1H,MC-BajoPutumayo,13083.08,13467.8
2024-10-21,22,PT1H,MC-BajoPutumayo,11348.12,11472.2
2024-10-21,23,PT1H,MC-BajoPutumayo,10297.49,9903.6
2024-10-21,24,PT1H,MC-BajoPutumayo,8981.38,8668.6
2024-10-17,1,PT1H,MC-BajoPutumayo,8971.22,9624.2
2024-10-17,2,PT1H,MC-BajoPutumayo,8490.82,9139.1
2024-10-17,3,PT1H,MC-BajoPutumayo,8176.27,8782.1
2024-10-17,4,PT1H,MC-BajoPutumayo,8014.08,8576.5
2024-10-17,5,PT1H,MC-BajoPutumayo,8144.72,8377.3
2024-10-17,6,PT1H,MC-BajoPutumayo,8611.06,8463.3
2024-10-17,7,PT1H,MC-BajoPutumayo,8993.53,8909.7
2024-10-17,8,PT1H,MC-BajoPutumayo,10198.35,10089.4
2024-10-17,9,PT1H,MC-BajoPutumayo,12036.89,11343.4
2024-10-17,10,PT1H,MC-BajoPutumayo,13061.5,12162.2
2024-10-17,11,PT1H,MC-BajoPutumayo,13985.72,12792.0
2024-10-17,12,PT1H,MC-BajoPutumayo,14054.85,13274.8
2024-10-17,13,PT1H,MC-BajoPutumayo,13981.74,13397.6
2024-10-17,14,PT1H,MC-BajoPutumayo,14743.39,13247.2
2024-10-17,15,PT1H,MC-BajoPutumayo,15304.42,13219.4
2024-10-17,16,PT1H,MC-BajoPutumayo,15300.78,13101.0
2024-10-17,17,PT1H,MC-BajoPutumayo,15238.78,12747.9
2024-10-17,18,PT1H,MC-BajoPutumayo,16413.57,12866.8
2024-10-17,19,PT1H,MC-BajoPutumayo,16934.13,15392.4
2024-10-17,20,PT1H,MC-BajoPutumayo,15940.18,15645.2
2024-10-17,21,PT1H,MC-BajoPutumayo,14630.99,15190.0
2024-10-17,22,PT1H,MC-BajoPutumayo,13109.18,13887.0
2024-10-17,23,PT1H,MC-BajoPutumayo,11432.54,11822.2
2024-10-17,24,PT1H,MC-BajoPutumayo,9991.91,10273.8
2023-10-03,1,PT1H,MC-BajoPutumayo,8977.48,8606.26
2023-10-03,2,PT1H,MC-BajoPutumayo,8357.83,8164.59
2023-10-03,3,PT1H,MC-BajoPutumayo,8020.14,7902.21
2023-10-03,4,PT1H,MC-BajoPutumayo,7794.96,7592.2
2023-10-03,5,PT1H,MC-BajoPutumayo,7784.8,7560.67
2023-10-03,6,PT1H,MC-BajoPutumayo,7944.5,8034.41
2023-10-03,7,PT1H,MC-BajoPutumayo,8207.35,8743.9
2023-10-03,8,PT1H,MC-BajoPutumayo,9815.7,9406.71
2023-10-03,9,PT1H,MC-BajoPutumayo,11013.3,9692.63
2023-10-03,10,PT1H,MC-BajoPutumayo,11833.49,10504.45
2023-10-03,11,PT1H,MC-BajoPutumayo,12700.21,11486.96
2023-10-03,12,PT1H,MC-BajoPutumayo,13272.17,12113.84
2023-10-03,13,PT1H,MC-BajoPutumayo,13004.04,11878.0
2023-10-03,14,PT1H,MC-BajoPutumayo,13239.46,12000.56
2023-10-03,15,PT1H,MC-BajoPutumayo,13995.64,12751.3
2023-10-03,16,PT1H,MC-BajoPutumayo,14030.5,13128.09
2023-10-03,17,PT1H,MC-BajoPutumayo,13920.22,13176.56
2023-10-03,18,PT1H,MC-BajoPutumayo,14537.04,12777.86
2023-10-03,19,PT1H,MC-BajoPutumayo,16025.66,15338.95
2023-10-03,20,PT1H,MC-BajoPutumayo,17022.98,15532.37
2023-10-03,21,PT1H,MC-BajoPutumayo,15043.39,14558.22
2023-10-03,22,PT1H,MC-BajoPutumayo,13787.96,13199.71
2023-10-03,23,PT1H,MC-BajoPutumayo,12193.21,11340.3
2023-10-03,24,PT1H,MC-BajoPutumayo,10629.87,9704.55
2024-02-11,1,PT1H,MC-BajoPutumayo,7768.98,7778.96
2024-02-11,2,PT1H,MC-BajoPutumayo,7283.14,7296.5
2024-02-11,3,PT1H,MC-BajoPutumayo,6899.22,7015.22
2024-02-11,4,PT1H,MC-BajoPutumayo,6751.26,6828.79
2024-02-11,5,PT1H,MC-BajoPutumayo,6661.73,6782.47
2024-02-11,6,PT1H,MC-BajoPutumayo,6719.51,6974.53
2024-02-11,7,PT1H,MC-BajoPutumayo,6896.23,7245.08
2024-02-11,8,PT1H,MC-BajoPutumayo,7815.83,8292.64
2024-02-11,9,PT1H,MC-BajoPutumayo,9027.08,9492.75
2024-02-11,10,PT1H,MC-BajoPutumayo,10083.99,10335.93
2024-02-11,11,PT1H,MC-BajoPutumayo,11119.86,11238.36
2024-02-11,12,PT1H,MC-BajoPutumayo,11799.73,12069.07
2024-02-11,13,PT1H,MC-BajoPutumayo,12138.69,11911.98
2024-02-11,14,PT1H,MC-BajoPutumayo,12007.95,11916.63
2024-02-11,15,PT1H,MC-BajoPutumayo,11985.86,12454.98
2024-02-11,16,PT1H,MC-BajoPutumayo,11972.48,12626.0
2024-02-11,17,PT1H,MC-BajoPutumayo,11857.18,12599.54
2024-02-11,18,PT1H,MC-BajoPutumayo,11703.22,12242.12
2024-02-11,19,PT1H,MC-BajoPutumayo,12488.01,12626.8
2024-02-11,20,PT1H,MC-BajoPutumayo,13540.49,13416.93
2024-02-11,21,PT1H,MC-BajoPutumayo,13258.04,12758.32
2024-02-11,22,PT1H,MC-BajoPutumayo,12499.33,11888.19
2024-02-11,23,PT1H,MC-BajoPutumayo,10759.26,10502.85
2024-02-11,24,PT1H,MC-BajoPutumayo,5882.76,9329.55
2025-09-12,1,PT1H,MC-BajoPutumayo,7764.09,7521.1
2025-09-12,2,PT1H,MC-BajoPutumayo,7322.95,7069.0
2025-09-12,3,PT1H,MC-BajoPutumayo,7048.05,6834.2
2025-09-12,4,PT1H,MC-BajoPutumayo,6937.61,6724.5
2025-09-12,5,PT1H,MC-BajoPutumayo,7082.5,6701.0
2025-09-12,6,PT1H,MC-BajoPutumayo,7580.71,7297.1
2025-09-12,7,PT1H,MC-BajoPutumayo,8316.69,8061.3
2025-09-12,8,PT1H,MC-BajoPutumayo,9389.25,8712.7
2025-09-12,9,PT1H,MC-BajoPutumayo,10851.82,9657.8
2025-09-12,10,PT1H,MC-BajoPutumayo,11659.5,10341.4
2025-09-12,11,PT1H,MC-BajoPutumayo,12436.41,11047.0
2025-09-12,12,PT1H,MC-BajoPutumayo,13223.44,11783.3
2025-09-12,13,PT1H,MC-BajoPutumayo,13145.92,11648.7
2025-09-12,14,PT1H,MC-BajoPutumayo,13603.88,11716.0
2025-09-12,15,PT1H,MC-BajoPutumayo,14655.8,12557.9
2025-09-12,16,PT1H,MC-BajoPutumayo,14555.35,13131.3
2025-09-12,17,PT1H,MC-BajoPutumayo,13543.24,13237.2
2025-09-12,18,PT1H,MC-BajoPutumayo,13619.97,13028.9
2025-09-12,19,PT1H,MC-BajoPutumayo,13213.69,14070.6
2025-09-12,20,PT1H,MC-BajoPutumayo,12502.18,14468.0
2025-09-12,21,PT1H,MC-BajoPutumayo,11690.19,13536.0
2025-09-12,22,PT1H,MC-BajoPutumayo,11008.38,12151.8
2025-09-12,23,PT1H,MC-BajoPutumayo,9517.46,10542.9
2025-09-12,24,PT1H,MC-BajoPutumayo,8415.66,9185.6
2026-02-23,1,PT1H,MC-BajoPutumayo,7383.28,8941.4
2026-02-23,2,PT1H,MC-BajoPutumayo,7166.85,8439.9
2026-02-23,3,PT1H,MC-BajoPutumayo,6852.37,7991.9
2026-02-23,4,PT1H,MC-BajoPutumayo,6823.96,7890.7
2026-02-23,5,PT1H,MC-BajoPutumayo,7097.99,7866.8
2026-02-23,6,PT1H,MC-BajoPutumayo,8145.23,8325.7
2026-02-23,7,PT1H,MC-BajoPutumayo,8742.34,8660.9
2026-02-23,8,PT1H,MC-BajoPutumayo,9385.25,9551.4
2026-02-23,9,PT1H,MC-BajoPutumayo,10727.18,10594.3
2026-02-23,10,PT1H,MC-BajoPutumayo,11478.74,11642.1
2026-02-23,11,PT1H,MC-BajoPutumayo,12736.75,12055.3
2026-02-23,12,PT1H,MC-BajoPutumayo,13512.75,12094.3
2026-02-23,13,PT1H,MC-BajoPutumayo,13042.63,12168.7
2026-02-23,14,PT1H,MC-BajoPutumayo,14216.58,12459.2
2026-02-23,15,PT1H,MC-BajoPutumayo,9345.12,12898.8
2026-02-23,16,PT1H,MC-BajoPutumayo,14960.19,13045.0
2026-02-23,17,PT1H,MC-BajoPutumayo,14803.51,12952.8
2026-02-23,18,PT1H,MC-BajoPutumayo,14528.86,13417.8
2026-02-23,19,PT1H,MC-BajoPutumayo,15194.52,14861.0
2026-02-23,20,PT1H,MC-BajoPutumayo,16074.21,14903.2
2026-02-23,21,PT1H,MC-BajoPutumayo,15062.4,14032.6
2026-02-23,22,PT1H,MC-BajoPutumayo,13543.56,12321.0
2026-02-23,23,PT1H,MC-BajoPutumayo,11650.65,10577.3
2026-02-23,24,PT1H,MC-BajoPutumayo,10244.18,9322.5
2024-12-30,1,PT1H,MC-BajoPutumayo,8781.61,8127.4
2024-12-30,2,PT1H,MC-BajoPutumayo,8220.19,7766.4
2024-12-30,3,PT1H,MC-BajoPutumayo,7776.78,7426.8
2024-12-30,4,PT1H,MC-BajoPutumayo,7639.7,7348.0
2024-12-30,5,PT1H,MC-BajoPutumayo,7678.76,7343.7
2024-12-30,6,PT1H,MC-BajoPutumayo,7829.38,7493.7
2024-12-30,7,PT1H,MC-BajoPutumayo,8305.35,8515.6
2024-12-30,8,PT1H,MC-BajoPutumayo,9000.96,9625.4
2024-12-30,9,PT1H,MC-BajoPutumayo,10502.47,10784.3
2024-12-30,10,PT1H,MC-BajoPutumayo,11084.43,11411.0
2024-12-30,11,PT1H,MC-BajoPutumayo,11478.64,12470.1
2024-12-30,12,PT1H,MC-BajoPutumayo,12048.13,12978.5
2024-12-30,13,PT1H,MC-BajoPutumayo,12212.62,12713.5
2024-12-30,14,PT1H,MC-BajoPutumayo,12385.43,12871.8
2024-12-30,15,PT1H,MC-BajoPutumayo,12989.27,13418.9
2024-12-30,16,PT1H,MC-BajoPutumayo,13360.45,13407.7
2024-12-30,17,PT1H,MC-BajoPutumayo,13358.99,12993.0
2024-12-30,18,PT1H,MC-BajoPutumayo,13235.53,13313.6
2024-12-30,19,PT1H,MC-BajoPutumayo,14189.25,14026.8
2024-12-30,20,PT1H,MC-BajoPutumayo,14711.6,13419.8
2024-12-30,21,PT1H,MC-BajoPutumayo,14147.52,12608.8
2024-12-30,22,PT1H,MC-BajoPutumayo,12885.6,11099.0
2024-12-30,23,PT1H,MC-BajoPutumayo,11569.39,9726.7
2024-12-30,24,PT1H,MC-BajoPutumayo,10177.87,8473.3
2024-03-08,1,PT1H,MC-BajoPutumayo,7266.13,8519.59
2024-03-08,2,PT1H,MC-BajoPutumayo,6931.57,8264.28
2024-03-08,3,PT1H,MC-BajoPutumayo,6780.18,7901.26
2024-03-08,4,PT1H,MC-BajoPutumayo,6562.42,7723.13
2024-03-08,5,PT1H,MC-BajoPutumayo,6655.1,7737.32
2024-03-08,6,PT1H,MC-BajoPutumayo,7119.7,7924.05
2024-03-08,7,PT1H,MC-BajoPutumayo,7803.69,8228.37
2024-03-08,8,PT1H,MC-BajoPutumayo,8710.77,9368.11
2024-03-08,9,PT1H,MC-BajoPutumayo,10058.55,10116.51
2024-03-08,10,PT1H,MC-BajoPutumayo,10822.94,11090.69
2024-03-08,11,PT1H,MC-BajoPutumayo,11471.74,11840.3
2024-03-08,12,PT1H,MC-BajoPutumayo,11862.15,12313.38
2024-03-08,13,PT1H,MC-BajoPutumayo,11738.72,12284.51
2024-03-08,14,PT1H,MC-BajoPutumayo,11991.16,12094.18
2024-03-08,15,PT1H,MC-BajoPutumayo,12684.1,12325.05
2024-03-08,16,PT1H,MC-BajoPutumayo,12646.94,12592.17
2024-03-08,17,PT1H,MC-BajoPutumayo,12200.02,13280.29
2024-03-08,18,PT1H,MC-BajoPutumayo,11891.32,13092.92
2024-03-08,19,PT1H,MC-BajoPutumayo,12633.08,14227.09
2024-03-08,20,PT1H,MC-BajoPutumayo,13353.58,14800.75
2024-03-08,21,PT1H,MC-BajoPutumayo,12428.91,14113.59
2024-03-08,22,PT1H,MC-BajoPutumayo,11302.78,12925.22
2024-03-08,23,PT1H,MC-BajoPutumayo,9876.68,11637.01
2024-03-08,24,PT1H,MC-BajoPutumayo,8738.38,10331.64
2023-04-12,1,PT1H,MC-BajoPutumayo,7909.83,7562.57
2023-04-12,2,PT1H,MC-BajoPutumayo,7446.31,7136.79
2023-04-12,3,PT1H,MC-BajoPutumayo,7234.99,6844.03
2023-04-12,4,PT1H,MC-BajoPutumayo,7003.0,6753.18
2023-04-12,5,PT1H,MC-BajoPutumayo,6951.99,6677.04
2023-04-12,6,PT1H,MC-BajoPutumayo,7494.58,7252.46
2023-04-12,7,PT1H,MC-BajoPutumayo,8103.69,8007.87
2023-04-12,8,PT1H,MC-BajoPutumayo,8750.53,8852.2
2023-04-12,9,PT1H,MC-BajoPutumayo,7141.92,10079.41
2023-04-12,10,PT1H,MC-BajoPutumayo,8207.57,10665.91
2023-04-12,11,PT1H,MC-BajoPutumayo,11126.75,11128.32
2023-04-12,12,PT1H,MC-BajoPutumayo,11815.81,11533.38
2023-04-12,13,PT1H,MC-BajoPutumayo,11307.48,11280.61
2023-04-12,14,PT1H,MC-BajoPutumayo,11774.89,11309.04
2023-04-12,15,PT1H,MC-BajoPutumayo,12865.71,11795.3
2023-04-12,16,PT1H,MC-BajoPutumayo,13259.19,11907.11
2023-04-12,17,PT1H,MC-BajoPutumayo,13129.38,11757.95
2023-04-12,18,PT1H,MC-BajoPutumayo,12722.96,12096.74
2023-04-12,19,PT1H,MC-BajoPutumayo,13627.77,12911.67
2023-04-12,20,PT1H,MC-BajoPutumayo,14072.03,13444.44
2023-04-12,21,PT1H,MC-BajoPutumayo,13241.57,12575.77
2023-04-12,22,PT1H,MC-BajoPutumayo,11958.79,11326.63
2023-04-12,23,PT1H,MC-BajoPutumayo,10136.06,9725.44
2023-04-12,24,PT1H,MC-BajoPutumayo,8846.12,8334.13
2023-01-30,1,PT1H,MC-BajoPutumayo,8535.76,8270.27
2023-01-30,2,PT1H,MC-BajoPutumayo,7997.51,7705.4
2023-01-30,3,PT1H,MC-BajoPutumayo,7654.41,7520.64
2023-01-30,4,PT1H,MC-BajoPutumayo,7455.93,7326.51
2023-01-30,5,PT1H,MC-BajoPutumayo,7432.72,7265.6
2023-01-30,6,PT1H,MC-BajoPutumayo,7898.13,7422.02
2023-01-30,7,PT1H,MC-BajoPutumayo,8325.61,7744.92
2023-01-30,8,PT1H,MC-BajoPutumayo,8985.6,9089.51
2023-01-30,9,PT1H,MC-BajoPutumayo,10529.87,10267.03
2023-01-30,10,PT1H,MC-BajoPutumayo,11554.61,10995.73
2023-01-30,11,PT1H,MC-BajoPutumayo,12506.58,11932.44
2023-01-30,12,PT1H,MC-BajoPutumayo,13121.25,12571.67
2023-01-30,13,PT1H,MC-BajoPutumayo,12980.5,12346.06
2023-01-30,14,PT1H,MC-BajoPutumayo,13216.46,12269.63
2023-01-30,15,PT1H,MC-BajoPutumayo,13881.56,12515.33
2023-01-30,16,PT1H,MC-BajoPutumayo,14055.33,12519.82
2023-01-30,17,PT1H,MC-BajoPutumayo,13894.62,12544.09
2023-01-30,18,PT1H,MC-BajoPutumayo,13137.27,12291.81
2023-01-30,19,PT1H,MC-BajoPutumayo,13897.0,13408.19
2023-01-30,20,PT1H,MC-BajoPutumayo,14587.56,13869.71
2023-01-30,21,PT1H,MC-BajoPutumayo,13804.06,13016.31
2023-01-30,22,PT1H,MC-BajoPutumayo,12674.22,11942.33
2023-01-30,23,PT1H,MC-BajoPutumayo,11161.03,10492.63
2023-01-30,24,PT1H,MC-BajoPutumayo,9610.01,9326.15
2022-09-18,1,PT1H,MC-BajoPutumayo,8167.89,7936.74
2022-09-18,2,PT1H,MC-BajoPutumayo,7602.01,7402.94
2022-09-18,3,PT1H,MC-BajoPutumayo,7073.57,6880.41
2022-09-18,4,PT1H,MC-BajoPutumayo,6784.52,6798.66
2022-09-18,5,PT1H,MC-BajoPutumayo,6593.7,6777.4
2022-09-18,6,PT1H,MC-BajoPutumayo,6534.84,6879.59
2022-09-18,7,PT1H,MC-BajoPutumayo,6859.68,7158.62
2022-09-18,8,PT1H,MC-BajoPutumayo,7926.57,8256.36
2022-09-18,9,PT1H,MC-BajoPutumayo,9114.11,9398.93
2022-09-18,10,PT1H,MC-BajoPutumayo,10363.02,10164.08
2022-09-18,11,PT1H,MC-BajoPutumayo,11058.81,10906.76
2022-09-18,12,PT1H,MC-BajoPutumayo,11509.84,11373.35
2022-09-18,13,PT1H,MC-BajoPutumayo,11795.3,11445.25
2022-09-18,14,PT1H,MC-BajoPutumayo,11777.86,11344.13
2022-09-18,15,PT1H,MC-BajoPutumayo,11867.26,11357.93
2022-09-18,16,PT1H,MC-BajoPutumayo,11696.51,11273.95
2022-09-18,17,PT1H,MC-BajoPutumayo,11659.13,11216.29
2022-09-18,18,PT1H,MC-BajoPutumayo,11570.95,11302.42
2022-09-18,19,PT1H,MC-BajoPutumayo,12950.82,12362.07
2022-09-18,20,PT1H,MC-BajoPutumayo,13503.44,12687.04
2022-09-18,21,PT1H,MC-BajoPutumayo,12983.63,11867.99
2022-09-18,22,PT1H,MC-BajoPutumayo,12095.88,10554.05
2022-09-18,23,PT1H,MC-BajoPutumayo,10561.09,8460.96
2022-09-18,24,PT1H,MC-BajoPutumayo,9145.17,6718.48
2026-01-24,1,PT1H,MC-BajoPutumayo,9060.09,9160.6
2026-01-24,2,PT1H,MC-BajoPutumayo,8560.55,8518.6
2026-01-24,3,PT1H,MC-BajoPutumayo,8193.28,8223.3
2026-01-24,4,PT1H,MC-BajoPutumayo,8118.23,8060.1
2026-01-24,5,PT1H,MC-BajoPutumayo,8146.68,8078.5
2026-01-24,6,PT1H,MC-BajoPutumayo,9199.45,8450.8
2026-01-24,7,PT1H,MC-BajoPutumayo,8384.95,8398.3
2026-01-24,8,PT1H,MC-BajoPutumayo,9781.07,9947.0
2026-01-24,9,PT1H,MC-BajoPutumayo,10798.11,11103.3
2026-01-24,10,PT1H,MC-BajoPutumayo,11388.6,11731.6
2026-01-24,11,PT1H,MC-BajoPutumayo,12416.49,12290.4
2026-01-24,12,PT1H,MC-BajoPutumayo,12069.64,12531.0
2026-01-24,13,PT1H,MC-BajoPutumayo,11668.32,12450.0
2026-01-24,14,PT1H,MC-BajoPutumayo,11287.74,12473.3
2026-01-24,15,PT1H,MC-BajoPutumayo,11480.37,13024.3
2026-01-24,16,PT1H,MC-BajoPutumayo,11905.17,12969.3
2026-01-24,17,PT1H,MC-BajoPutumayo,11858.49,12926.4
2026-01-24,18,PT1H,MC-BajoPutumayo,12295.37,12977.0
2026-01-24,19,PT1H,MC-BajoPutumayo,14042.2,14796.6
2026-01-24,20,PT1H,MC-BajoPutumayo,13979.72,14920.7
2026-01-24,21,PT1H,MC-BajoPutumayo,13097.95,13959.1
2026-01-24,22,PT1H,MC-BajoPutumayo,11994.77,12682.3
2026-01-24,23,PT1H,MC-BajoPutumayo,10659.05,11349.1
2026-01-24,24,PT1H,MC-BajoPutumayo,9529.29,10077.1
2022-11-07,1,PT1H,MC-BajoPutumayo,7853.92,7276.08
2022-11-07,2,PT1H,MC-BajoPutumayo,7274.21,6818.41
2022-11-07,3,PT1H,MC-BajoPutumayo,6940.44,6513.68
2022-11-07,4,PT1H,MC-BajoPutumayo,6733.9,6332.57
2022-11-07,5,PT1H,MC-BajoPutumayo,6679.55,6241.9
2022-11-07,6,PT1H,MC-BajoPutumayo,6863.77,6453.69
2022-11-07,7,PT1H,MC-BajoPutumayo,7290.07,6790.23
2022-11-07,8,PT1H,MC-BajoPutumayo,8362.82,7493.32
2022-11-07,9,PT1H,MC-BajoPutumayo,9746.5,8739.06
2022-11-07,10,PT1H,MC-BajoPutumayo,11040.21,9643.72
2022-11-07,11,PT1H,MC-BajoPutumayo,11848.39,10285.9
2022-11-07,12,PT1H,MC-BajoPutumayo,12504.75,11086.02
2022-11-07,13,PT1H,MC-BajoPutumayo,12372.31,11426.89
2022-11-07,14,PT1H,MC-BajoPutumayo,12238.54,11232.59
2022-11-07,15,PT1H,MC-BajoPutumayo,12256.85,11168.97
2022-11-07,16,PT1H,MC-BajoPutumayo,12119.21,11308.72
2022-11-07,17,PT1H,MC-BajoPutumayo,11982.02,11258.73
2022-11-07,18,PT1H,MC-BajoPutumayo,11943.75,10973.08
2022-11-07,19,PT1H,MC-BajoPutumayo,13666.4,12368.58
2022-11-07,20,PT1H,MC-BajoPutumayo,13862.88,12259.73
2022-11-07,21,PT1H,MC-BajoPutumayo,13056.42,12394.26
2022-11-07,22,PT1H,MC-BajoPutumayo,11690.91,11266.23
2022-11-07,23,PT1H,MC-BajoPutumayo,10136.61,9628.94
2022-11-07,24,PT1H,MC-BajoPutumayo,8960.14,8278.44
2025-04-18,1,PT1H,MC-BajoPutumayo,7647.71,7933.1
2025-04-18,2,PT1H,MC-BajoPutumayo,7221.56,7456.0
2025-04-18,3,PT1H,MC-BajoPutumayo,7013.82,7185.6
2025-04-18,4,PT1H,MC-BajoPutumayo,6842.83,7062.7
2025-04-18,5,PT1H,MC-BajoPutumayo,6740.12,7068.1
2025-04-18,6,PT1H,MC-BajoPutumayo,6799.33,7654.9
2025-04-18,7,PT1H,MC-BajoPutumayo,6930.63,8267.1
2025-04-18,8,PT1H,MC-BajoPutumayo,7716.85,8956.6
2025-04-18,9,PT1H,MC-BajoPutumayo,8463.07,10163.8
2025-04-18,10,PT1H,MC-BajoPutumayo,9328.83,10819.5
2025-04-18,11,PT1H,MC-BajoPutumayo,10153.75,11430.4
2025-04-18,12,PT1H,MC-BajoPutumayo,10838.11,12115.3
2025-04-18,13,PT1H,MC-BajoPutumayo,11153.42,11820.1
2025-04-18,14,PT1H,MC-BajoPutumayo,11134.31,11526.3
2025-04-18,15,PT1H,MC-BajoPutumayo,11205.09,12184.0
2025-04-18,16,PT1H,MC-BajoPutumayo,11166.93,12391.3
2025-04-18,17,PT1H,MC-BajoPutumayo,11085.48,12253.8
2025-04-18,18,PT1H,MC-BajoPutumayo,11126.95,12267.7
2025-04-18,19,PT1H,MC-BajoPutumayo,12369.07,13314.7
2025-04-18,20,PT1H,MC-BajoPutumayo,12970.1,13632.5
2025-04-18,21,PT1H,MC-BajoPutumayo,12529.83,12881.3
2025-04-18,22,PT1H,MC-BajoPutumayo,11767.4,11668.7
2025-04-18,23,PT1H,MC-BajoPutumayo,10673.86,10133.2
2025-04-18,24,PT1H,MC-BajoPutumayo,9644.73,8803.4
2023-06-30,1,PT1H,MC-BajoPutumayo,6481.76,7740.31
2023-06-30,2,PT1H,MC-BajoPutumayo,6119.65,7247.3
2023-06-30,3,PT1H,MC-BajoPutumayo,5906.03,6996.75
2023-06-30,4,PT1H,MC-BajoPutumayo,6009.82,6733.0
2023-06-30,5,PT1H,MC-BajoPutumayo,5884.54,6752.8
2023-06-30,6,PT1H,MC-BajoPutumayo,6139.4,7111.14
2023-06-30,7,PT1H,MC-BajoPutumayo,6580.38,7685.5
2023-06-30,8,PT1H,MC-BajoPutumayo,7699.98,8471.72
2023-06-30,9,PT1H,MC-BajoPutumayo,8845.73,9564.75
2023-06-30,10,PT1H,MC-BajoPutumayo,9428.34,10164.27
2023-06-30,11,PT1H,MC-BajoPutumayo,10046.94,10591.35
2023-06-30,12,PT1H,MC-BajoPutumayo,9831.63,10758.17
2023-06-30,13,PT1H,MC-BajoPutumayo,7643.57,10279.67
2023-06-30,14,PT1H,MC-BajoPutumayo,8075.36,10293.5
2023-06-30,15,PT1H,MC-BajoPutumayo,8609.43,11039.3
2023-06-30,16,PT1H,MC-BajoPutumayo,10949.43,11495.32
2023-06-30,17,PT1H,MC-BajoPutumayo,11951.52,11576.44
2023-06-30,18,PT1H,MC-BajoPutumayo,11612.24,11490.29
2023-06-30,19,PT1H,MC-BajoPutumayo,12674.84,12575.1
2023-06-30,20,PT1H,MC-BajoPutumayo,12671.01,12816.02
2023-06-30,21,PT1H,MC-BajoPutumayo,11880.61,12068.78
2023-06-30,22,PT1H,MC-BajoPutumayo,10626.17,10967.19
2023-06-30,23,PT1H,MC-BajoPutumayo,9185.27,9521.59
2023-06-30,24,PT1H,MC-BajoPutumayo,7870.51,8291.62
2023-06-05,1,PT1H,MC-BajoPutumayo,7290.19,7638.68
2023-06-05,2,PT1H,MC-BajoPutumayo,6714.62,7126.78
2023-06-05,3,PT1H,MC-BajoPutumayo,6430.32,6812.29
2023-06-05,4,PT1H,MC-BajoPutumayo,6425.51,6647.02
2023-06-05,5,PT1H,MC-BajoPutumayo,6564.16,6540.11
2023-06-05,6,PT1H,MC-BajoPutumayo,7130.55,6853.26
2023-06-05,7,PT1H,MC-BajoPutumayo,7894.16,7656.67
2023-06-05,8,PT1H,MC-BajoPutumayo,8520.09,8379.33
2023-06-05,9,PT1H,MC-BajoPutumayo,9348.88,9578.28
2023-06-05,10,PT1H,MC-BajoPutumayo,10124.04,10490.48
2023-06-05,11,PT1H,MC-BajoPutumayo,10359.51,11193.64
2023-06-05,12,PT1H,MC-BajoPutumayo,10812.16,11903.96
2023-06-05,13,PT1H,MC-BajoPutumayo,10293.05,11627.32
2023-06-05,14,PT1H,MC-BajoPutumayo,10499.11,11596.82
2023-06-05,15,PT1H,MC-BajoPutumayo,11062.17,12059.08
2023-06-05,16,PT1H,MC-BajoPutumayo,11336.46,12138.96
2023-06-05,17,PT1H,MC-BajoPutumayo,11524.08,11709.92
2023-06-05,18,PT1H,MC-BajoPutumayo,11475.61,11692.19
2023-06-05,19,PT1H,MC-BajoPutumayo,12515.5,13056.8
2023-06-05,20,PT1H,MC-BajoPutumayo,12905.65,13192.16
2023-06-05,21,PT1H,MC-BajoPutumayo,12122.55,12360.46
2023-06-05,22,PT1H,MC-BajoPutumayo,10900.5,11168.16
2023-06-05,23,PT1H,MC-BajoPutumayo,9268.27,9603.82
2023-06-05,24,PT1H,MC-BajoPutumayo,7867.9,8299.09
2025-07-03,1,PT1H,MC-BajoPutumayo,6627.32,7564.2
2025-07-03,2,PT1H,MC-BajoPutumayo,6270.73,7119.6
2025-07-03,3,PT1H,MC-BajoPutumayo,6099.81,6829.4
2025-07-03,4,PT1H,MC-BajoPutumayo,6044.54,6726.0
2025-07-03,5,PT1H,MC-BajoPutumayo,6079.32,6736.3
2025-07-03,6,PT1H,MC-BajoPutumayo,6414.07,7332.6
2025-07-03,7,PT1H,MC-BajoPutumayo,7027.52,8100.5
2025-07-03,8,PT1H,MC-BajoPutumayo,8074.85,8773.8
2025-07-03,9,PT1H,MC-BajoPutumayo,9136.19,9592.9
2025-07-03,10,PT1H,MC-BajoPutumayo,9549.94,10104.2
2025-07-03,11,PT1H,MC-BajoPutumayo,9998.52,10736.6
2025-07-03,12,PT1H,MC-BajoPutumayo,10527.38,11355.6
2025-07-03,13,PT1H,MC-BajoPutumayo,10381.92,11071.7
2025-07-03,14,PT1H,MC-BajoPutumayo,9958.49,11308.9
2025-07-03,15,PT1H,MC-BajoPutumayo,10010.33,11635.1
2025-07-03,16,PT1H,MC-BajoPutumayo,10035.17,11801.0
2025-07-03,17,PT1H,MC-BajoPutumayo,10212.8,11910.2
2025-07-03,18,PT1H,MC-BajoPutumayo,10781.91,11836.1
2025-07-03,19,PT1H,MC-BajoPutumayo,11688.66,13086.7
2025-07-03,20,PT1H,MC-BajoPutumayo,11816.05,13566.7
2025-07-03,21,PT1H,MC-BajoPutumayo,10733.02,12622.1
2025-07-03,22,PT1H,MC-BajoPutumayo,9470.51,11278.7
2025-07-03,23,PT1H,MC-BajoPutumayo,7959.79,9699.5
2025-07-03,24,PT1H,MC-BajoPutumayo,6968.39,8354.8
2022-08-30,1,PT1H,MC-BajoPutumayo,6296.65,6831.02
2022-08-30,2,PT1H,MC-BajoPutumayo,6024.46,6480.93
2022-08-30,3,PT1H,MC-BajoPutumayo,5897.67,6249.67
2022-08-30,4,PT1H,MC-BajoPutumayo,5817.81,6120.47
2022-08-30,5,PT1H,MC-BajoPutumayo,5964.25,6148.04
2022-08-30,6,PT1H,MC-BajoPutumayo,6685.68,6741.03
2022-08-30,7,PT1H,MC-BajoPutumayo,7635.96,7562.95
2022-08-30,8,PT1H,MC-BajoPutumayo,8380.39,8274.38
2022-08-30,9,PT1H,MC-BajoPutumayo,9080.4,9261.67
2022-08-30,10,PT1H,MC-BajoPutumayo,9399.84,9988.06
2022-08-30,11,PT1H,MC-BajoPutumayo,9896.47,10723.48
2022-08-30,12,PT1H,MC-BajoPutumayo,10230.63,11340.06
2022-08-30,13,PT1H,MC-BajoPutumayo,9777.55,11063.32
2022-08-30,14,PT1H,MC-BajoPutumayo,9774.11,11246.8
2022-08-30,15,PT1H,MC-BajoPutumayo,10278.71,11760.08
2022-08-30,16,PT1H,MC-BajoPutumayo,10584.95,11811.1
2022-08-30,17,PT1H,MC-BajoPutumayo,10650.24,11787.96
2022-08-30,18,PT1H,MC-BajoPutumayo,11154.7,11643.33
2022-08-30,19,PT1H,MC-BajoPutumayo,12525.05,12530.38
2022-08-30,20,PT1H,MC-BajoPutumayo,12518.66,12956.13
2022-08-30,21,PT1H,MC-BajoPutumayo,11684.23,12097.69
2022-08-30,22,PT1H,MC-BajoPutumayo,10439.31,10761.3
2022-08-30,23,PT1H,MC-BajoPutumayo,8738.98,9121.69
2022-08-30,24,PT1H,MC-BajoPutumayo,7431.96,7763.86
2024-01-11,1,PT1H,MC-BajoPutumayo,9190.79,8396.95
2024-01-11,2,PT1H,MC-BajoPutumayo,8655.38,7726.04
2024-01-11,3,PT1H,MC-BajoPutumayo,8303.94,7407.99
2024-01-11,4,PT1H,MC-BajoPutumayo,8002.82,7271.54
2024-01-11,5,PT1H,MC-BajoPutumayo,7881.56,7449.18
2024-01-11,6,PT1H,MC-BajoPutumayo,8064.59,7657.62
2024-01-11,7,PT1H,MC-BajoPutumayo,8290.97,7910.16
2024-01-11,8,PT1H,MC-BajoPutumayo,9317.2,8873.0
2024-01-11,9,PT1H,MC-BajoPutumayo,10635.54,10232.49
2024-01-11,10,PT1H,MC-BajoPutumayo,11674.61,11082.8
2024-01-11,11,PT1H,MC-BajoPutumayo,12821.08,11474.53
2024-01-11,12,PT1H,MC-BajoPutumayo,13691.29,11914.4
2024-01-11,13,PT1H,MC-BajoPutumayo,13415.43,11682.13
2024-01-11,14,PT1H,MC-BajoPutumayo,13488.45,11565.22
2024-01-11,15,PT1H,MC-BajoPutumayo,14168.13,11906.53
2024-01-11,16,PT1H,MC-BajoPutumayo,14153.22,11908.34
2024-01-11,17,PT1H,MC-BajoPutumayo,14061.5,11803.86
2024-01-11,18,PT1H,MC-BajoPutumayo,13530.04,11669.96
2024-01-11,19,PT1H,MC-BajoPutumayo,13873.43,12691.6
2024-01-11,20,PT1H,MC-BajoPutumayo,14605.27,12804.42
2024-01-11,21,PT1H,MC-BajoPutumayo,13847.61,12176.27
2024-01-11,22,PT1H,MC-BajoPutumayo,12967.53,11076.14
2024-01-11,23,PT1H,MC-BajoPutumayo,11397.52,9843.11
2024-01-11,24,PT1H,MC-BajoPutumayo,10077.79,8718.08
2024-04-03,1,PT1H,MC-BajoPutumayo,7726.85,8233.35
2024-04-03,2,PT1H,MC-BajoPutumayo,7267.49,7767.77
2024-04-03,3,PT1H,MC-BajoPutumayo,7020.98,7586.17
2024-04-03,4,PT1H,MC-BajoPutumayo,6882.9,7370.42
2024-04-03,5,PT1H,MC-BajoPutumayo,6969.48,7362.02
2024-04-03,6,PT1H,MC-BajoPutumayo,7710.9,7673.38
2024-04-03,7,PT1H,MC-BajoPutumayo,8327.77,8029.88
2024-04-03,8,PT1H,MC-BajoPutumayo,9014.36,8965.53
2024-04-03,9,PT1H,MC-BajoPutumayo,9946.2,10078.62
2024-04-03,10,PT1H,MC-BajoPutumayo,10469.7,10989.44
2024-04-03,11,PT1H,MC-BajoPutumayo,10910.15,11464.54
2024-04-03,12,PT1H,MC-BajoPutumayo,11451.9,12256.91
2024-04-03,13,PT1H,MC-BajoPutumayo,11093.01,11948.2
2024-04-03,14,PT1H,MC-BajoPutumayo,11188.06,11859.15
2024-04-03,15,PT1H,MC-BajoPutumayo,11976.78,12001.0
2024-04-03,16,PT1H,MC-BajoPutumayo,12508.84,12066.82
2024-04-03,17,PT1H,MC-BajoPutumayo,12630.68,12056.61
2024-04-03,18,PT1H,MC-BajoPutumayo,12409.28,11918.8
2024-04-03,19,PT1H,MC-BajoPutumayo,13413.6,13074.5
2024-04-03,20,PT1H,MC-BajoPutumayo,13926.92,14162.41
2024-04-03,21,PT1H,MC-BajoPutumayo,13234.89,13351.42
2024-04-03,22,PT1H,MC-BajoPutumayo,11993.7,12302.28
2024-04-03,23,PT1H,MC-BajoPutumayo,10364.73,10887.91
2024-04-03,24,PT1H,MC-BajoPutumayo,9039.54,9578.45
2025-01-22,1,PT1H,MC-BajoPutumayo,10001.41,9953.7
2025-01-22,2,PT1H,MC-BajoPutumayo,9338.39,8979.5
2025-01-22,3,PT1H,MC-BajoPutumayo,8783.23,8328.7
2025-01-22,4,PT1H,MC-BajoPutumayo,8555.76,7879.0
2025-01-22,5,PT1H,MC-BajoPutumayo,8480.6,7959.5
2025-01-22,6,PT1H,MC-BajoPutumayo,8614.06,8010.6
2025-01-22,7,PT1H,MC-BajoPutumayo,8914.25,8276.6
2025-01-22,8,PT1H,MC-BajoPutumayo,10062.32,9308.6
2025-01-22,9,PT1H,MC-BajoPutumayo,11761.32,10700.4
2025-01-22,10,PT1H,MC-BajoPutumayo,12814.87,11589.2
2025-01-22,11,PT1H,MC-BajoPutumayo,13730.6,12670.7
2025-01-22,12,PT1H,MC-BajoPutumayo,14522.23,13754.0
2025-01-22,13,PT1H,MC-BajoPutumayo,14231.14,13769.1
2025-01-22,14,PT1H,MC-BajoPutumayo,14363.3,13869.4
2025-01-22,15,PT1H,MC-BajoPutumayo,15167.81,14067.5
2025-01-22,16,PT1H,MC-BajoPutumayo,15456.61,14111.7
2025-01-22,17,PT1H,MC-BajoPutumayo,15343.09,14008.8
2025-01-22,18,PT1H,MC-BajoPutumayo,14912.04,13879.9
2025-01-22,19,PT1H,MC-BajoPutumayo,15358.26,14872.7
2025-01-22,20,PT1H,MC-BajoPutumayo,15792.2,15782.6
2025-01-22,21,PT1H,MC-BajoPutumayo,14895.1,15187.4
2025-01-22,22,PT1H,MC-BajoPutumayo,13740.24,14116.0
2025-01-22,23,PT1H,MC-BajoPutumayo,12135.17,12758.4
2025-01-22,24,PT1H,MC-BajoPutumayo,10423.02,11461.8
2025-11-13,1,PT1H,MC-BajoPutumayo,9000.58,8388.2
2025-11-13,2,PT1H,MC-BajoPutumayo,8566.02,7816.4
2025-11-13,3,PT1H,MC-BajoPutumayo,8258.92,7348.8
2025-11-13,4,PT1H,MC-BajoPutumayo,8135.58,7171.5
2025-11-13,5,PT1H,MC-BajoPutumayo,8173.95,7144.2
2025-11-13,6,PT1H,MC-BajoPutumayo,8822.98,7257.8
2025-11-13,7,PT1H,MC-BajoPutumayo,9512.51,7491.9
2025-11-13,8,PT1H,MC-BajoPutumayo,10434.81,8985.2
2025-11-13,9,PT1H,MC-BajoPutumayo,12015.15,10419.9
2025-11-13,10,PT1H,MC-BajoPutumayo,12898.35,11271.2
2025-11-13,11,PT1H,MC-BajoPutumayo,13456.62,11691.9
2025-11-13,12,PT1H,MC-BajoPutumayo,13224.61,12103.9
2025-11-13,13,PT1H,MC-BajoPutumayo,12888.89,11991.0
2025-11-13,14,PT1H,MC-BajoPutumayo,12389.46,12013.2
2025-11-13,15,PT1H,MC-BajoPutumayo,13425.8,11987.2
2025-11-13,16,PT1H,MC-BajoPutumayo,13364.21,12204.9
2025-11-13,17,PT1H,MC-BajoPutumayo,13360.03,11760.0
2025-11-13,18,PT1H,MC-BajoPutumayo,13851.58,11398.4
2025-11-13,19,PT1H,MC-BajoPutumayo,15725.16,13617.5
2025-11-13,20,PT1H,MC-BajoPutumayo,15222.93,13837.6
2025-11-13,21,PT1H,MC-BajoPutumayo,14100.62,13296.9
2025-11-13,22,PT1H,MC-BajoPutumayo,12695.71,12016.0
2025-11-13,23,PT1H,MC-BajoPutumayo,10926.92,10303.0
2025-11-13,24,PT1H,MC-BajoPutumayo,9639.02,8848.5
2022-01-08,1,PT1H,MC-BajoPutumayo,7423.68,8090.65
2022-01-08,2,PT1H,MC-BajoPutumayo,6789.4,7637.23
2022-01-08,3,PT1H,MC-BajoPutumayo,6907.0,7075.85
2022-01-08,4,PT1H,MC-BajoPutumayo,5700.23,6839.8
2022-01-08,5,PT1H,MC-BajoPutumayo,6430.46,6849.3
2022-01-08,6,PT1H,MC-BajoPutumayo,7028.24,6865.94
2022-01-08,7,PT1H,MC-BajoPutumayo,6234.71,7450.04
2022-01-08,8,PT1H,MC-BajoPutumayo,7153.31,8649.34
2022-01-08,9,PT1H,MC-BajoPutumayo,8570.62,10134.17
2022-01-08,10,PT1H,MC-BajoPutumayo,9615.46,10519.51
2022-01-08,11,PT1H,MC-BajoPutumayo,10587.68,11257.37
2022-01-08,12,PT1H,MC-BajoPutumayo,11000.29,11784.35
2022-01-08,13,PT1H,MC-BajoPutumayo,11397.57,11833.8
2022-01-08,14,PT1H,MC-BajoPutumayo,11491.58,11685.01
2022-01-08,15,PT1H,MC-BajoPutumayo,11651.91,12055.55
2022-01-08,16,PT1H,MC-BajoPutumayo,11780.87,11638.86
2022-01-08,17,PT1H,MC-BajoPutumayo,11568.64,11428.34
2022-01-08,18,PT1H,MC-BajoPutumayo,11418.24,11763.62
2022-01-08,19,PT1H,MC-BajoPutumayo,12646.64,13488.37
2022-01-08,20,PT1H,MC-BajoPutumayo,12991.84,13579.97
2022-01-08,21,PT1H,MC-BajoPutumayo,12096.3,12665.37
2022-01-08,22,PT1H,MC-BajoPutumayo,11567.93,11857.31
2022-01-08,23,PT1H,MC-BajoPutumayo,10256.8,10705.65
2022-01-08,24,PT1H,MC-BajoPutumayo,9047.59,9434.59
2025-09-19,1,PT1H,MC-BajoPutumayo,7706.99,8093.5
2025-09-19,2,PT1H,MC-BajoPutumayo,7260.39,7615.7
2025-09-19,3,PT1H,MC-BajoPutumayo,6995.45,7334.2
2025-09-19,4,PT1H,MC-BajoPutumayo,6838.63,7189.5
2025-09-19,5,PT1H,MC-BajoPutumayo,6981.4,7179.4
2025-09-19,6,PT1H,MC-BajoPutumayo,7605.9,7801.9
2025-09-19,7,PT1H,MC-BajoPutumayo,8424.33,8564.6
2025-09-19,8,PT1H,MC-BajoPutumayo,9420.55,9312.7
2025-09-19,9,PT1H,MC-BajoPutumayo,10934.41,10341.5
2025-09-19,10,PT1H,MC-BajoPutumayo,11854.59,11043.7
2025-09-19,11,PT1H,MC-BajoPutumayo,13582.38,11711.6
2025-09-19,12,PT1H,MC-BajoPutumayo,14100.8,12437.1
2025-09-19,13,PT1H,MC-BajoPutumayo,14011.49,12227.6
2025-09-19,14,PT1H,MC-BajoPutumayo,14303.28,12292.4
2025-09-19,15,PT1H,MC-BajoPutumayo,15546.39,13262.2
2025-09-19,16,PT1H,MC-BajoPutumayo,15052.1,13852.8
2025-09-19,17,PT1H,MC-BajoPutumayo,13373.83,13928.5
2025-09-19,18,PT1H,MC-BajoPutumayo,13869.07,13707.8
2025-09-19,19,PT1H,MC-BajoPutumayo,13088.73,14826.9
2025-09-19,20,PT1H,MC-BajoPutumayo,11329.72,15191.0
2025-09-19,21,PT1H,MC-BajoPutumayo,10618.49,14205.0
2025-09-19,22,PT1H,MC-BajoPutumayo,10809.18,12755.8
2025-09-19,23,PT1H,MC-BajoPutumayo,9459.37,11049.5
2025-09-19,24,PT1H,MC-BajoPutumayo,8347.78,9640.1
2023-11-26,1,PT1H,MC-BajoPutumayo,8580.47,8701.3
2023-11-26,2,PT1H,MC-BajoPutumayo,8011.08,8227.56
2023-11-26,3,PT1H,MC-BajoPutumayo,7581.65,7909.05
2023-11-26,4,PT1H,MC-BajoPutumayo,7368.37,7707.13
2023-11-26,5,PT1H,MC-BajoPutumayo,833.16,0.0
2023-11-26,6,PT1H,MC-BajoPutumayo,0.03,0.0
2023-11-26,7,PT1H,MC-BajoPutumayo,0.03,0.0
2023-11-26,8,PT1H,MC-BajoPutumayo,0.0,0.0
2023-11-26,9,PT1H,MC-BajoPutumayo,0.0,0.0
2023-11-26,10,PT1H,MC-BajoPutumayo,0.0,0.0
2023-11-26,11,PT1H,MC-BajoPutumayo,0.0,0.0
2023-11-26,12,PT1H,MC-BajoPutumayo,0.0,0.0
2023-11-26,13,PT1H,MC-BajoPutumayo,0.0,0.0
2023-11-26,14,PT1H,MC-BajoPutumayo,0.0,0.0
2023-11-26,15,PT1H,MC-BajoPutumayo,0.0,0.0
2023-11-26,16,PT1H,MC-BajoPutumayo,0.0,0.0
2023-11-26,17,PT1H,MC-BajoPutumayo,0.0,11219.02
2023-11-26,18,PT1H,MC-BajoPutumayo,1547.15,11175.21
2023-11-26,19,PT1H,MC-BajoPutumayo,12617.99,12439.02
2023-11-26,20,PT1H,MC-BajoPutumayo,15002.16,12384.92
2023-11-26,21,PT1H,MC-BajoPutumayo,14427.83,11816.36
2023-11-26,22,PT1H,MC-BajoPutumayo,12765.39,10922.32
2023-11-26,23,PT1H,MC-BajoPutumayo,10761.58,9801.56
2023-11-26,24,PT1H,MC-BajoPutumayo,9592.55,8678.25
2025-10-26,15,PT1H,MC-BajoPutumayo,12100.51,11349.6
2025-10-26,16,PT1H,MC-BajoPutumayo,11774.01,12074.1
2025-10-26,17,PT1H,MC-BajoPutumayo,11671.13,11903.6
2025-10-26,18,PT1H,MC-BajoPutumayo,12078.34,12127.4
2025-10-26,19,PT1H,MC-BajoPutumayo,13718.41,13718.9
2025-10-26,20,PT1H,MC-BajoPutumayo,13613.86,13904.7
2025-10-26,21,PT1H,MC-BajoPutumayo,12900.05,13337.6
2025-10-26,22,PT1H,MC-BajoPutumayo,11672.63,12170.9
2025-10-26,23,PT1H,MC-BajoPutumayo,10210.33,10810.8
2025-10-26,24,PT1H,MC-BajoPutumayo,9056.24,9492.4
2025-10-26,1,PT1H,MC-BajoPutumayo,9352.83,9139.7
2025-10-26,2,PT1H,MC-BajoPutumayo,8806.32,8557.1
2025-10-26,3,PT1H,MC-BajoPutumayo,8461.64,8109.7
2025-10-26,4,PT1H,MC-BajoPutumayo,8364.7,7751.2
2025-10-26,5,PT1H,MC-BajoPutumayo,8178.51,7583.6
2025-10-26,6,PT1H,MC-BajoPutumayo,8152.4,7608.6
2025-10-26,7,PT1H,MC-BajoPutumayo,8245.37,7953.6
2025-10-26,8,PT1H,MC-BajoPutumayo,9022.09,8944.7
2025-10-26,9,PT1H,MC-BajoPutumayo,9741.33,10241.0
2025-10-26,10,PT1H,MC-BajoPutumayo,10722.73,11246.7
2025-10-26,11,PT1H,MC-BajoPutumayo,11280.06,11777.2
2025-10-26,12,PT1H,MC-BajoPutumayo,11863.43,12087.8
2025-10-26,13,PT1H,MC-BajoPutumayo,12371.38,12043.0
2025-10-26,14,PT1H,MC-BajoPutumayo,12306.48,11430.7
2023-07-15,1,PT1H,MC-BajoPutumayo,7963.13,7744.4
2023-07-15,2,PT1H,MC-BajoPutumayo,7324.63,7192.88
2023-07-15,3,PT1H,MC-BajoPutumayo,7013.7,6809.81
2023-07-15,4,PT1H,MC-BajoPutumayo,7018.4,6641.91
2023-07-15,5,PT1H,MC-BajoPutumayo,6856.8,6619.97
2023-07-15,6,PT1H,MC-BajoPutumayo,7009.5,6898.2
2023-07-15,7,PT1H,MC-BajoPutumayo,7355.12,7304.26
2023-07-15,8,PT1H,MC-BajoPutumayo,8480.93,8333.71
2023-07-15,9,PT1H,MC-BajoPutumayo,9654.14,9650.84
2023-07-15,10,PT1H,MC-BajoPutumayo,10437.71,10473.39
2023-07-15,11,PT1H,MC-BajoPutumayo,10891.55,10973.78
2023-07-15,12,PT1H,MC-BajoPutumayo,11331.58,11442.64
2023-07-15,13,PT1H,MC-BajoPutumayo,11329.16,11246.16
2023-07-15,14,PT1H,MC-BajoPutumayo,11256.52,11287.89
2023-07-15,15,PT1H,MC-BajoPutumayo,11498.92,11320.64
2023-07-15,16,PT1H,MC-BajoPutumayo,11683.51,11481.79
2023-07-15,17,PT1H,MC-BajoPutumayo,11515.53,11498.69
2023-07-15,18,PT1H,MC-BajoPutumayo,11455.97,11628.48
2023-07-15,19,PT1H,MC-BajoPutumayo,12552.72,13106.47
2023-07-15,20,PT1H,MC-BajoPutumayo,12996.71,13549.94
2023-07-15,21,PT1H,MC-BajoPutumayo,12326.45,12657.03
2023-07-15,22,PT1H,MC-BajoPutumayo,11405.66,11504.6
2023-07-15,23,PT1H,MC-BajoPutumayo,10307.68,10136.93
2023-07-15,24,PT1H,MC-BajoPutumayo,9067.11,8707.26
2025-12-07,1,PT1H,MC-BajoPutumayo,10101.82,8472.8
2025-12-07,2,PT1H,MC-BajoPutumayo,9507.05,7820.9
2025-12-07,3,PT1H,MC-BajoPutumayo,9057.77,7042.1
2025-12-07,4,PT1H,MC-BajoPutumayo,8697.1,6574.0
2025-12-07,5,PT1H,MC-BajoPutumayo,8602.51,6395.4
2025-12-07,6,PT1H,MC-BajoPutumayo,8319.16,6444.7
2025-12-07,7,PT1H,MC-BajoPutumayo,8896.07,7491.5
2025-12-07,8,PT1H,MC-BajoPutumayo,10142.15,9436.6
2025-12-07,9,PT1H,MC-BajoPutumayo,11606.86,10904.2
2025-12-07,10,PT1H,MC-BajoPutumayo,12776.26,11812.7
2025-12-07,11,PT1H,MC-BajoPutumayo,13485.54,12632.6
2025-12-07,12,PT1H,MC-BajoPutumayo,14106.04,13222.6
2025-12-07,13,PT1H,MC-BajoPutumayo,14196.62,13492.4
2025-12-07,14,PT1H,MC-BajoPutumayo,14249.81,13425.9
2025-12-07,15,PT1H,MC-BajoPutumayo,14462.7,14497.0
2025-12-07,16,PT1H,MC-BajoPutumayo,14505.6,14279.9
2025-12-07,17,PT1H,MC-BajoPutumayo,14293.77,13967.0
2025-12-07,18,PT1H,MC-BajoPutumayo,14667.54,13800.2
2025-12-07,19,PT1H,MC-BajoPutumayo,16085.22,15152.7
2025-12-07,20,PT1H,MC-BajoPutumayo,15045.36,14269.5
2025-12-07,21,PT1H,MC-BajoPutumayo,13957.83,13417.1
2025-12-07,22,PT1H,MC-BajoPutumayo,11353.82,11830.7
2025-12-07,23,PT1H,MC-BajoPutumayo,11363.6,10178.5
2025-12-07,24,PT1H,MC-BajoPutumayo,9930.11,8765.5
2023-11-24,1,PT1H,MC-BajoPutumayo,7557.71,7060.64
2023-11-24,2,PT1H,MC-BajoPutumayo,7049.33,6625.15
2023-11-24,3,PT1H,MC-BajoPutumayo,6837.83,6424.99
2023-11-24,4,PT1H,MC-BajoPutumayo,6701.31,6313.95
2023-11-24,5,PT1H,MC-BajoPutumayo,6693.11,6371.55
2023-11-24,6,PT1H,MC-BajoPutumayo,7093.62,6855.81
2023-11-24,7,PT1H,MC-BajoPutumayo,7721.87,7571.54
2023-11-24,8,PT1H,MC-BajoPutumayo,8741.07,8430.99
2023-11-24,9,PT1H,MC-BajoPutumayo,9923.12,9578.16
2023-11-24,10,PT1H,MC-BajoPutumayo,10458.22,10396.59
2023-11-24,11,PT1H,MC-BajoPutumayo,10988.61,11122.18
2023-11-24,12,PT1H,MC-BajoPutumayo,11585.86,11693.6
2023-11-24,13,PT1H,MC-BajoPutumayo,11312.18,11430.53
2023-11-24,14,PT1H,MC-BajoPutumayo,11389.15,11579.83
2023-11-24,15,PT1H,MC-BajoPutumayo,12177.25,12220.61
2023-11-24,16,PT1H,MC-BajoPutumayo,12413.16,12383.38
2023-11-24,17,PT1H,MC-BajoPutumayo,12211.12,12249.7
2023-11-24,18,PT1H,MC-BajoPutumayo,12132.45,11993.12
2023-11-24,19,PT1H,MC-BajoPutumayo,13399.24,13023.17
2023-11-24,20,PT1H,MC-BajoPutumayo,13296.53,12781.13
2023-11-24,21,PT1H,MC-BajoPutumayo,12469.23,11987.36
2023-11-24,22,PT1H,MC-BajoPutumayo,11300.8,10955.1
2023-11-24,23,PT1H,MC-BajoPutumayo,9802.02,9658.64
2023-11-24,24,PT1H,MC-BajoPutumayo,8604.17,8550.3
2023-07-13,1,PT1H,MC-BajoPutumayo,8036.14,7670.24
2023-07-13,2,PT1H,MC-BajoPutumayo,7494.33,7162.09
2023-07-13,3,PT1H,MC-BajoPutumayo,7225.72,6955.39
2023-07-13,4,PT1H,MC-BajoPutumayo,7072.24,6847.34
2023-07-13,5,PT1H,MC-BajoPutumayo,7090.79,6897.19
2023-07-13,6,PT1H,MC-BajoPutumayo,7639.01,7444.62
2023-07-13,7,PT1H,MC-BajoPutumayo,8243.94,8142.77
2023-07-13,8,PT1H,MC-BajoPutumayo,9041.93,9066.72
2023-07-13,9,PT1H,MC-BajoPutumayo,10539.03,10094.0
2023-07-13,10,PT1H,MC-BajoPutumayo,11326.3,10616.92
2023-07-13,11,PT1H,MC-BajoPutumayo,12058.6,10936.72
2023-07-13,12,PT1H,MC-BajoPutumayo,12732.97,11443.73
2023-07-13,13,PT1H,MC-BajoPutumayo,12253.07,11100.31
2023-07-13,14,PT1H,MC-BajoPutumayo,12607.0,11026.2
2023-07-13,15,PT1H,MC-BajoPutumayo,13486.36,11531.25
2023-07-13,16,PT1H,MC-BajoPutumayo,13447.68,11680.0
2023-07-13,17,PT1H,MC-BajoPutumayo,13413.42,11768.8
2023-07-13,18,PT1H,MC-BajoPutumayo,12681.48,11846.79
2023-07-13,19,PT1H,MC-BajoPutumayo,13415.47,12933.43
2023-07-13,20,PT1H,MC-BajoPutumayo,13791.52,13196.12
2023-07-13,21,PT1H,MC-BajoPutumayo,12992.33,12243.97
2023-07-13,22,PT1H,MC-BajoPutumayo,11776.63,10758.49
2023-07-13,23,PT1H,MC-BajoPutumayo,10274.72,8994.32
2023-07-13,24,PT1H,MC-BajoPutumayo,8781.52,7858.89
2024-10-09,1,PT1H,MC-BajoPutumayo,8567.59,7614.9
2024-10-09,2,PT1H,MC-BajoPutumayo,8167.85,7173.4
2024-10-09,3,PT1H,MC-BajoPutumayo,7874.47,7001.4
2024-10-09,4,PT1H,MC-BajoPutumayo,7794.4,6830.6
2024-10-09,5,PT1H,MC-BajoPutumayo,7948.67,6961.8
2024-10-09,6,PT1H,MC-BajoPutumayo,8334.76,7476.0
2024-10-09,7,PT1H,MC-BajoPutumayo,9024.92,7911.4
2024-10-09,8,PT1H,MC-BajoPutumayo,8526.98,6805.2
2024-10-09,9,PT1H,MC-BajoPutumayo,6013.43,5139.5
2024-10-09,10,PT1H,MC-BajoPutumayo,6478.67,5526.8
2024-10-09,11,PT1H,MC-BajoPutumayo,7204.14,5862.9
2024-10-09,12,PT1H,MC-BajoPutumayo,6795.87,6125.4
2024-10-09,13,PT1H,MC-BajoPutumayo,6933.61,6009.6
2024-10-09,14,PT1H,MC-BajoPutumayo,6771.45,6662.6
2024-10-09,15,PT1H,MC-BajoPutumayo,6491.45,7504.6
2024-10-09,16,PT1H,MC-BajoPutumayo,6463.44,7467.9
2024-10-09,17,PT1H,MC-BajoPutumayo,6416.35,7373.6
2024-10-09,18,PT1H,MC-BajoPutumayo,12789.73,7246.6
2024-10-09,19,PT1H,MC-BajoPutumayo,14471.11,14135.0
2024-10-09,20,PT1H,MC-BajoPutumayo,13980.83,13694.6
2024-10-09,21,PT1H,MC-BajoPutumayo,12708.09,12846.2
2024-10-09,22,PT1H,MC-BajoPutumayo,11344.11,11470.3
2024-10-09,23,PT1H,MC-BajoPutumayo,9980.07,9720.3
2024-10-09,24,PT1H,MC-BajoPutumayo,8870.53,8547.3
2024-08-16,1,PT1H,MC-BajoPutumayo,6840.48,6594.4
2024-08-16,2,PT1H,MC-BajoPutumayo,6494.73,6266.0
2024-08-16,3,PT1H,MC-BajoPutumayo,6353.09,6105.8
2024-08-16,4,PT1H,MC-BajoPutumayo,6307.42,6053.8
2024-08-16,5,PT1H,MC-BajoPutumayo,6441.98,6234.0
2024-08-16,6,PT1H,MC-BajoPutumayo,7225.8,6843.6
2024-08-16,7,PT1H,MC-BajoPutumayo,7816.51,7623.6
2024-08-16,8,PT1H,MC-BajoPutumayo,8621.53,8481.0
2024-08-16,9,PT1H,MC-BajoPutumayo,9442.5,9338.1
2024-08-16,10,PT1H,MC-BajoPutumayo,10071.67,10169.2
2024-08-16,11,PT1H,MC-BajoPutumayo,10549.92,11083.3
2024-08-16,12,PT1H,MC-BajoPutumayo,10799.01,11549.5
2024-08-16,13,PT1H,MC-BajoPutumayo,10616.78,11219.1
2024-08-16,14,PT1H,MC-BajoPutumayo,11212.27,11586.1
2024-08-16,15,PT1H,MC-BajoPutumayo,11975.04,12331.7
2024-08-16,16,PT1H,MC-BajoPutumayo,12425.53,12449.9
2024-08-16,17,PT1H,MC-BajoPutumayo,12278.74,12419.6
2024-08-16,18,PT1H,MC-BajoPutumayo,12095.51,12346.2
2024-08-16,19,PT1H,MC-BajoPutumayo,13444.34,13476.9
2024-08-16,20,PT1H,MC-BajoPutumayo,13301.21,13536.9
2024-08-16,21,PT1H,MC-BajoPutumayo,12429.88,12715.4
2024-08-16,22,PT1H,MC-BajoPutumayo,10894.39,11409.4
2024-08-16,23,PT1H,MC-BajoPutumayo,9235.66,9864.1
2024-08-16,24,PT1H,MC-BajoPutumayo,8059.41,8547.2
2025-06-05,1,PT1H,MC-BajoPutumayo,7391.43,7875.7
2025-06-05,2,PT1H,MC-BajoPutumayo,6921.02,7383.8
2025-06-05,3,PT1H,MC-BajoPutumayo,6664.15,7121.0
2025-06-05,4,PT1H,MC-BajoPutumayo,6672.66,6961.4
2025-06-05,5,PT1H,MC-BajoPutumayo,6648.54,7021.6
2025-06-05,6,PT1H,MC-BajoPutumayo,7295.43,7601.9
2025-06-05,7,PT1H,MC-BajoPutumayo,8186.69,8289.7
2025-06-05,8,PT1H,MC-BajoPutumayo,9002.28,8988.5
2025-06-05,9,PT1H,MC-BajoPutumayo,9516.43,9972.8
2025-06-05,10,PT1H,MC-BajoPutumayo,9308.42,10631.8
2025-06-05,11,PT1H,MC-BajoPutumayo,10550.47,11169.8
2025-06-05,12,PT1H,MC-BajoPutumayo,11740.65,11441.9
2025-06-05,13,PT1H,MC-BajoPutumayo,10959.34,11001.8
2025-06-05,14,PT1H,MC-BajoPutumayo,11102.57,10955.8
2025-06-05,15,PT1H,MC-BajoPutumayo,12003.6,11633.4
2025-06-05,16,PT1H,MC-BajoPutumayo,12591.97,11907.9
2025-06-05,17,PT1H,MC-BajoPutumayo,12410.6,11968.6
2025-06-05,18,PT1H,MC-BajoPutumayo,12300.01,11963.3
2025-06-05,19,PT1H,MC-BajoPutumayo,13537.77,13102.0
2025-06-05,20,PT1H,MC-BajoPutumayo,13927.35,13425.6
2025-06-05,21,PT1H,MC-BajoPutumayo,12945.03,12662.7
2025-06-05,22,PT1H,MC-BajoPutumayo,11689.36,11343.4
2025-06-05,23,PT1H,MC-BajoPutumayo,10099.1,9736.6
2025-06-05,24,PT1H,MC-BajoPutumayo,8560.57,8370.3
2025-02-07,1,PT1H,MC-BajoPutumayo,8139.22,8557.1
2025-02-07,2,PT1H,MC-BajoPutumayo,7685.48,8135.9
2025-02-07,3,PT1H,MC-BajoPutumayo,7512.86,7795.1
2025-02-07,4,PT1H,MC-BajoPutumayo,7435.8,7596.4
2025-02-07,5,PT1H,MC-BajoPutumayo,7518.15,7723.7
2025-02-07,6,PT1H,MC-BajoPutumayo,8161.21,7849.2
2025-02-07,7,PT1H,MC-BajoPutumayo,8694.17,8340.8
2025-02-07,8,PT1H,MC-BajoPutumayo,9261.27,9654.8
2025-02-07,9,PT1H,MC-BajoPutumayo,10134.02,10767.8
2025-02-07,10,PT1H,MC-BajoPutumayo,10087.77,11492.2
2025-02-07,11,PT1H,MC-BajoPutumayo,10597.97,12230.0
2025-02-07,12,PT1H,MC-BajoPutumayo,10866.94,12540.9
2025-02-07,13,PT1H,MC-BajoPutumayo,9955.49,12151.9
2025-02-07,14,PT1H,MC-BajoPutumayo,10113.5,12474.7
2025-02-07,15,PT1H,MC-BajoPutumayo,11000.17,12808.3
2025-02-07,16,PT1H,MC-BajoPutumayo,11292.26,13050.6
2025-02-07,17,PT1H,MC-BajoPutumayo,11378.41,12889.0
2025-02-07,18,PT1H,MC-BajoPutumayo,11346.32,12906.4
2025-02-07,19,PT1H,MC-BajoPutumayo,12510.28,13644.5
2025-02-07,20,PT1H,MC-BajoPutumayo,12915.47,13712.7
2025-02-07,21,PT1H,MC-BajoPutumayo,12122.15,12838.2
2025-02-07,22,PT1H,MC-BajoPutumayo,10921.52,11724.4
2025-02-07,23,PT1H,MC-BajoPutumayo,9552.35,10336.4
2025-02-07,24,PT1H,MC-BajoPutumayo,8279.62,9132.8
2025-05-02,1,PT1H,MC-BajoPutumayo,8192.82,7627.9
2025-05-02,2,PT1H,MC-BajoPutumayo,7659.33,7134.0
2025-05-02,3,PT1H,MC-BajoPutumayo,7294.31,6831.5
2025-05-02,4,PT1H,MC-BajoPutumayo,7083.7,6750.0
2025-05-02,5,PT1H,MC-BajoPutumayo,7112.69,6695.8
2025-05-02,6,PT1H,MC-BajoPutumayo,7583.31,6951.3
2025-05-02,7,PT1H,MC-BajoPutumayo,8347.18,7288.3
2025-05-02,8,PT1H,MC-BajoPutumayo,9235.12,8017.5
2025-05-02,9,PT1H,MC-BajoPutumayo,10327.82,8963.0
2025-05-02,10,PT1H,MC-BajoPutumayo,11151.85,9723.3
2025-05-02,11,PT1H,MC-BajoPutumayo,12187.22,10383.9
2025-05-02,12,PT1H,MC-BajoPutumayo,12730.35,11061.9
2025-05-02,13,PT1H,MC-BajoPutumayo,12335.65,11378.9
2025-05-02,14,PT1H,MC-BajoPutumayo,12141.94,11523.0
2025-05-02,15,PT1H,MC-BajoPutumayo,12821.53,12203.4
2025-05-02,16,PT1H,MC-BajoPutumayo,12974.07,12385.5
2025-05-02,17,PT1H,MC-BajoPutumayo,12888.11,12388.1
2025-05-02,18,PT1H,MC-BajoPutumayo,12588.08,12213.9
2025-05-02,19,PT1H,MC-BajoPutumayo,13798.99,13241.1
2025-05-02,20,PT1H,MC-BajoPutumayo,14091.23,13690.5
2025-05-02,21,PT1H,MC-BajoPutumayo,13265.3,12950.9
2025-05-02,22,PT1H,MC-BajoPutumayo,12044.45,11949.7
2025-05-02,23,PT1H,MC-BajoPutumayo,10551.53,10579.0
2025-05-02,24,PT1H,MC-BajoPutumayo,9266.1,9299.1
2023-05-03,1,PT1H,MC-BajoPutumayo,7715.03,7741.92
2023-05-03,2,PT1H,MC-BajoPutumayo,7182.97,7342.47
2023-05-03,3,PT1H,MC-BajoPutumayo,6920.11,7069.4
2023-05-03,4,PT1H,MC-BajoPutumayo,6742.62,6894.61
2023-05-03,5,PT1H,MC-BajoPutumayo,6585.04,6862.88
2023-05-03,6,PT1H,MC-BajoPutumayo,7069.22,7270.32
2023-05-03,7,PT1H,MC-BajoPutumayo,7852.24,7758.67
2023-05-03,8,PT1H,MC-BajoPutumayo,8783.34,8756.73
2023-05-03,9,PT1H,MC-BajoPutumayo,9591.08,9746.07
2023-05-03,10,PT1H,MC-BajoPutumayo,10672.98,10464.09
2023-05-03,11,PT1H,MC-BajoPutumayo,11269.31,10844.72
2023-05-03,12,PT1H,MC-BajoPutumayo,11678.81,11356.59
2023-05-03,13,PT1H,MC-BajoPutumayo,11508.39,11103.78
2023-05-03,14,PT1H,MC-BajoPutumayo,11725.83,11413.5
2023-05-03,15,PT1H,MC-BajoPutumayo,12500.29,12325.98
2023-05-03,16,PT1H,MC-BajoPutumayo,12647.08,12627.64
2023-05-03,17,PT1H,MC-BajoPutumayo,12605.66,12626.3
2023-05-03,18,PT1H,MC-BajoPutumayo,12369.27,12302.51
2023-05-03,19,PT1H,MC-BajoPutumayo,13432.0,13300.18
2023-05-03,20,PT1H,MC-BajoPutumayo,13700.88,13471.12
2023-05-03,21,PT1H,MC-BajoPutumayo,12880.42,12562.21
2023-05-03,22,PT1H,MC-BajoPutumayo,11688.81,11333.29
2023-05-03,23,PT1H,MC-BajoPutumayo,9818.53,9807.54
2023-05-03,24,PT1H,MC-BajoPutumayo,8471.64,8442.19
2025-02-24,1,PT1H,MC-BajoPutumayo,8166.59,8075.8
2025-02-24,2,PT1H,MC-BajoPutumayo,7607.37,7639.3
2025-02-24,3,PT1H,MC-BajoPutumayo,7313.78,7323.7
2025-02-24,4,PT1H,MC-BajoPutumayo,6723.9,7220.5
2025-02-24,5,PT1H,MC-BajoPutumayo,6578.43,7257.7
2025-02-24,6,PT1H,MC-BajoPutumayo,6995.34,7807.9
2025-02-24,7,PT1H,MC-BajoPutumayo,7932.39,8332.9
2025-02-24,8,PT1H,MC-BajoPutumayo,8913.54,9051.3
2025-02-24,9,PT1H,MC-BajoPutumayo,10098.87,10231.1
2025-02-24,10,PT1H,MC-BajoPutumayo,10622.19,10945.1
2025-02-24,11,PT1H,MC-BajoPutumayo,10945.27,11581.7
2025-02-24,12,PT1H,MC-BajoPutumayo,11362.04,11969.0
2025-02-24,13,PT1H,MC-BajoPutumayo,10980.93,11565.2
2025-02-24,14,PT1H,MC-BajoPutumayo,10977.13,11629.1
2025-02-24,15,PT1H,MC-BajoPutumayo,11614.53,12114.6
2025-02-24,16,PT1H,MC-BajoPutumayo,11915.47,12027.6
2025-02-24,17,PT1H,MC-BajoPutumayo,11936.48,12195.9
2025-02-24,18,PT1H,MC-BajoPutumayo,11881.77,12123.1
2025-02-24,19,PT1H,MC-BajoPutumayo,12710.6,12931.2
2025-02-24,20,PT1H,MC-BajoPutumayo,13580.45,13509.5
2025-02-24,21,PT1H,MC-BajoPutumayo,12655.03,12713.9
2025-02-24,22,PT1H,MC-BajoPutumayo,11303.74,11473.6
2025-02-24,23,PT1H,MC-BajoPutumayo,9019.34,9873.8
2025-02-24,24,PT1H,MC-BajoPutumayo,7863.24,8518.1
2024-11-18,1,PT1H,MC-BajoPutumayo,8426.65,8410.3
2024-11-18,2,PT1H,MC-BajoPutumayo,8090.21,8023.2
2024-11-18,3,PT1H,MC-BajoPutumayo,7732.98,7756.7
2024-11-18,4,PT1H,MC-BajoPutumayo,7658.62,7567.0
2024-11-18,5,PT1H,MC-BajoPutumayo,7976.55,7640.3
2024-11-18,6,PT1H,MC-BajoPutumayo,8626.92,7954.0
2024-11-18,7,PT1H,MC-BajoPutumayo,8562.25,8436.6
2024-11-18,8,PT1H,MC-BajoPutumayo,11409.99,9683.4
2024-11-18,9,PT1H,MC-BajoPutumayo,11099.23,10565.3
2024-11-18,10,PT1H,MC-BajoPutumayo,10670.2,11115.1
2024-11-18,11,PT1H,MC-BajoPutumayo,11934.7,11728.6
2024-11-18,12,PT1H,MC-BajoPutumayo,12651.63,11891.6
2024-11-18,13,PT1H,MC-BajoPutumayo,11668.77,11614.4
2024-11-18,14,PT1H,MC-BajoPutumayo,11680.15,11873.3
2024-11-18,15,PT1H,MC-BajoPutumayo,11794.77,12764.1
2024-11-18,16,PT1H,MC-BajoPutumayo,12489.65,12846.5
2024-11-18,17,PT1H,MC-BajoPutumayo,11695.75,12307.3
2024-11-18,18,PT1H,MC-BajoPutumayo,12685.52,13103.1
2024-11-18,19,PT1H,MC-BajoPutumayo,13511.16,14246.2
2024-11-18,20,PT1H,MC-BajoPutumayo,12903.31,13488.2
2024-11-18,21,PT1H,MC-BajoPutumayo,11783.47,12237.6
2024-11-18,22,PT1H,MC-BajoPutumayo,10304.46,10681.0
2024-11-18,23,PT1H,MC-BajoPutumayo,8296.95,9399.3
2024-11-18,24,PT1H,MC-BajoPutumayo,5688.24,8321.2
2022-02-20,1,PT1H,MC-BajoPutumayo,8627.21,7696.56
2022-02-20,2,PT1H,MC-BajoPutumayo,8051.39,7047.06
2022-02-20,3,PT1H,MC-BajoPutumayo,7682.44,6817.01
2022-02-20,4,PT1H,MC-BajoPutumayo,7459.29,6813.47
2022-02-20,5,PT1H,MC-BajoPutumayo,4872.02,6705.24
2022-02-20,6,PT1H,MC-BajoPutumayo,5750.46,6744.87
2022-02-20,7,PT1H,MC-BajoPutumayo,7359.81,7035.65
2022-02-20,8,PT1H,MC-BajoPutumayo,7951.71,7789.04
2022-02-20,9,PT1H,MC-BajoPutumayo,8811.95,8805.68
2022-02-20,10,PT1H,MC-BajoPutumayo,9547.7,9543.13
2022-02-20,11,PT1H,MC-BajoPutumayo,10263.68,10042.88
2022-02-20,12,PT1H,MC-BajoPutumayo,10845.63,10260.0
2022-02-20,13,PT1H,MC-BajoPutumayo,11048.36,10419.45
2022-02-20,14,PT1H,MC-BajoPutumayo,10973.27,10327.47
2022-02-20,15,PT1H,MC-BajoPutumayo,10838.24,10371.48
2022-02-20,16,PT1H,MC-BajoPutumayo,10723.61,10270.0
2022-02-20,17,PT1H,MC-BajoPutumayo,10593.64,9947.75
2022-02-20,18,PT1H,MC-BajoPutumayo,10408.84,10171.65
2022-02-20,19,PT1H,MC-BajoPutumayo,11375.11,11372.49
2022-02-20,20,PT1H,MC-BajoPutumayo,12409.51,12184.39
2022-02-20,21,PT1H,MC-BajoPutumayo,11956.64,11708.68
2022-02-20,22,PT1H,MC-BajoPutumayo,11063.26,10790.47
2022-02-20,23,PT1H,MC-BajoPutumayo,9672.11,9470.52
2022-02-20,24,PT1H,MC-BajoPutumayo,8465.33,8088.06
2025-01-19,1,PT1H,MC-BajoPutumayo,9574.2,9194.2
2025-01-19,2,PT1H,MC-BajoPutumayo,9003.89,8594.3
2025-01-19,3,PT1H,MC-BajoPutumayo,8534.76,8126.1
2025-01-19,4,PT1H,MC-BajoPutumayo,8246.67,7868.4
2025-01-19,5,PT1H,MC-BajoPutumayo,8064.96,7921.2
2025-01-19,6,PT1H,MC-BajoPutumayo,8010.69,7869.9
2025-01-19,7,PT1H,MC-BajoPutumayo,7987.38,7977.2
2025-01-19,8,PT1H,MC-BajoPutumayo,8991.73,8845.8
2025-01-19,9,PT1H,MC-BajoPutumayo,10084.68,10005.2
2025-01-19,10,PT1H,MC-BajoPutumayo,11218.52,11068.6
2025-01-19,11,PT1H,MC-BajoPutumayo,11957.79,11816.8
2025-01-19,12,PT1H,MC-BajoPutumayo,12492.13,12251.1
2025-01-19,13,PT1H,MC-BajoPutumayo,12826.55,12279.7
2025-01-19,14,PT1H,MC-BajoPutumayo,12743.44,12848.6
2025-01-19,15,PT1H,MC-BajoPutumayo,12821.25,13072.4
2025-01-19,16,PT1H,MC-BajoPutumayo,12836.64,13193.8
2025-01-19,17,PT1H,MC-BajoPutumayo,12705.8,12999.4
2025-01-19,18,PT1H,MC-BajoPutumayo,12581.49,13021.0
2025-01-19,19,PT1H,MC-BajoPutumayo,13618.84,14133.1
2025-01-19,20,PT1H,MC-BajoPutumayo,14520.33,14457.7
2025-01-19,21,PT1H,MC-BajoPutumayo,14061.74,13981.0
2025-01-19,22,PT1H,MC-BajoPutumayo,13264.59,13241.4
2025-01-19,23,PT1H,MC-BajoPutumayo,12034.01,11909.7
2025-01-19,24,PT1H,MC-BajoPutumayo,10743.5,10582.2
2022-05-24,1,PT1H,MC-BajoPutumayo,6403.19,6696.98
2022-05-24,2,PT1H,MC-BajoPutumayo,6068.55,6273.61
2022-05-24,3,PT1H,MC-BajoPutumayo,5882.76,6067.25
2022-05-24,4,PT1H,MC-BajoPutumayo,5761.05,5878.61
2022-05-24,5,PT1H,MC-BajoPutumayo,5804.56,5915.36
2022-05-24,6,PT1H,MC-BajoPutumayo,6428.75,6450.44
2022-05-24,7,PT1H,MC-BajoPutumayo,7312.32,7061.5
2022-05-24,8,PT1H,MC-BajoPutumayo,8004.06,7987.52
2022-05-24,9,PT1H,MC-BajoPutumayo,8457.15,8828.12
2022-05-24,10,PT1H,MC-BajoPutumayo,9966.47,9685.56
2022-05-24,11,PT1H,MC-BajoPutumayo,10347.82,10339.43
2022-05-24,12,PT1H,MC-BajoPutumayo,10195.89,10918.4
2022-05-24,13,PT1H,MC-BajoPutumayo,9685.96,10758.85
2022-05-24,14,PT1H,MC-BajoPutumayo,9803.62,10675.58
2022-05-24,15,PT1H,MC-BajoPutumayo,10342.26,11290.25
2022-05-24,16,PT1H,MC-BajoPutumayo,10642.3,11402.98
2022-05-24,17,PT1H,MC-BajoPutumayo,10700.22,11298.08
2022-05-24,18,PT1H,MC-BajoPutumayo,11243.64,11052.08
2022-05-24,19,PT1H,MC-BajoPutumayo,12099.12,12062.86
2022-05-24,20,PT1H,MC-BajoPutumayo,12435.29,12434.87
2022-05-24,21,PT1H,MC-BajoPutumayo,11706.0,11664.7
2022-05-24,22,PT1H,MC-BajoPutumayo,10480.06,10753.33
2022-05-24,23,PT1H,MC-BajoPutumayo,8816.17,9149.8
2022-05-24,24,PT1H,MC-BajoPutumayo,7487.93,7754.43
2024-05-27,1,PT1H,MC-BajoPutumayo,7413.77,7472.22
2024-05-27,2,PT1H,MC-BajoPutumayo,6994.26,7146.87
2024-05-27,3,PT1H,MC-BajoPutumayo,6814.83,7027.27
2024-05-27,4,PT1H,MC-BajoPutumayo,6687.51,6926.95
2024-05-27,5,PT1H,MC-BajoPutumayo,6763.23,6958.41
2024-05-27,6,PT1H,MC-BajoPutumayo,7355.54,7814.78
2024-05-27,7,PT1H,MC-BajoPutumayo,7969.14,8853.06
2024-05-27,8,PT1H,MC-BajoPutumayo,8901.23,9107.1
2024-05-27,9,PT1H,MC-BajoPutumayo,9974.5,9792.0
2024-05-27,10,PT1H,MC-BajoPutumayo,10483.35,10515.5
2024-05-27,11,PT1H,MC-BajoPutumayo,11233.63,11523.58
2024-05-27,12,PT1H,MC-BajoPutumayo,11809.4,11901.24
2024-05-27,13,PT1H,MC-BajoPutumayo,11679.65,11373.94
2024-05-27,14,PT1H,MC-BajoPutumayo,11915.69,11497.12
2024-05-27,15,PT1H,MC-BajoPutumayo,12589.93,11147.46
2024-05-27,16,PT1H,MC-BajoPutumayo,12618.67,10546.26
2024-05-27,17,PT1H,MC-BajoPutumayo,12554.4,10899.71
2024-05-27,18,PT1H,MC-BajoPutumayo,12379.54,11334.56
2024-05-27,19,PT1H,MC-BajoPutumayo,13568.36,13098.46
2024-05-27,20,PT1H,MC-BajoPutumayo,13694.1,13669.06
2024-05-27,21,PT1H,MC-BajoPutumayo,12955.98,12834.15
2024-05-27,22,PT1H,MC-BajoPutumayo,11745.88,11486.28
2024-05-27,23,PT1H,MC-BajoPutumayo,9908.25,9619.26
2024-05-27,24,PT1H,MC-BajoPutumayo,8613.42,7914.32
2023-10-09,1,PT1H,MC-BajoPutumayo,8404.46,8326.35
2023-10-09,2,PT1H,MC-BajoPutumayo,8532.85,7802.31
2023-10-09,3,PT1H,MC-BajoPutumayo,7794.19,7521.73
2023-10-09,4,PT1H,MC-BajoPutumayo,7072.43,7385.57
2023-10-09,5,PT1H,MC-BajoPutumayo,7033.95,7351.78
2023-10-09,6,PT1H,MC-BajoPutumayo,7156.13,7833.45
2023-10-09,7,PT1H,MC-BajoPutumayo,7777.74,8542.38
2023-10-09,8,PT1H,MC-BajoPutumayo,9120.96,9531.89
2023-10-09,9,PT1H,MC-BajoPutumayo,10660.11,11019.1
2023-10-09,10,PT1H,MC-BajoPutumayo,11301.48,11976.17
2023-10-09,11,PT1H,MC-BajoPutumayo,12277.14,12674.83
2023-10-09,12,PT1H,MC-BajoPutumayo,12984.84,13326.91
2023-10-09,13,PT1H,MC-BajoPutumayo,13033.45,12812.48
2023-10-09,14,PT1H,MC-BajoPutumayo,13405.96,12729.1
2023-10-09,15,PT1H,MC-BajoPutumayo,14218.42,13398.89
2023-10-09,16,PT1H,MC-BajoPutumayo,14276.81,13117.59
2023-10-09,17,PT1H,MC-BajoPutumayo,13873.95,13352.57
2023-10-09,18,PT1H,MC-BajoPutumayo,13747.67,13195.05
2023-10-09,19,PT1H,MC-BajoPutumayo,14750.62,14349.78
2023-10-09,20,PT1H,MC-BajoPutumayo,14516.29,14589.02
2023-10-09,21,PT1H,MC-BajoPutumayo,13506.7,13545.09
2023-10-09,22,PT1H,MC-BajoPutumayo,12360.65,12346.72
2023-10-09,23,PT1H,MC-BajoPutumayo,10780.44,10453.73
2023-10-09,24,PT1H,MC-BajoPutumayo,9707.3,9014.8
2026-02-25,1,PT1H,MC-BajoPutumayo,8074.98,7856.3
2026-02-25,2,PT1H,MC-BajoPutumayo,7607.56,7976.0
2026-02-25,3,PT1H,MC-BajoPutumayo,7282.85,7361.0
2026-02-25,4,PT1H,MC-BajoPutumayo,7435.49,6997.6
2026-02-25,5,PT1H,MC-BajoPutumayo,7282.27,7332.3
2026-02-25,6,PT1H,MC-BajoPutumayo,7810.14,7958.9
2026-02-25,7,PT1H,MC-BajoPutumayo,9498.33,8698.1
2026-02-25,8,PT1H,MC-BajoPutumayo,9199.13,9664.3
2026-02-25,9,PT1H,MC-BajoPutumayo,10153.18,10635.6
2026-02-25,10,PT1H,MC-BajoPutumayo,10834.46,11373.5
2026-02-25,11,PT1H,MC-BajoPutumayo,11160.34,12030.1
2026-02-25,12,PT1H,MC-BajoPutumayo,11604.56,12621.0
2026-02-25,13,PT1H,MC-BajoPutumayo,11511.39,12348.2
2026-02-25,14,PT1H,MC-BajoPutumayo,11833.85,13380.3
2026-02-25,15,PT1H,MC-BajoPutumayo,12877.71,13877.8
2026-02-25,16,PT1H,MC-BajoPutumayo,13415.45,13882.2
2026-02-25,17,PT1H,MC-BajoPutumayo,13547.33,13732.1
2026-02-25,18,PT1H,MC-BajoPutumayo,13206.9,13501.9
2026-02-25,19,PT1H,MC-BajoPutumayo,14111.64,15172.9
2026-02-25,20,PT1H,MC-BajoPutumayo,15208.56,15049.2
2026-02-25,21,PT1H,MC-BajoPutumayo,14301.88,13999.7
2026-02-25,22,PT1H,MC-BajoPutumayo,12817.24,12217.9
2026-02-25,23,PT1H,MC-BajoPutumayo,10894.05,10389.8
2026-02-25,24,PT1H,MC-BajoPutumayo,9411.35,9088.9
2022-08-06,1,PT1H,MC-BajoPutumayo,6165.78,7086.24
2022-08-06,2,PT1H,MC-BajoPutumayo,5756.13,6611.45
2022-08-06,3,PT1H,MC-BajoPutumayo,5511.19,6324.11
2022-08-06,4,PT1H,MC-BajoPutumayo,5376.43,6156.07
2022-08-06,5,PT1H,MC-BajoPutumayo,5343.15,6106.32
2022-08-06,6,PT1H,MC-BajoPutumayo,5673.07,6384.99
2022-08-06,7,PT1H,MC-BajoPutumayo,6197.17,6769.59
2022-08-06,8,PT1H,MC-BajoPutumayo,7358.73,7834.33
2022-08-06,9,PT1H,MC-BajoPutumayo,8493.14,9076.57
2022-08-06,10,PT1H,MC-BajoPutumayo,9294.89,9867.52
2022-08-06,11,PT1H,MC-BajoPutumayo,9651.72,10456.0
2022-08-06,12,PT1H,MC-BajoPutumayo,10264.95,10925.21
2022-08-06,13,PT1H,MC-BajoPutumayo,10549.86,10710.66
2022-08-06,14,PT1H,MC-BajoPutumayo,10523.7,10636.32
2022-08-06,15,PT1H,MC-BajoPutumayo,10849.83,10742.32
2022-08-06,16,PT1H,MC-BajoPutumayo,10990.9,10613.85
2022-08-06,17,PT1H,MC-BajoPutumayo,11015.86,10735.21
2022-08-06,18,PT1H,MC-BajoPutumayo,10780.71,10717.86
2022-08-06,19,PT1H,MC-BajoPutumayo,11799.05,11727.52
2022-08-06,20,PT1H,MC-BajoPutumayo,12510.71,12305.82
2022-08-06,21,PT1H,MC-BajoPutumayo,11741.94,11589.62
2022-08-06,22,PT1H,MC-BajoPutumayo,10677.08,10577.77
2022-08-06,23,PT1H,MC-BajoPutumayo,9280.3,9342.52
2022-08-06,24,PT1H,MC-BajoPutumayo,8020.73,8264.43
2023-02-14,1,PT1H,MC-BajoPutumayo,7253.73,7148.01
2023-02-14,2,PT1H,MC-BajoPutumayo,7052.95,6728.51
2023-02-14,3,PT1H,MC-BajoPutumayo,6789.71,6526.76
2023-02-14,4,PT1H,MC-BajoPutumayo,6658.98,6409.29
2023-02-14,5,PT1H,MC-BajoPutumayo,6718.67,6421.83
2023-02-14,6,PT1H,MC-BajoPutumayo,7174.65,6834.6
2023-02-14,7,PT1H,MC-BajoPutumayo,7693.27,7366.7
2023-02-14,8,PT1H,MC-BajoPutumayo,8898.18,8318.29
2023-02-14,9,PT1H,MC-BajoPutumayo,10070.31,9486.49
2023-02-14,10,PT1H,MC-BajoPutumayo,10558.24,10266.76
2023-02-14,11,PT1H,MC-BajoPutumayo,11099.24,10859.68
2023-02-14,12,PT1H,MC-BajoPutumayo,11691.64,11394.33
2023-02-14,13,PT1H,MC-BajoPutumayo,11096.3,11003.38
2023-02-14,14,PT1H,MC-BajoPutumayo,11112.09,10944.88
2023-02-14,15,PT1H,MC-BajoPutumayo,11409.23,11481.62
2023-02-14,16,PT1H,MC-BajoPutumayo,11628.67,11619.28
2023-02-14,17,PT1H,MC-BajoPutumayo,11519.13,11669.89
2023-02-14,18,PT1H,MC-BajoPutumayo,11325.13,11532.69
2023-02-14,19,PT1H,MC-BajoPutumayo,12387.86,12374.94
2023-02-14,20,PT1H,MC-BajoPutumayo,13009.85,12889.86
2023-02-14,21,PT1H,MC-BajoPutumayo,12151.45,12098.91
2023-02-14,22,PT1H,MC-BajoPutumayo,10785.12,11061.88
2023-02-14,23,PT1H,MC-BajoPutumayo,9260.92,9541.28
2023-02-14,24,PT1H,MC-BajoPutumayo,8082.63,8171.34
2024-03-26,1,PT1H,MC-BajoPutumayo,8932.34,8002.85
2024-03-26,2,PT1H,MC-BajoPutumayo,8386.98,7603.01
2024-03-26,3,PT1H,MC-BajoPutumayo,8100.77,7382.61
2024-03-26,4,PT1H,MC-BajoPutumayo,7889.51,7245.26
2024-03-26,5,PT1H,MC-BajoPutumayo,7863.11,7298.75
2024-03-26,6,PT1H,MC-BajoPutumayo,8138.42,7903.7
2024-03-26,7,PT1H,MC-BajoPutumayo,8348.68,8450.73
2024-03-26,8,PT1H,MC-BajoPutumayo,9517.24,9017.63
2024-03-26,9,PT1H,MC-BajoPutumayo,10988.67,10297.62
2024-03-26,10,PT1H,MC-BajoPutumayo,11721.67,10890.53
2024-03-26,11,PT1H,MC-BajoPutumayo,12662.29,11697.17
2024-03-26,12,PT1H,MC-BajoPutumayo,13099.87,12302.06
2024-03-26,13,PT1H,MC-BajoPutumayo,13476.73,12030.54
2024-03-26,14,PT1H,MC-BajoPutumayo,13373.07,12028.27
2024-03-26,15,PT1H,MC-BajoPutumayo,14120.93,12622.75
2024-03-26,16,PT1H,MC-BajoPutumayo,14466.78,12855.63
2024-03-26,17,PT1H,MC-BajoPutumayo,13739.52,12623.18
2024-03-26,18,PT1H,MC-BajoPutumayo,13149.89,12499.42
2024-03-26,19,PT1H,MC-BajoPutumayo,10090.08,13290.99
2024-03-26,20,PT1H,MC-BajoPutumayo,14037.22,13881.49
2024-03-26,21,PT1H,MC-BajoPutumayo,12787.09,13049.01
2024-03-26,22,PT1H,MC-BajoPutumayo,11360.82,11894.57
2024-03-26,23,PT1H,MC-BajoPutumayo,10074.7,10228.65
2024-03-26,24,PT1H,MC-BajoPutumayo,9185.38,8880.13
2022-05-09,1,PT1H,MC-BajoPutumayo,6751.25,7469.77
2022-05-09,2,PT1H,MC-BajoPutumayo,6288.4,6929.92
2022-05-09,3,PT1H,MC-BajoPutumayo,6059.02,6668.15
2022-05-09,4,PT1H,MC-BajoPutumayo,5952.06,6509.81
2022-05-09,5,PT1H,MC-BajoPutumayo,5925.83,6415.0
2022-05-09,6,PT1H,MC-BajoPutumayo,6514.35,7067.96
2022-05-09,7,PT1H,MC-BajoPutumayo,7222.52,7468.4
2022-05-09,8,PT1H,MC-BajoPutumayo,7709.8,8653.4
2022-05-09,9,PT1H,MC-BajoPutumayo,8380.22,9862.96
2022-05-09,10,PT1H,MC-BajoPutumayo,9367.75,10084.41
2022-05-09,11,PT1H,MC-BajoPutumayo,9980.62,10951.47
2022-05-09,12,PT1H,MC-BajoPutumayo,11503.8,11324.73
2022-05-09,13,PT1H,MC-BajoPutumayo,11067.83,11253.21
2022-05-09,14,PT1H,MC-BajoPutumayo,11154.38,11456.28
2022-05-09,15,PT1H,MC-BajoPutumayo,12531.91,11954.22
2022-05-09,16,PT1H,MC-BajoPutumayo,11995.09,12169.2
2022-05-09,17,PT1H,MC-BajoPutumayo,12025.92,12050.45
2022-05-09,18,PT1H,MC-BajoPutumayo,11848.41,11747.13
2022-05-09,19,PT1H,MC-BajoPutumayo,12420.78,12945.4
2022-05-09,20,PT1H,MC-BajoPutumayo,13161.59,13305.68
2022-05-09,21,PT1H,MC-BajoPutumayo,12388.37,12556.75
2022-05-09,22,PT1H,MC-BajoPutumayo,11090.18,11419.75
2022-05-09,23,PT1H,MC-BajoPutumayo,9388.61,9528.79
2022-05-09,24,PT1H,MC-BajoPutumayo,8019.43,8230.26
2023-02-02,1,PT1H,MC-BajoPutumayo,8578.42,8544.18
2023-02-02,2,PT1H,MC-BajoPutumayo,8058.68,8047.02
2023-02-02,3,PT1H,MC-BajoPutumayo,7756.42,7799.54
2023-02-02,4,PT1H,MC-BajoPutumayo,7526.22,7614.0
2023-02-02,5,PT1H,MC-BajoPutumayo,7525.42,7594.46
2023-02-02,6,PT1H,MC-BajoPutumayo,8109.25,7897.56
2023-02-02,7,PT1H,MC-BajoPutumayo,8587.02,8381.97
2023-02-02,8,PT1H,MC-BajoPutumayo,9390.92,9531.82
2023-02-02,9,PT1H,MC-BajoPutumayo,10720.58,10846.07
2023-02-02,10,PT1H,MC-BajoPutumayo,11638.62,11865.55
2023-02-02,11,PT1H,MC-BajoPutumayo,12435.11,12542.01
2023-02-02,12,PT1H,MC-BajoPutumayo,12755.15,13113.59
2023-02-02,13,PT1H,MC-BajoPutumayo,12420.77,13130.16
2023-02-02,14,PT1H,MC-BajoPutumayo,12882.62,12723.72
2023-02-02,15,PT1H,MC-BajoPutumayo,13777.48,12597.82
2023-02-02,16,PT1H,MC-BajoPutumayo,14026.89,12709.38
2023-02-02,17,PT1H,MC-BajoPutumayo,13928.96,12642.33
2023-02-02,18,PT1H,MC-BajoPutumayo,13571.08,12373.41
2023-02-02,19,PT1H,MC-BajoPutumayo,14086.68,13461.88
2023-02-02,20,PT1H,MC-BajoPutumayo,14731.59,14139.77
2023-02-02,21,PT1H,MC-BajoPutumayo,13843.55,13411.2
2023-02-02,22,PT1H,MC-BajoPutumayo,12558.22,12250.66
2023-02-02,23,PT1H,MC-BajoPutumayo,10903.99,10556.66
2023-02-02,24,PT1H,MC-BajoPutumayo,9465.7,9381.62
2023-02-26,1,PT1H,MC-BajoPutumayo,8837.41,9263.19
2023-02-26,2,PT1H,MC-BajoPutumayo,8215.32,8517.66
2023-02-26,3,PT1H,MC-BajoPutumayo,7789.98,8105.57
2023-02-26,4,PT1H,MC-BajoPutumayo,7545.93,7902.69
2023-02-26,5,PT1H,MC-BajoPutumayo,7318.38,7671.08
2023-02-26,6,PT1H,MC-BajoPutumayo,7334.4,7696.43
2023-02-26,7,PT1H,MC-BajoPutumayo,7410.88,7725.24
2023-02-26,8,PT1H,MC-BajoPutumayo,8246.37,8604.61
2023-02-26,9,PT1H,MC-BajoPutumayo,9469.64,9675.42
2023-02-26,10,PT1H,MC-BajoPutumayo,10375.86,10365.9
2023-02-26,11,PT1H,MC-BajoPutumayo,11107.73,10882.48
2023-02-26,12,PT1H,MC-BajoPutumayo,11808.38,11320.66
2023-02-26,13,PT1H,MC-BajoPutumayo,11960.28,11444.61
2023-02-26,14,PT1H,MC-BajoPutumayo,11823.1,11461.29
2023-02-26,15,PT1H,MC-BajoPutumayo,11820.81,11478.58
2023-02-26,16,PT1H,MC-BajoPutumayo,11766.53,11593.99
2023-02-26,17,PT1H,MC-BajoPutumayo,11689.53,11608.69
2023-02-26,18,PT1H,MC-BajoPutumayo,11628.07,11579.44
2023-02-26,19,PT1H,MC-BajoPutumayo,12572.26,12527.95
2023-02-26,20,PT1H,MC-BajoPutumayo,13680.16,13362.55
2023-02-26,21,PT1H,MC-BajoPutumayo,13231.48,12726.2
2023-02-26,22,PT1H,MC-BajoPutumayo,12246.96,11561.9
2023-02-26,23,PT1H,MC-BajoPutumayo,10836.68,10018.31
2023-02-26,24,PT1H,MC-BajoPutumayo,9554.68,8470.37
2024-05-04,1,PT1H,MC-BajoPutumayo,8390.62,8282.2
2024-05-04,2,PT1H,MC-BajoPutumayo,7794.51,7794.84
2024-05-04,3,PT1H,MC-BajoPutumayo,7435.8,7433.76
2024-05-04,4,PT1H,MC-BajoPutumayo,7272.27,7241.05
2024-05-04,5,PT1H,MC-BajoPutumayo,7261.74,7209.81
2024-05-04,6,PT1H,MC-BajoPutumayo,7464.13,7409.1
2024-05-04,7,PT1H,MC-BajoPutumayo,7922.15,7730.67
2024-05-04,8,PT1H,MC-BajoPutumayo,9019.79,8667.54
2024-05-04,9,PT1H,MC-BajoPutumayo,10386.25,10001.05
2024-05-04,10,PT1H,MC-BajoPutumayo,11139.2,11066.55
2024-05-04,11,PT1H,MC-BajoPutumayo,11690.07,12008.66
2024-05-04,12,PT1H,MC-BajoPutumayo,12277.04,12684.18
2024-05-04,13,PT1H,MC-BajoPutumayo,12444.65,12715.26
2024-05-04,14,PT1H,MC-BajoPutumayo,12583.83,12665.09
2024-05-04,15,PT1H,MC-BajoPutumayo,12967.08,12525.41
2024-05-04,16,PT1H,MC-BajoPutumayo,13290.51,12169.58
2024-05-04,17,PT1H,MC-BajoPutumayo,13138.11,12036.28
2024-05-04,18,PT1H,MC-BajoPutumayo,12865.65,11927.08
2024-05-04,19,PT1H,MC-BajoPutumayo,14262.58,12962.75
2024-05-04,20,PT1H,MC-BajoPutumayo,14308.91,13488.46
2024-05-04,21,PT1H,MC-BajoPutumayo,13373.41,13226.59
2024-05-04,22,PT1H,MC-BajoPutumayo,12332.01,12388.16
2024-05-04,23,PT1H,MC-BajoPutumayo,11004.32,11209.34
2024-05-04,24,PT1H,MC-BajoPutumayo,9867.72,10174.89
2025-02-05,1,PT1H,MC-BajoPutumayo,8963.33,9410.2
2025-02-05,2,PT1H,MC-BajoPutumayo,8494.53,8819.8
2025-02-05,3,PT1H,MC-BajoPutumayo,8063.09,8400.3
2025-02-05,4,PT1H,MC-BajoPutumayo,7811.64,8332.2
2025-02-05,5,PT1H,MC-BajoPutumayo,7921.41,8507.9
2025-02-05,6,PT1H,MC-BajoPutumayo,8635.65,8683.5
2025-02-05,7,PT1H,MC-BajoPutumayo,9059.5,8967.9
2025-02-05,8,PT1H,MC-BajoPutumayo,9867.76,10023.2
2025-02-05,9,PT1H,MC-BajoPutumayo,11091.93,11347.6
2025-02-05,10,PT1H,MC-BajoPutumayo,12252.5,12466.3
2025-02-05,11,PT1H,MC-BajoPutumayo,13451.79,13243.6
2025-02-05,12,PT1H,MC-BajoPutumayo,14142.21,13704.2
2025-02-05,13,PT1H,MC-BajoPutumayo,13710.17,13892.6
2025-02-05,14,PT1H,MC-BajoPutumayo,13945.07,14169.1
2025-02-05,15,PT1H,MC-BajoPutumayo,14707.57,14912.8
2025-02-05,16,PT1H,MC-BajoPutumayo,15041.23,15047.2
2025-02-05,17,PT1H,MC-BajoPutumayo,14799.89,14842.8
2025-02-05,18,PT1H,MC-BajoPutumayo,14427.53,14779.9
2025-02-05,19,PT1H,MC-BajoPutumayo,15235.82,15379.7
2025-02-05,20,PT1H,MC-BajoPutumayo,16003.63,15514.1
2025-02-05,21,PT1H,MC-BajoPutumayo,15161.76,14609.0
2025-02-05,22,PT1H,MC-BajoPutumayo,13824.6,13316.9
2025-02-05,23,PT1H,MC-BajoPutumayo,12225.65,11695.9
2025-02-05,24,PT1H,MC-BajoPutumayo,10647.88,10228.0
2025-10-28,1,PT1H,MC-BajoPutumayo,16277.28,15988.2
2025-10-28,2,PT1H,MC-BajoPutumayo,14906.1,15004.8
2025-10-28,3,PT1H,MC-BajoPutumayo,14030.24,14397.4
2025-10-28,4,PT1H,MC-BajoPutumayo,13987.06,13855.3
2025-10-28,5,PT1H,MC-BajoPutumayo,14185.48,14405.1
2025-10-28,6,PT1H,MC-BajoPutumayo,15244.56,15864.5
2025-10-28,7,PT1H,MC-BajoPutumayo,16764.66,17447.1
2025-10-28,8,PT1H,MC-BajoPutumayo,18329.84,19971.4
2025-10-28,9,PT1H,MC-BajoPutumayo,20318.82,22537.4
2025-10-28,10,PT1H,MC-BajoPutumayo,22238.14,24738.4
2025-10-28,11,PT1H,MC-BajoPutumayo,23478.54,25892.1
2025-10-28,12,PT1H,MC-BajoPutumayo,25049.4,26881.0
2025-10-28,13,PT1H,MC-BajoPutumayo,24527.36,25814.2
2025-10-28,14,PT1H,MC-BajoPutumayo,26185.34,26277.1
2025-10-28,15,PT1H,MC-BajoPutumayo,28255.42,27850.1
2025-10-28,16,PT1H,MC-BajoPutumayo,28833.5,28058.5
2025-10-28,17,PT1H,MC-BajoPutumayo,29589.98,27470.4
2025-10-28,18,PT1H,MC-BajoPutumayo,30927.66,26273.5
2025-10-28,19,PT1H,MC-BajoPutumayo,32913.98,30400.1
2025-10-28,20,PT1H,MC-BajoPutumayo,31684.14,30325.9
2025-10-28,21,PT1H,MC-BajoPutumayo,29264.34,28726.9
2025-10-28,22,PT1H,MC-BajoPutumayo,26193.22,25542.6
2025-10-28,23,PT1H,MC-BajoPutumayo,22184.06,21755.9
2025-10-28,24,PT1H,MC-BajoPutumayo,19425.06,18567.3
2022-02-21,1,PT1H,MC-BajoPutumayo,7507.8,7274.19
2022-02-21,2,PT1H,MC-BajoPutumayo,7052.4,6757.89
2022-02-21,3,PT1H,MC-BajoPutumayo,6811.18,6457.11
2022-02-21,4,PT1H,MC-BajoPutumayo,6695.06,6359.63
2022-02-21,5,PT1H,MC-BajoPutumayo,6677.31,6457.32
2022-02-21,6,PT1H,MC-BajoPutumayo,7273.72,6746.6
2022-02-21,7,PT1H,MC-BajoPutumayo,8000.71,7062.02
2022-02-21,8,PT1H,MC-BajoPutumayo,8497.84,7838.5
2022-02-21,9,PT1H,MC-BajoPutumayo,9663.87,8694.16
2022-02-21,10,PT1H,MC-BajoPutumayo,10425.8,9309.27
2022-02-21,11,PT1H,MC-BajoPutumayo,11266.01,9923.54
2022-02-21,12,PT1H,MC-BajoPutumayo,11943.1,10513.61
2022-02-21,13,PT1H,MC-BajoPutumayo,11671.03,10449.98
2022-02-21,14,PT1H,MC-BajoPutumayo,12001.33,10728.01
2022-02-21,15,PT1H,MC-BajoPutumayo,12857.93,10961.07
2022-02-21,16,PT1H,MC-BajoPutumayo,13024.38,11296.99
2022-02-21,17,PT1H,MC-BajoPutumayo,12946.69,11126.77
2022-02-21,18,PT1H,MC-BajoPutumayo,12660.84,10904.08
2022-02-21,19,PT1H,MC-BajoPutumayo,13401.96,12152.02
2022-02-21,20,PT1H,MC-BajoPutumayo,13982.81,12562.77
2022-02-21,21,PT1H,MC-BajoPutumayo,13416.24,11905.47
2022-02-21,22,PT1H,MC-BajoPutumayo,12521.08,10896.46
2022-02-21,23,PT1H,MC-BajoPutumayo,10902.74,9490.18
2022-02-21,24,PT1H,MC-BajoPutumayo,9240.84,8102.36
2024-10-23,24,PT1H,MC-BajoPutumayo,7978.24,7663.5
2024-10-23,1,PT1H,MC-BajoPutumayo,7927.83,9504.3
2024-10-23,2,PT1H,MC-BajoPutumayo,7803.57,9015.4
2024-10-23,3,PT1H,MC-BajoPutumayo,7039.62,8743.5
2024-10-23,4,PT1H,MC-BajoPutumayo,7310.09,8576.7
2024-10-23,5,PT1H,MC-BajoPutumayo,7369.33,8746.9
2024-10-23,6,PT1H,MC-BajoPutumayo,8179.78,9105.7
2024-10-23,7,PT1H,MC-BajoPutumayo,8368.27,9679.6
2024-10-23,8,PT1H,MC-BajoPutumayo,9998.89,10378.9
2024-10-23,9,PT1H,MC-BajoPutumayo,10674.19,10169.9
2024-10-23,10,PT1H,MC-BajoPutumayo,11070.71,10800.8
2024-10-23,11,PT1H,MC-BajoPutumayo,11247.82,11685.0
2024-10-23,12,PT1H,MC-BajoPutumayo,10996.16,11633.8
2024-10-23,13,PT1H,MC-BajoPutumayo,10840.31,11798.1
2024-10-23,14,PT1H,MC-BajoPutumayo,10894.59,12257.4
2024-10-23,15,PT1H,MC-BajoPutumayo,11519.78,12883.1
2024-10-23,16,PT1H,MC-BajoPutumayo,11753.48,12069.8
2024-10-23,17,PT1H,MC-BajoPutumayo,11957.01,12211.8
2024-10-23,18,PT1H,MC-BajoPutumayo,12702.88,12720.6
2024-10-23,19,PT1H,MC-BajoPutumayo,13817.71,14043.5
2024-10-23,20,PT1H,MC-BajoPutumayo,13242.76,13738.2
2024-10-23,21,PT1H,MC-BajoPutumayo,12110.2,12924.1
2024-10-23,22,PT1H,MC-BajoPutumayo,10628.93,12238.8
2024-10-23,23,PT1H,MC-BajoPutumayo,8949.76,9569.6
2025-07-04,1,PT1H,MC-BajoPutumayo,6180.05,7347.8
2025-07-04,2,PT1H,MC-BajoPutumayo,5735.14,6903.1
2025-07-04,3,PT1H,MC-BajoPutumayo,5525.75,6674.5
2025-07-04,4,PT1H,MC-BajoPutumayo,5467.86,6533.4
2025-07-04,5,PT1H,MC-BajoPutumayo,5525.01,6576.2
2025-07-04,6,PT1H,MC-BajoPutumayo,5821.91,7105.1
2025-07-04,7,PT1H,MC-BajoPutumayo,6491.47,7822.6
2025-07-04,8,PT1H,MC-BajoPutumayo,7419.68,8530.5
2025-07-04,9,PT1H,MC-BajoPutumayo,8272.36,9482.1
2025-07-04,10,PT1H,MC-BajoPutumayo,8757.16,10090.7
2025-07-04,11,PT1H,MC-BajoPutumayo,9144.59,10664.8
2025-07-04,12,PT1H,MC-BajoPutumayo,10059.76,11064.6
2025-07-04,13,PT1H,MC-BajoPutumayo,10118.9,10644.8
2025-07-04,14,PT1H,MC-BajoPutumayo,9860.69,10856.2
2025-07-04,15,PT1H,MC-BajoPutumayo,10229.29,11234.1
2025-07-04,16,PT1H,MC-BajoPutumayo,10334.9,11498.8
2025-07-04,17,PT1H,MC-BajoPutumayo,10488.51,11589.4
2025-07-04,18,PT1H,MC-BajoPutumayo,10655.98,11636.0
2025-07-04,19,PT1H,MC-BajoPutumayo,11863.33,12680.5
2025-07-04,20,PT1H,MC-BajoPutumayo,12316.63,12944.5
2025-07-04,21,PT1H,MC-BajoPutumayo,11517.64,12124.3
2025-07-04,22,PT1H,MC-BajoPutumayo,10316.33,10909.5
2025-07-04,23,PT1H,MC-BajoPutumayo,8864.79,9399.4
2025-07-04,24,PT1H,MC-BajoPutumayo,7718.83,8251.6
2025-06-07,1,PT1H,MC-BajoPutumayo,7153.98,8225.2
2025-06-07,2,PT1H,MC-BajoPutumayo,6710.55,7631.6
2025-06-07,3,PT1H,MC-BajoPutumayo,6432.28,7278.1
2025-06-07,4,PT1H,MC-BajoPutumayo,6354.35,7097.0
2025-06-07,5,PT1H,MC-BajoPutumayo,6297.26,7074.4
2025-06-07,6,PT1H,MC-BajoPutumayo,6557.96,7325.9
2025-06-07,7,PT1H,MC-BajoPutumayo,7062.93,7781.1
2025-06-07,8,PT1H,MC-BajoPutumayo,8456.2,8761.0
2025-06-07,9,PT1H,MC-BajoPutumayo,10122.34,10050.7
2025-06-07,10,PT1H,MC-BajoPutumayo,11182.51,11032.4
2025-06-07,11,PT1H,MC-BajoPutumayo,12062.69,11720.0
2025-06-07,12,PT1H,MC-BajoPutumayo,12736.65,12207.1
2025-06-07,13,PT1H,MC-BajoPutumayo,12797.88,12159.4
2025-06-07,14,PT1H,MC-BajoPutumayo,12798.69,12040.1
2025-06-07,15,PT1H,MC-BajoPutumayo,12958.93,12221.5
2025-06-07,16,PT1H,MC-BajoPutumayo,13029.71,12218.0
2025-06-07,17,PT1H,MC-BajoPutumayo,12976.56,12216.5
2025-06-07,18,PT1H,MC-BajoPutumayo,13123.64,12184.2
2025-06-07,19,PT1H,MC-BajoPutumayo,14285.95,13545.0
2025-06-07,20,PT1H,MC-BajoPutumayo,14849.75,13860.3
2025-06-07,21,PT1H,MC-BajoPutumayo,13888.63,13003.9
2025-06-07,22,PT1H,MC-BajoPutumayo,12667.22,11901.7
2025-06-07,23,PT1H,MC-BajoPutumayo,11173.98,10584.6
2025-06-07,24,PT1H,MC-BajoPutumayo,9704.82,9402.0
2024-10-24,1,PT1H,MC-BajoPutumayo,7412.73,7355.9
2024-10-24,2,PT1H,MC-BajoPutumayo,7076.06,7021.4
2024-10-24,3,PT1H,MC-BajoPutumayo,6885.84,6698.6
2024-10-24,4,PT1H,MC-BajoPutumayo,6917.71,6563.7
2024-10-24,5,PT1H,MC-BajoPutumayo,6232.84,6640.0
2024-10-24,6,PT1H,MC-BajoPutumayo,3644.31,3127.8
2024-10-24,7,PT1H,MC-BajoPutumayo,3883.1,7612.5
2024-10-24,8,PT1H,MC-BajoPutumayo,6112.73,8334.0
2024-10-24,9,PT1H,MC-BajoPutumayo,11898.16,9533.0
2024-10-24,10,PT1H,MC-BajoPutumayo,12103.68,10577.5
2024-10-24,11,PT1H,MC-BajoPutumayo,12777.7,11126.1
2024-10-24,12,PT1H,MC-BajoPutumayo,13481.53,11422.4
2024-10-24,13,PT1H,MC-BajoPutumayo,12622.9,11431.6
2024-10-24,14,PT1H,MC-BajoPutumayo,12721.9,12046.7
2024-10-24,15,PT1H,MC-BajoPutumayo,13055.68,12573.1
2024-10-24,16,PT1H,MC-BajoPutumayo,13153.51,12614.2
2024-10-24,17,PT1H,MC-BajoPutumayo,13061.69,12365.2
2024-10-24,18,PT1H,MC-BajoPutumayo,13982.73,12376.8
2024-10-24,19,PT1H,MC-BajoPutumayo,14691.89,13536.9
2024-10-24,20,PT1H,MC-BajoPutumayo,14645.25,12978.8
2024-10-24,21,PT1H,MC-BajoPutumayo,13003.1,12132.3
2024-10-24,22,PT1H,MC-BajoPutumayo,11290.62,10749.0
2024-10-24,23,PT1H,MC-BajoPutumayo,9814.36,9232.4
2024-10-24,24,PT1H,MC-BajoPutumayo,8531.74,8219.0
2025-03-01,1,PT1H,MC-BajoPutumayo,8861.99,8375.6
2025-03-01,2,PT1H,MC-BajoPutumayo,8167.61,7899.0
2025-03-01,3,PT1H,MC-BajoPutumayo,7802.11,7546.8
2025-03-01,4,PT1H,MC-BajoPutumayo,7620.64,7377.3
2025-03-01,5,PT1H,MC-BajoPutumayo,7496.99,7340.1
2025-03-01,6,PT1H,MC-BajoPutumayo,7640.88,7507.7
2025-03-01,7,PT1H,MC-BajoPutumayo,8010.18,7919.0
2025-03-01,8,PT1H,MC-BajoPutumayo,8904.8,8828.9
2025-03-01,9,PT1H,MC-BajoPutumayo,10103.99,10620.9
2025-03-01,10,PT1H,MC-BajoPutumayo,10936.18,11393.1
2025-03-01,11,PT1H,MC-BajoPutumayo,11610.23,12126.1
2025-03-01,12,PT1H,MC-BajoPutumayo,11836.57,12648.5
2025-03-01,13,PT1H,MC-BajoPutumayo,11628.39,12693.0
2025-03-01,14,PT1H,MC-BajoPutumayo,11396.37,12579.3
2025-03-01,15,PT1H,MC-BajoPutumayo,11480.47,12698.7
2025-03-01,16,PT1H,MC-BajoPutumayo,11604.89,12663.5
2025-03-01,17,PT1H,MC-BajoPutumayo,11540.81,12275.3
2025-03-01,18,PT1H,MC-BajoPutumayo,11506.4,12451.8
2025-03-01,19,PT1H,MC-BajoPutumayo,12872.53,13440.5
2025-03-01,20,PT1H,MC-BajoPutumayo,13557.05,14035.3
2025-03-01,21,PT1H,MC-BajoPutumayo,12791.54,13192.5
2025-03-01,22,PT1H,MC-BajoPutumayo,11844.84,12143.6
2025-03-01,23,PT1H,MC-BajoPutumayo,10666.66,10744.5
2025-03-01,24,PT1H,MC-BajoPutumayo,9572.96,9556.7
2023-06-10,1,PT1H,MC-BajoPutumayo,7821.94,7857.91
2023-06-10,2,PT1H,MC-BajoPutumayo,7136.2,7369.05
2023-06-10,3,PT1H,MC-BajoPutumayo,6742.27,7066.71
2023-06-10,4,PT1H,MC-BajoPutumayo,6580.31,6860.52
2023-06-10,5,PT1H,MC-BajoPutumayo,6661.19,6837.83
2023-06-10,6,PT1H,MC-BajoPutumayo,6851.89,7068.27
2023-06-10,7,PT1H,MC-BajoPutumayo,7240.35,7494.68
2023-06-10,8,PT1H,MC-BajoPutumayo,8341.8,8509.79
2023-06-10,9,PT1H,MC-BajoPutumayo,9976.93,9774.01
2023-06-10,10,PT1H,MC-BajoPutumayo,11084.17,10747.04
2023-06-10,11,PT1H,MC-BajoPutumayo,11881.81,11363.02
2023-06-10,12,PT1H,MC-BajoPutumayo,12156.01,11895.61
2023-06-10,13,PT1H,MC-BajoPutumayo,11501.54,11807.58
2023-06-10,14,PT1H,MC-BajoPutumayo,11049.24,11524.92
2023-06-10,15,PT1H,MC-BajoPutumayo,10912.75,11397.21
2023-06-10,16,PT1H,MC-BajoPutumayo,10837.48,11471.19
2023-06-10,17,PT1H,MC-BajoPutumayo,10790.43,11502.29
2023-06-10,18,PT1H,MC-BajoPutumayo,10952.14,11649.57
2023-06-10,19,PT1H,MC-BajoPutumayo,12251.19,12979.14
2023-06-10,20,PT1H,MC-BajoPutumayo,12465.28,13197.82
2023-06-10,21,PT1H,MC-BajoPutumayo,11737.85,12431.03
2023-06-10,22,PT1H,MC-BajoPutumayo,10734.05,11484.77
2023-06-10,23,PT1H,MC-BajoPutumayo,9485.58,10210.46
2023-06-10,24,PT1H,MC-BajoPutumayo,8255.92,9064.4
2024-05-08,1,PT1H,MC-BajoPutumayo,8351.69,8144.4
2024-05-08,2,PT1H,MC-BajoPutumayo,7859.07,7768.77
2024-05-08,3,PT1H,MC-BajoPutumayo,7626.43,7549.89
2024-05-08,4,PT1H,MC-BajoPutumayo,7475.6,7385.17
2024-05-08,5,PT1H,MC-BajoPutumayo,7044.81,7317.93
2024-05-08,6,PT1H,MC-BajoPutumayo,5341.28,7785.38
2024-05-08,7,PT1H,MC-BajoPutumayo,7975.14,8417.25
2024-05-08,8,PT1H,MC-BajoPutumayo,9495.59,9431.89
2024-05-08,9,PT1H,MC-BajoPutumayo,11143.08,10450.74
2024-05-08,10,PT1H,MC-BajoPutumayo,11413.8,11307.06
2024-05-08,11,PT1H,MC-BajoPutumayo,11531.45,12218.76
2024-05-08,12,PT1H,MC-BajoPutumayo,11292.31,12875.02
2024-05-08,13,PT1H,MC-BajoPutumayo,11818.43,12520.68
2024-05-08,14,PT1H,MC-BajoPutumayo,11558.37,12172.16
2024-05-08,15,PT1H,MC-BajoPutumayo,10580.69,11448.74
2024-05-08,16,PT1H,MC-BajoPutumayo,11738.88,10883.14
2024-05-08,17,PT1H,MC-BajoPutumayo,12230.78,11172.28
2024-05-08,18,PT1H,MC-BajoPutumayo,12158.64,11610.13
2024-05-08,19,PT1H,MC-BajoPutumayo,13350.07,13667.29
2024-05-08,20,PT1H,MC-BajoPutumayo,13777.37,14397.42
2024-05-08,21,PT1H,MC-BajoPutumayo,13138.55,13597.76
2024-05-08,22,PT1H,MC-BajoPutumayo,11684.56,12273.22
2024-05-08,23,PT1H,MC-BajoPutumayo,10119.53,10667.25
2024-05-08,24,PT1H,MC-BajoPutumayo,8823.42,8968.88
2024-06-30,1,PT1H,MC-BajoPutumayo,8840.13,7807.6
2024-06-30,2,PT1H,MC-BajoPutumayo,7889.12,7346.5
2024-06-30,3,PT1H,MC-BajoPutumayo,7456.41,7027.4
2024-06-30,4,PT1H,MC-BajoPutumayo,7282.15,6847.7
2024-06-30,5,PT1H,MC-BajoPutumayo,7050.83,6718.9
2024-06-30,6,PT1H,MC-BajoPutumayo,7000.28,6740.8
2024-06-30,7,PT1H,MC-BajoPutumayo,7134.44,7151.9
2024-06-30,8,PT1H,MC-BajoPutumayo,7975.4,8295.3
2024-06-30,9,PT1H,MC-BajoPutumayo,9002.04,9310.1
2024-06-30,10,PT1H,MC-BajoPutumayo,9438.91,10094.1
2024-06-30,11,PT1H,MC-BajoPutumayo,9749.91,10613.8
2024-06-30,12,PT1H,MC-BajoPutumayo,10228.86,11112.9
2024-06-30,13,PT1H,MC-BajoPutumayo,10502.36,11371.8
2024-06-30,14,PT1H,MC-BajoPutumayo,10648.84,11316.8
2024-06-30,15,PT1H,MC-BajoPutumayo,10754.03,11417.4
2024-06-30,16,PT1H,MC-BajoPutumayo,10737.08,11307.4
2024-06-30,17,PT1H,MC-BajoPutumayo,10619.89,11184.6
2024-06-30,18,PT1H,MC-BajoPutumayo,10687.17,11205.1
2024-06-30,19,PT1H,MC-BajoPutumayo,11970.48,12613.1
2024-06-30,20,PT1H,MC-BajoPutumayo,12296.94,13058.5
2024-06-30,21,PT1H,MC-BajoPutumayo,11851.94,12427.6
2024-06-30,22,PT1H,MC-BajoPutumayo,10890.0,11524.1
2024-06-30,23,PT1H,MC-BajoPutumayo,9432.67,10149.3
2024-06-30,24,PT1H,MC-BajoPutumayo,8395.31,8923.9
2022-06-12,1,PT1H,MC-BajoPutumayo,7516.16,6106.75
2022-06-12,2,PT1H,MC-BajoPutumayo,6788.08,5748.62
2022-06-12,3,PT1H,MC-BajoPutumayo,6431.29,5520.15
2022-06-12,4,PT1H,MC-BajoPutumayo,6153.63,5364.9
2022-06-12,5,PT1H,MC-BajoPutumayo,6340.06,5255.46
2022-06-12,6,PT1H,MC-BajoPutumayo,6203.09,5344.27
2022-06-12,7,PT1H,MC-BajoPutumayo,6025.56,5706.79
2022-06-12,8,PT1H,MC-BajoPutumayo,6435.89,6479.58
2022-06-12,9,PT1H,MC-BajoPutumayo,7096.66,7288.34
2022-06-12,10,PT1H,MC-BajoPutumayo,7778.96,8053.8
2022-06-12,11,PT1H,MC-BajoPutumayo,8091.7,8603.56
2022-06-12,12,PT1H,MC-BajoPutumayo,8394.81,9052.16
2022-06-12,13,PT1H,MC-BajoPutumayo,8456.85,9201.69
2022-06-12,14,PT1H,MC-BajoPutumayo,8315.35,9262.25
2022-06-12,15,PT1H,MC-BajoPutumayo,8136.64,8853.11
2022-06-12,16,PT1H,MC-BajoPutumayo,6751.95,8898.46
2022-06-12,17,PT1H,MC-BajoPutumayo,9230.92,8904.38
2022-06-12,18,PT1H,MC-BajoPutumayo,8753.6,9045.36
2022-06-12,19,PT1H,MC-BajoPutumayo,10548.61,10163.59
2022-06-12,20,PT1H,MC-BajoPutumayo,10339.02,10611.66
2022-06-12,21,PT1H,MC-BajoPutumayo,9754.09,10086.65
2022-06-12,22,PT1H,MC-BajoPutumayo,8622.06,9340.38
2022-06-12,23,PT1H,MC-BajoPutumayo,7851.82,8083.08
2022-06-12,24,PT1H,MC-BajoPutumayo,6626.64,7127.08
2024-11-27,1,PT1H,MC-BajoPutumayo,7838.12,7543.3
2024-11-27,2,PT1H,MC-BajoPutumayo,7606.61,7290.1
2024-11-27,3,PT1H,MC-BajoPutumayo,7197.87,7309.8
2024-11-27,4,PT1H,MC-BajoPutumayo,7140.11,7287.0
2024-11-27,5,PT1H,MC-BajoPutumayo,7447.71,7413.6
2024-11-27,6,PT1H,MC-BajoPutumayo,7906.3,7679.0
2024-11-27,7,PT1H,MC-BajoPutumayo,9298.82,8423.4
2024-11-27,8,PT1H,MC-BajoPutumayo,10104.19,9476.9
2024-11-27,9,PT1H,MC-BajoPutumayo,11153.8,10260.6
2024-11-27,10,PT1H,MC-BajoPutumayo,12051.54,10717.4
2024-11-27,11,PT1H,MC-BajoPutumayo,12780.35,11358.8
2024-11-27,12,PT1H,MC-BajoPutumayo,12468.26,11843.1
2024-11-27,13,PT1H,MC-BajoPutumayo,12020.17,11931.6
2024-11-27,14,PT1H,MC-BajoPutumayo,11741.39,12821.0
2024-11-27,15,PT1H,MC-BajoPutumayo,12084.62,13458.6
2024-11-27,16,PT1H,MC-BajoPutumayo,12185.59,13466.3
2024-11-27,17,PT1H,MC-BajoPutumayo,12459.07,13681.2
2024-11-27,18,PT1H,MC-BajoPutumayo,13281.72,13989.5
2024-11-27,19,PT1H,MC-BajoPutumayo,14074.22,14490.5
2024-11-27,20,PT1H,MC-BajoPutumayo,13328.54,14060.3
2024-11-27,21,PT1H,MC-BajoPutumayo,12208.62,13009.0
2024-11-27,22,PT1H,MC-BajoPutumayo,10692.66,11569.3
2024-11-27,23,PT1H,MC-BajoPutumayo,9329.5,10164.0
2024-11-27,24,PT1H,MC-BajoPutumayo,8197.68,9021.2
2023-09-07,1,PT1H,MC-BajoPutumayo,8337.69,8213.51
2023-09-07,2,PT1H,MC-BajoPutumayo,7842.31,7959.27
2023-09-07,3,PT1H,MC-BajoPutumayo,7589.78,7590.03
2023-09-07,4,PT1H,MC-BajoPutumayo,7426.43,7433.96
2023-09-07,5,PT1H,MC-BajoPutumayo,7414.91,7295.86
2023-09-07,6,PT1H,MC-BajoPutumayo,7885.57,7863.12
2023-09-07,7,PT1H,MC-BajoPutumayo,8445.14,8613.74
2023-09-07,8,PT1H,MC-BajoPutumayo,9314.51,9650.63
2023-09-07,9,PT1H,MC-BajoPutumayo,9355.95,8855.13
2023-09-07,10,PT1H,MC-BajoPutumayo,8247.27,9461.84
2023-09-07,11,PT1H,MC-BajoPutumayo,8908.22,10224.93
2023-09-07,12,PT1H,MC-BajoPutumayo,9397.78,10731.51
2023-09-07,13,PT1H,MC-BajoPutumayo,9333.8,10661.67
2023-09-07,14,PT1H,MC-BajoPutumayo,9414.58,11022.63
2023-09-07,15,PT1H,MC-BajoPutumayo,9758.69,11470.81
2023-09-07,16,PT1H,MC-BajoPutumayo,9966.42,12452.97
2023-09-07,17,PT1H,MC-BajoPutumayo,10624.88,14937.49
2023-09-07,18,PT1H,MC-BajoPutumayo,14321.77,14511.11
2023-09-07,19,PT1H,MC-BajoPutumayo,15649.74,14601.59
2023-09-07,20,PT1H,MC-BajoPutumayo,15873.02,15531.75
2023-09-07,21,PT1H,MC-BajoPutumayo,14642.82,15197.91
2023-09-07,22,PT1H,MC-BajoPutumayo,12463.68,13503.58
2023-09-07,23,PT1H,MC-BajoPutumayo,11435.63,11550.68
2023-09-07,24,PT1H,MC-BajoPutumayo,9945.35,9790.72
2023-01-04,1,PT1H,MC-BajoPutumayo,7770.76,8010.68
2023-01-04,2,PT1H,MC-BajoPutumayo,7330.88,7540.65
2023-01-04,3,PT1H,MC-BajoPutumayo,7085.4,7328.78
2023-01-04,4,PT1H,MC-BajoPutumayo,6905.74,7164.57
2023-01-04,5,PT1H,MC-BajoPutumayo,6833.76,7283.92
2023-01-04,6,PT1H,MC-BajoPutumayo,7069.56,7370.95
2023-01-04,7,PT1H,MC-BajoPutumayo,7378.57,7564.59
2023-01-04,8,PT1H,MC-BajoPutumayo,8552.59,8703.45
2023-01-04,9,PT1H,MC-BajoPutumayo,9914.14,9644.33
2023-01-04,10,PT1H,MC-BajoPutumayo,11027.66,10795.63
2023-01-04,11,PT1H,MC-BajoPutumayo,11965.93,11804.52
2023-01-04,12,PT1H,MC-BajoPutumayo,12783.87,12123.94
2023-01-04,13,PT1H,MC-BajoPutumayo,12547.37,11789.46
2023-01-04,14,PT1H,MC-BajoPutumayo,12367.92,11827.13
2023-01-04,15,PT1H,MC-BajoPutumayo,12384.25,12266.64
2023-01-04,16,PT1H,MC-BajoPutumayo,12271.03,12684.98
2023-01-04,17,PT1H,MC-BajoPutumayo,11749.96,12902.15
2023-01-04,18,PT1H,MC-BajoPutumayo,11097.71,12149.11
2023-01-04,19,PT1H,MC-BajoPutumayo,12023.51,13400.25
2023-01-04,20,PT1H,MC-BajoPutumayo,12594.95,13738.67
2023-01-04,21,PT1H,MC-BajoPutumayo,12037.94,13007.07
2023-01-04,22,PT1H,MC-BajoPutumayo,11036.7,11843.16
2023-01-04,23,PT1H,MC-BajoPutumayo,9853.15,10405.55
2023-01-04,24,PT1H,MC-BajoPutumayo,8920.73,8873.03
2024-02-18,1,PT1H,MC-BajoPutumayo,8330.82,7465.61
2024-02-18,2,PT1H,MC-BajoPutumayo,7756.71,7046.66
2024-02-18,3,PT1H,MC-BajoPutumayo,7248.05,6810.71
2024-02-18,4,PT1H,MC-BajoPutumayo,7062.86,6628.67
2024-02-18,5,PT1H,MC-BajoPutumayo,6935.92,6599.86
2024-02-18,6,PT1H,MC-BajoPutumayo,6966.88,6861.9
2024-02-18,7,PT1H,MC-BajoPutumayo,7103.08,7220.92
2024-02-18,8,PT1H,MC-BajoPutumayo,7795.33,8253.27
2024-02-18,9,PT1H,MC-BajoPutumayo,8849.8,9587.08
2024-02-18,10,PT1H,MC-BajoPutumayo,9485.28,10531.87
2024-02-18,11,PT1H,MC-BajoPutumayo,10008.33,11353.18
2024-02-18,12,PT1H,MC-BajoPutumayo,10613.21,11995.32
2024-02-18,13,PT1H,MC-BajoPutumayo,11109.0,11666.05
2024-02-18,14,PT1H,MC-BajoPutumayo,11400.39,11507.49
2024-02-18,15,PT1H,MC-BajoPutumayo,11378.62,11896.38
2024-02-18,16,PT1H,MC-BajoPutumayo,11422.17,11915.41
2024-02-18,17,PT1H,MC-BajoPutumayo,11450.58,11849.66
2024-02-18,18,PT1H,MC-BajoPutumayo,11296.15,11699.04
2024-02-18,19,PT1H,MC-BajoPutumayo,12163.02,11997.49
2024-02-18,20,PT1H,MC-BajoPutumayo,13048.83,12509.61
2024-02-18,21,PT1H,MC-BajoPutumayo,12558.52,11819.79
2024-02-18,22,PT1H,MC-BajoPutumayo,11729.24,10898.58
2024-02-18,23,PT1H,MC-BajoPutumayo,10160.03,9436.93
2024-02-18,24,PT1H,MC-BajoPutumayo,8773.83,8247.02
2022-10-05,1,PT1H,MC-BajoPutumayo,8973.24,7313.17
2022-10-05,2,PT1H,MC-BajoPutumayo,8319.28,6888.21
2022-10-05,3,PT1H,MC-BajoPutumayo,8183.05,6671.65
2022-10-05,4,PT1H,MC-BajoPutumayo,7861.33,6528.19
2022-10-05,5,PT1H,MC-BajoPutumayo,7817.97,6581.1
2022-10-05,6,PT1H,MC-BajoPutumayo,8291.28,7221.16
2022-10-05,7,PT1H,MC-BajoPutumayo,8929.87,7911.62
2022-10-05,8,PT1H,MC-BajoPutumayo,9564.81,8815.3
2022-10-05,9,PT1H,MC-BajoPutumayo,10866.51,10021.2
2022-10-05,10,PT1H,MC-BajoPutumayo,12025.84,10887.45
2022-10-05,11,PT1H,MC-BajoPutumayo,12956.2,11547.46
2022-10-05,12,PT1H,MC-BajoPutumayo,13795.6,12042.95
2022-10-05,13,PT1H,MC-BajoPutumayo,13592.0,11656.3
2022-10-05,14,PT1H,MC-BajoPutumayo,13473.79,11994.04
2022-10-05,15,PT1H,MC-BajoPutumayo,14497.74,12464.6
2022-10-05,16,PT1H,MC-BajoPutumayo,15037.9,12633.05
2022-10-05,17,PT1H,MC-BajoPutumayo,14544.15,12462.21
2022-10-05,18,PT1H,MC-BajoPutumayo,14379.49,12413.65
2022-10-05,19,PT1H,MC-BajoPutumayo,15529.1,13507.52
2022-10-05,20,PT1H,MC-BajoPutumayo,15347.04,13557.88
2022-10-05,21,PT1H,MC-BajoPutumayo,14356.56,12639.31
2022-10-05,22,PT1H,MC-BajoPutumayo,13121.44,11238.52
2022-10-05,23,PT1H,MC-BajoPutumayo,11618.12,9478.93
2022-10-05,24,PT1H,MC-BajoPutumayo,10139.12,8130.89
2023-09-24,1,PT1H,MC-BajoPutumayo,8557.48,8604.66
2023-09-24,2,PT1H,MC-BajoPutumayo,8064.08,7864.59
2023-09-24,3,PT1H,MC-BajoPutumayo,7688.35,7442.16
2023-09-24,4,PT1H,MC-BajoPutumayo,7470.19,7198.93
2023-09-24,5,PT1H,MC-BajoPutumayo,7305.49,6951.78
2023-09-24,6,PT1H,MC-BajoPutumayo,7288.25,6650.1
2023-09-24,7,PT1H,MC-BajoPutumayo,5695.75,4733.5
2023-09-24,8,PT1H,MC-BajoPutumayo,5208.17,5122.94
2023-09-24,9,PT1H,MC-BajoPutumayo,5922.65,6026.52
2023-09-24,10,PT1H,MC-BajoPutumayo,6549.9,6964.29
2023-09-24,11,PT1H,MC-BajoPutumayo,7019.36,7405.02
2023-09-24,12,PT1H,MC-BajoPutumayo,7318.29,7761.62
2023-09-24,13,PT1H,MC-BajoPutumayo,7650.54,7901.19
2023-09-24,14,PT1H,MC-BajoPutumayo,6280.38,7925.1
2023-09-24,15,PT1H,MC-BajoPutumayo,7350.63,8269.09
2023-09-24,16,PT1H,MC-BajoPutumayo,7374.15,8126.46
2023-09-24,17,PT1H,MC-BajoPutumayo,8062.16,11586.5
2023-09-24,18,PT1H,MC-BajoPutumayo,12207.91,11001.74
2023-09-24,19,PT1H,MC-BajoPutumayo,14182.52,12157.83
2023-09-24,20,PT1H,MC-BajoPutumayo,14429.54,11906.57
2023-09-24,21,PT1H,MC-BajoPutumayo,14084.66,11250.03
2023-09-24,22,PT1H,MC-BajoPutumayo,13066.52,10252.79
2023-09-24,23,PT1H,MC-BajoPutumayo,11344.64,9058.73
2023-09-24,24,PT1H,MC-BajoPutumayo,9959.26,8001.48
2026-01-15,1,PT1H,MC-BajoPutumayo,7774.38,8052.9
2026-01-15,2,PT1H,MC-BajoPutumayo,7415.11,7597.8
2026-01-15,3,PT1H,MC-BajoPutumayo,7208.5,7258.3
2026-01-15,4,PT1H,MC-BajoPutumayo,7271.93,7050.4
2026-01-15,5,PT1H,MC-BajoPutumayo,7172.58,7003.2
2026-01-15,6,PT1H,MC-BajoPutumayo,7809.89,6979.6
2026-01-15,7,PT1H,MC-BajoPutumayo,7935.24,7427.3
2026-01-15,8,PT1H,MC-BajoPutumayo,9055.81,8661.4
2026-01-15,9,PT1H,MC-BajoPutumayo,10087.53,10177.8
2026-01-15,10,PT1H,MC-BajoPutumayo,9085.74,10867.0
2026-01-15,11,PT1H,MC-BajoPutumayo,9250.8,11905.5
2026-01-15,12,PT1H,MC-BajoPutumayo,9692.58,12800.5
2026-01-15,13,PT1H,MC-BajoPutumayo,9056.26,12779.8
2026-01-15,14,PT1H,MC-BajoPutumayo,8349.97,12744.2
2026-01-15,15,PT1H,MC-BajoPutumayo,13054.62,12968.7
2026-01-15,16,PT1H,MC-BajoPutumayo,12074.12,13046.0
2026-01-15,17,PT1H,MC-BajoPutumayo,11183.47,13091.6
2026-01-15,18,PT1H,MC-BajoPutumayo,13090.94,13393.0
2026-01-15,19,PT1H,MC-BajoPutumayo,14932.32,14356.8
2026-01-15,20,PT1H,MC-BajoPutumayo,14077.58,14030.0
2026-01-15,21,PT1H,MC-BajoPutumayo,13899.59,12963.1
2026-01-15,22,PT1H,MC-BajoPutumayo,12460.13,11963.4
2026-01-15,23,PT1H,MC-BajoPutumayo,10739.38,10852.6
2026-01-15,24,PT1H,MC-BajoPutumayo,9150.59,8749.9
2022-11-11,1,PT1H,MC-BajoPutumayo,7354.61,6669.91
2022-11-11,2,PT1H,MC-BajoPutumayo,6752.3,6564.46
2022-11-11,3,PT1H,MC-BajoPutumayo,6527.77,6345.03
2022-11-11,4,PT1H,MC-BajoPutumayo,6634.12,6206.21
2022-11-11,5,PT1H,MC-BajoPutumayo,6676.61,6147.03
2022-11-11,6,PT1H,MC-BajoPutumayo,7101.19,7097.09
2022-11-11,7,PT1H,MC-BajoPutumayo,7944.89,7949.24
2022-11-11,8,PT1H,MC-BajoPutumayo,8929.64,8716.65
2022-11-11,9,PT1H,MC-BajoPutumayo,10104.69,9795.79
2022-11-11,10,PT1H,MC-BajoPutumayo,11205.84,10433.38
2022-11-11,11,PT1H,MC-BajoPutumayo,12032.07,11142.95
2022-11-11,12,PT1H,MC-BajoPutumayo,12879.06,11852.51
2022-11-11,13,PT1H,MC-BajoPutumayo,12655.22,11711.98
2022-11-11,14,PT1H,MC-BajoPutumayo,12921.17,11962.59
2022-11-11,15,PT1H,MC-BajoPutumayo,13719.02,12180.8
2022-11-11,16,PT1H,MC-BajoPutumayo,13889.49,12562.68
2022-11-11,17,PT1H,MC-BajoPutumayo,13532.1,12616.26
2022-11-11,18,PT1H,MC-BajoPutumayo,13360.64,12393.17
2022-11-11,19,PT1H,MC-BajoPutumayo,14542.7,13694.91
2022-11-11,20,PT1H,MC-BajoPutumayo,14126.42,13948.68
2022-11-11,21,PT1H,MC-BajoPutumayo,13222.22,13188.58
2022-11-11,22,PT1H,MC-BajoPutumayo,12135.3,11966.0
2022-11-11,23,PT1H,MC-BajoPutumayo,10700.9,10337.91
2022-11-11,24,PT1H,MC-BajoPutumayo,9256.89,8707.88
2023-03-15,1,PT1H,MC-BajoPutumayo,6647.61,7267.26
2023-03-15,2,PT1H,MC-BajoPutumayo,6230.29,6858.11
2023-03-15,3,PT1H,MC-BajoPutumayo,6057.79,6576.77
2023-03-15,4,PT1H,MC-BajoPutumayo,5962.65,6489.48
2023-03-15,5,PT1H,MC-BajoPutumayo,5994.9,6416.31
2023-03-15,6,PT1H,MC-BajoPutumayo,6645.56,6969.25
2023-03-15,7,PT1H,MC-BajoPutumayo,7532.49,7695.17
2023-03-15,8,PT1H,MC-BajoPutumayo,8064.93,8506.53
2023-03-15,9,PT1H,MC-BajoPutumayo,9034.99,9685.82
2023-03-15,10,PT1H,MC-BajoPutumayo,9313.71,10249.42
2023-03-15,11,PT1H,MC-BajoPutumayo,9376.72,10693.77
2023-03-15,12,PT1H,MC-BajoPutumayo,9663.55,11083.0
2023-03-15,13,PT1H,MC-BajoPutumayo,9211.97,10840.11
2023-03-15,14,PT1H,MC-BajoPutumayo,9282.08,10867.43
2023-03-15,15,PT1H,MC-BajoPutumayo,9806.62,11334.7
2023-03-15,16,PT1H,MC-BajoPutumayo,10052.79,11442.14
2023-03-15,17,PT1H,MC-BajoPutumayo,9985.11,11298.81
2023-03-15,18,PT1H,MC-BajoPutumayo,10039.26,11624.37
2023-03-15,19,PT1H,MC-BajoPutumayo,10135.28,12407.48
2023-03-15,20,PT1H,MC-BajoPutumayo,9858.59,12919.44
2023-03-15,21,PT1H,MC-BajoPutumayo,10448.88,12084.7
2023-03-15,22,PT1H,MC-BajoPutumayo,9241.34,10884.33
2023-03-15,23,PT1H,MC-BajoPutumayo,8103.73,9345.67
2023-03-15,24,PT1H,MC-BajoPutumayo,6922.98,8008.69
2023-05-02,1,PT1H,MC-BajoPutumayo,7687.69,6688.67
2023-05-02,2,PT1H,MC-BajoPutumayo,7205.39,6296.53
2023-05-02,3,PT1H,MC-BajoPutumayo,6981.57,6080.35
2023-05-02,4,PT1H,MC-BajoPutumayo,6861.53,5976.95
2023-05-02,5,PT1H,MC-BajoPutumayo,6863.98,5969.76
2023-05-02,6,PT1H,MC-BajoPutumayo,7463.55,6430.6
2023-05-02,7,PT1H,MC-BajoPutumayo,6773.79,5850.02
2023-05-02,8,PT1H,MC-BajoPutumayo,7593.14,6495.9
2023-05-02,9,PT1H,MC-BajoPutumayo,8776.76,7509.51
2023-05-02,10,PT1H,MC-BajoPutumayo,9716.39,8209.19
2023-05-02,11,PT1H,MC-BajoPutumayo,10562.11,8743.43
2023-05-02,12,PT1H,MC-BajoPutumayo,11043.1,9061.13
2023-05-02,13,PT1H,MC-BajoPutumayo,11084.63,8866.65
2023-05-02,14,PT1H,MC-BajoPutumayo,11031.55,9166.97
2023-05-02,15,PT1H,MC-BajoPutumayo,11540.88,9974.23
2023-05-02,16,PT1H,MC-BajoPutumayo,11576.05,10212.71
2023-05-02,17,PT1H,MC-BajoPutumayo,11234.52,10188.36
2023-05-02,18,PT1H,MC-BajoPutumayo,10569.66,11769.14
2023-05-02,19,PT1H,MC-BajoPutumayo,11239.77,12672.16
2023-05-02,20,PT1H,MC-BajoPutumayo,12755.48,12929.16
2023-05-02,21,PT1H,MC-BajoPutumayo,12842.47,12154.41
2023-05-02,22,PT1H,MC-BajoPutumayo,11625.6,10970.44
2023-05-02,23,PT1H,MC-BajoPutumayo,9934.49,9440.37
2023-05-02,24,PT1H,MC-BajoPutumayo,8644.8,8220.17
2024-05-05,1,PT1H,MC-BajoPutumayo,8855.09,8885.53
2024-05-05,2,PT1H,MC-BajoPutumayo,8351.14,8272.8
2024-05-05,3,PT1H,MC-BajoPutumayo,7917.62,7805.99
2024-05-05,4,PT1H,MC-BajoPutumayo,8378.51,7460.03
2024-05-05,5,PT1H,MC-BajoPutumayo,8045.86,7331.24
2024-05-05,6,PT1H,MC-BajoPutumayo,8098.81,7387.04
2024-05-05,7,PT1H,MC-BajoPutumayo,8050.31,7497.51
2024-05-05,8,PT1H,MC-BajoPutumayo,8715.31,8233.64
2024-05-05,9,PT1H,MC-BajoPutumayo,9536.13,9287.4
2024-05-05,10,PT1H,MC-BajoPutumayo,9987.62,10147.34
2024-05-05,11,PT1H,MC-BajoPutumayo,10474.45,11011.56
2024-05-05,12,PT1H,MC-BajoPutumayo,11415.61,11746.99
2024-05-05,13,PT1H,MC-BajoPutumayo,12123.58,12070.24
2024-05-05,14,PT1H,MC-BajoPutumayo,12329.97,11967.37
2024-05-05,15,PT1H,MC-BajoPutumayo,12456.19,11983.33
2024-05-05,16,PT1H,MC-BajoPutumayo,12510.83,11930.35
2024-05-05,17,PT1H,MC-BajoPutumayo,12514.09,11883.22
2024-05-05,18,PT1H,MC-BajoPutumayo,12347.39,11986.33
2024-05-05,19,PT1H,MC-BajoPutumayo,13683.28,13161.04
2024-05-05,20,PT1H,MC-BajoPutumayo,13856.12,13824.54
2024-05-05,21,PT1H,MC-BajoPutumayo,13024.49,13617.31
2024-05-05,22,PT1H,MC-BajoPutumayo,10728.47,12521.55
2024-05-05,23,PT1H,MC-BajoPutumayo,9061.0,10466.33
2024-05-05,24,PT1H,MC-BajoPutumayo,8048.0,9188.55
2022-09-05,1,PT1H,MC-BajoPutumayo,6583.03,6745.34
2022-09-05,2,PT1H,MC-BajoPutumayo,6244.02,6231.46
2022-09-05,3,PT1H,MC-BajoPutumayo,6081.78,6051.04
2022-09-05,4,PT1H,MC-BajoPutumayo,6001.73,5889.74
2022-09-05,5,PT1H,MC-BajoPutumayo,6108.96,6031.47
2022-09-05,6,PT1H,MC-BajoPutumayo,6775.79,6394.34
2022-09-05,7,PT1H,MC-BajoPutumayo,7575.11,6889.08
2022-09-05,8,PT1H,MC-BajoPutumayo,8688.11,7808.76
2022-09-05,9,PT1H,MC-BajoPutumayo,9391.76,8850.29
2022-09-05,10,PT1H,MC-BajoPutumayo,9887.29,9671.52
2022-09-05,11,PT1H,MC-BajoPutumayo,10418.0,10205.87
2022-09-05,12,PT1H,MC-BajoPutumayo,10867.16,10760.89
2022-09-05,13,PT1H,MC-BajoPutumayo,10406.87,10521.11
2022-09-05,14,PT1H,MC-BajoPutumayo,10790.71,10442.86
2022-09-05,15,PT1H,MC-BajoPutumayo,11343.57,10910.8
2022-09-05,16,PT1H,MC-BajoPutumayo,11374.75,11146.2
2022-09-05,17,PT1H,MC-BajoPutumayo,11142.67,10973.94
2022-09-05,18,PT1H,MC-BajoPutumayo,11230.87,10825.58
2022-09-05,19,PT1H,MC-BajoPutumayo,11549.48,11816.89
2022-09-05,20,PT1H,MC-BajoPutumayo,10572.72,12428.5
2022-09-05,21,PT1H,MC-BajoPutumayo,11462.2,11636.06
2022-09-05,22,PT1H,MC-BajoPutumayo,10038.0,10412.36
2022-09-05,23,PT1H,MC-BajoPutumayo,8478.09,8737.61
2022-09-05,24,PT1H,MC-BajoPutumayo,7169.8,7467.32
2024-09-10,1,PT1H,MC-BajoPutumayo,7080.54,7064.5
2024-09-10,2,PT1H,MC-BajoPutumayo,6720.16,6750.1
2024-09-10,3,PT1H,MC-BajoPutumayo,6449.11,6618.8
2024-09-10,4,PT1H,MC-BajoPutumayo,6364.16,6491.0
2024-09-10,5,PT1H,MC-BajoPutumayo,6516.44,6695.9
2024-09-10,6,PT1H,MC-BajoPutumayo,7234.39,7483.9
2024-09-10,7,PT1H,MC-BajoPutumayo,7615.08,8155.9
2024-09-10,8,PT1H,MC-BajoPutumayo,8394.0,9055.9
2024-09-10,9,PT1H,MC-BajoPutumayo,9416.38,9810.4
2024-09-10,10,PT1H,MC-BajoPutumayo,10781.04,10765.7
2024-09-10,11,PT1H,MC-BajoPutumayo,11257.27,11345.5
2024-09-10,12,PT1H,MC-BajoPutumayo,11870.97,11749.1
2024-09-10,13,PT1H,MC-BajoPutumayo,11780.77,11542.6
2024-09-10,14,PT1H,MC-BajoPutumayo,12488.45,12187.1
2024-09-10,15,PT1H,MC-BajoPutumayo,13265.23,13040.0
2024-09-10,16,PT1H,MC-BajoPutumayo,13537.42,12755.4
2024-09-10,17,PT1H,MC-BajoPutumayo,13651.77,12548.0
2024-09-10,18,PT1H,MC-BajoPutumayo,13579.24,12348.8
2024-09-10,19,PT1H,MC-BajoPutumayo,15014.73,13667.6
2024-09-10,20,PT1H,MC-BajoPutumayo,14345.86,13642.6
2024-09-10,21,PT1H,MC-BajoPutumayo,13161.5,12710.5
2024-09-10,22,PT1H,MC-BajoPutumayo,11345.31,11245.3
2024-09-10,23,PT1H,MC-BajoPutumayo,9608.77,9479.7
2024-09-10,24,PT1H,MC-BajoPutumayo,8360.49,8179.4
2022-12-29,1,PT1H,MC-BajoPutumayo,8430.93,8274.08
2022-12-29,2,PT1H,MC-BajoPutumayo,7975.56,7730.83
2022-12-29,3,PT1H,MC-BajoPutumayo,7720.48,7329.14
2022-12-29,4,PT1H,MC-BajoPutumayo,7476.01,7132.28
2022-12-29,5,PT1H,MC-BajoPutumayo,7391.07,7215.25
2022-12-29,6,PT1H,MC-BajoPutumayo,7499.67,7359.42
2022-12-29,7,PT1H,MC-BajoPutumayo,7778.71,7966.02
2022-12-29,8,PT1H,MC-BajoPutumayo,9254.31,9270.59
2022-12-29,9,PT1H,MC-BajoPutumayo,10633.39,10740.89
2022-12-29,10,PT1H,MC-BajoPutumayo,11970.36,11425.45
2022-12-29,11,PT1H,MC-BajoPutumayo,12830.96,12166.0
2022-12-29,12,PT1H,MC-BajoPutumayo,13721.92,12847.4
2022-12-29,13,PT1H,MC-BajoPutumayo,13577.79,12652.63
2022-12-29,14,PT1H,MC-BajoPutumayo,13420.82,12833.21
2022-12-29,15,PT1H,MC-BajoPutumayo,14564.64,13286.29
2022-12-29,16,PT1H,MC-BajoPutumayo,14474.32,13276.11
2022-12-29,17,PT1H,MC-BajoPutumayo,14300.46,13074.96
2022-12-29,18,PT1H,MC-BajoPutumayo,14054.64,12889.45
2022-12-29,19,PT1H,MC-BajoPutumayo,14924.42,14229.76
2022-12-29,20,PT1H,MC-BajoPutumayo,15281.32,14450.04
2022-12-29,21,PT1H,MC-BajoPutumayo,14490.76,13511.81
2022-12-29,22,PT1H,MC-BajoPutumayo,13335.01,12323.72
2022-12-29,23,PT1H,MC-BajoPutumayo,11809.18,10619.62
2022-12-29,24,PT1H,MC-BajoPutumayo,10385.58,9309.27
2024-06-08,1,PT1H,MC-BajoPutumayo,6826.09,7669.1
2024-06-08,2,PT1H,MC-BajoPutumayo,6477.98,7272.6
2024-06-08,3,PT1H,MC-BajoPutumayo,6229.67,6925.2
2024-06-08,4,PT1H,MC-BajoPutumayo,6141.22,6730.3
2024-06-08,5,PT1H,MC-BajoPutumayo,6225.05,6707.1
2024-06-08,6,PT1H,MC-BajoPutumayo,6583.19,6858.9
2024-06-08,7,PT1H,MC-BajoPutumayo,7016.68,7262.9
2024-06-08,8,PT1H,MC-BajoPutumayo,8186.27,8288.7
2024-06-08,9,PT1H,MC-BajoPutumayo,9332.58,9324.3
2024-06-08,10,PT1H,MC-BajoPutumayo,9994.96,9888.6
2024-06-08,11,PT1H,MC-BajoPutumayo,10448.1,10260.9
2024-06-08,12,PT1H,MC-BajoPutumayo,11037.3,10499.2
2024-06-08,13,PT1H,MC-BajoPutumayo,11014.02,10361.5
2024-06-08,14,PT1H,MC-BajoPutumayo,11058.98,10075.8
2024-06-08,15,PT1H,MC-BajoPutumayo,11111.73,10052.8
2024-06-08,16,PT1H,MC-BajoPutumayo,11209.9,10127.7
2024-06-08,17,PT1H,MC-BajoPutumayo,11262.88,10452.8
2024-06-08,18,PT1H,MC-BajoPutumayo,11308.01,10250.1
2024-06-08,19,PT1H,MC-BajoPutumayo,12787.38,11602.3
2024-06-08,20,PT1H,MC-BajoPutumayo,12734.68,11667.8
2024-06-08,21,PT1H,MC-BajoPutumayo,12027.27,10976.3
2024-06-08,22,PT1H,MC-BajoPutumayo,11097.08,10118.1
2024-06-08,23,PT1H,MC-BajoPutumayo,9845.71,9032.8
2024-06-08,24,PT1H,MC-BajoPutumayo,8710.94,8094.2
2023-11-23,1,PT1H,MC-BajoPutumayo,7999.31,8337.29
2023-11-23,2,PT1H,MC-BajoPutumayo,7498.33,7854.67
2023-11-23,3,PT1H,MC-BajoPutumayo,7275.86,7561.08
2023-11-23,4,PT1H,MC-BajoPutumayo,7084.12,7387.35
2023-11-23,5,PT1H,MC-BajoPutumayo,7199.59,7380.52
2023-11-23,6,PT1H,MC-BajoPutumayo,7913.74,7877.22
2023-11-23,7,PT1H,MC-BajoPutumayo,8132.15,8531.21
2023-11-23,8,PT1H,MC-BajoPutumayo,9051.32,9239.05
2023-11-23,9,PT1H,MC-BajoPutumayo,11085.98,10396.15
2023-11-23,10,PT1H,MC-BajoPutumayo,12017.92,11096.8
2023-11-23,11,PT1H,MC-BajoPutumayo,13155.28,11656.88
2023-11-23,12,PT1H,MC-BajoPutumayo,13637.81,12192.52
2023-11-23,13,PT1H,MC-BajoPutumayo,13202.57,11985.14
2023-11-23,14,PT1H,MC-BajoPutumayo,13496.53,11629.63
2023-11-23,15,PT1H,MC-BajoPutumayo,14378.37,12158.35
2023-11-23,16,PT1H,MC-BajoPutumayo,14561.03,12325.59
2023-11-23,17,PT1H,MC-BajoPutumayo,13733.29,12396.96
2023-11-23,18,PT1H,MC-BajoPutumayo,12999.06,12387.92
2023-11-23,19,PT1H,MC-BajoPutumayo,13591.48,13626.88
2023-11-23,20,PT1H,MC-BajoPutumayo,13629.31,13698.83
2023-11-23,21,PT1H,MC-BajoPutumayo,12781.23,12469.43
2023-11-23,22,PT1H,MC-BajoPutumayo,11282.01,11467.23
2023-11-23,23,PT1H,MC-BajoPutumayo,9712.74,9915.84
2023-11-23,24,PT1H,MC-BajoPutumayo,8352.45,8675.93
2025-11-08,1,PT1H,MC-BajoPutumayo,9511.97,8262.7
2025-11-08,2,PT1H,MC-BajoPutumayo,8934.38,7731.7
2025-11-08,3,PT1H,MC-BajoPutumayo,8489.67,7385.7
2025-11-08,4,PT1H,MC-BajoPutumayo,8258.03,7213.1
2025-11-08,5,PT1H,MC-BajoPutumayo,8212.58,7203.9
2025-11-08,6,PT1H,MC-BajoPutumayo,8317.58,7353.3
2025-11-08,7,PT1H,MC-BajoPutumayo,9034.47,8013.3
2025-11-08,8,PT1H,MC-BajoPutumayo,10474.15,8986.3
2025-11-08,9,PT1H,MC-BajoPutumayo,12203.0,10647.0
2025-11-08,10,PT1H,MC-BajoPutumayo,13589.25,11757.0
2025-11-08,11,PT1H,MC-BajoPutumayo,13943.32,12687.7
2025-11-08,12,PT1H,MC-BajoPutumayo,12828.13,13449.4
2025-11-08,13,PT1H,MC-BajoPutumayo,8841.16,13456.6
2025-11-08,14,PT1H,MC-BajoPutumayo,8572.56,13507.4
2025-11-08,15,PT1H,MC-BajoPutumayo,8577.12,13896.9
2025-11-08,16,PT1H,MC-BajoPutumayo,7679.73,14062.9
2025-11-08,17,PT1H,MC-BajoPutumayo,8277.43,13991.1
2025-11-08,18,PT1H,MC-BajoPutumayo,8375.09,14087.2
2025-11-08,19,PT1H,MC-BajoPutumayo,8892.03,15781.2
2025-11-08,20,PT1H,MC-BajoPutumayo,8802.86,15435.4
2025-11-08,21,PT1H,MC-BajoPutumayo,8240.69,14418.6
2025-11-08,22,PT1H,MC-BajoPutumayo,7535.77,13207.7
2025-11-08,23,PT1H,MC-BajoPutumayo,6547.14,11771.4
2025-11-08,24,PT1H,MC-BajoPutumayo,8075.97,10368.7
2022-08-18,1,PT1H,MC-BajoPutumayo,7185.04,7199.44
2022-08-18,2,PT1H,MC-BajoPutumayo,6950.06,6759.15
2022-08-18,3,PT1H,MC-BajoPutumayo,6607.13,6564.9
2022-08-18,4,PT1H,MC-BajoPutumayo,6370.79,6459.44
2022-08-18,5,PT1H,MC-BajoPutumayo,6378.91,6510.51
2022-08-18,6,PT1H,MC-BajoPutumayo,6794.42,7223.78
2022-08-18,7,PT1H,MC-BajoPutumayo,7411.89,8248.1
2022-08-18,8,PT1H,MC-BajoPutumayo,8652.39,9055.22
2022-08-18,9,PT1H,MC-BajoPutumayo,10219.37,10037.39
2022-08-18,10,PT1H,MC-BajoPutumayo,11521.36,10551.78
2022-08-18,11,PT1H,MC-BajoPutumayo,12696.22,11179.94
2022-08-18,12,PT1H,MC-BajoPutumayo,13073.62,11870.09
2022-08-18,13,PT1H,MC-BajoPutumayo,12733.54,11565.56
2022-08-18,14,PT1H,MC-BajoPutumayo,13032.0,11904.19
2022-08-18,15,PT1H,MC-BajoPutumayo,13609.66,12661.46
2022-08-18,16,PT1H,MC-BajoPutumayo,13814.96,12955.73
2022-08-18,17,PT1H,MC-BajoPutumayo,13669.58,13034.96
2022-08-18,18,PT1H,MC-BajoPutumayo,13357.14,12869.86
2022-08-18,19,PT1H,MC-BajoPutumayo,14221.01,13830.3
2022-08-18,20,PT1H,MC-BajoPutumayo,14483.19,14343.59
2022-08-18,21,PT1H,MC-BajoPutumayo,13568.52,13325.11
2022-08-18,22,PT1H,MC-BajoPutumayo,12362.05,11879.94
2022-08-18,23,PT1H,MC-BajoPutumayo,10532.45,10000.33
2022-08-18,24,PT1H,MC-BajoPutumayo,9144.92,8531.63
2023-08-10,1,PT1H,MC-BajoPutumayo,7813.06,7779.48
2023-08-10,2,PT1H,MC-BajoPutumayo,7332.33,7266.54
2023-08-10,3,PT1H,MC-BajoPutumayo,7014.25,7017.29
2023-08-10,4,PT1H,MC-BajoPutumayo,6929.63,6846.48
2023-08-10,5,PT1H,MC-BajoPutumayo,6928.09,6875.57
2023-08-10,6,PT1H,MC-BajoPutumayo,7492.42,7251.37
2023-08-10,7,PT1H,MC-BajoPutumayo,8125.99,7800.13
2023-08-10,8,PT1H,MC-BajoPutumayo,9183.58,8971.72
2023-08-10,9,PT1H,MC-BajoPutumayo,10484.72,10287.34
2023-08-10,10,PT1H,MC-BajoPutumayo,11467.49,10963.68
2023-08-10,11,PT1H,MC-BajoPutumayo,12435.76,11592.47
2023-08-10,12,PT1H,MC-BajoPutumayo,13146.7,12263.54
2023-08-10,13,PT1H,MC-BajoPutumayo,12785.93,11969.04
2023-08-10,14,PT1H,MC-BajoPutumayo,13140.24,12210.96
2023-08-10,15,PT1H,MC-BajoPutumayo,14076.31,12924.21
2023-08-10,16,PT1H,MC-BajoPutumayo,15852.73,12878.09
2023-08-10,17,PT1H,MC-BajoPutumayo,14836.33,12687.25
2023-08-10,18,PT1H,MC-BajoPutumayo,13895.79,12259.29
2023-08-10,19,PT1H,MC-BajoPutumayo,14784.39,13170.39
2023-08-10,20,PT1H,MC-BajoPutumayo,15099.82,13382.66
2023-08-10,21,PT1H,MC-BajoPutumayo,14308.9,12402.86
2023-08-10,22,PT1H,MC-BajoPutumayo,13130.76,11283.36
2023-08-10,23,PT1H,MC-BajoPutumayo,11162.64,9741.98
2023-08-10,24,PT1H,MC-BajoPutumayo,9264.32,8407.16
2022-06-22,1,PT1H,MC-BajoPutumayo,6994.36,7054.25
2022-06-22,2,PT1H,MC-BajoPutumayo,6581.49,6746.47
2022-06-22,3,PT1H,MC-BajoPutumayo,6382.57,6494.43
2022-06-22,4,PT1H,MC-BajoPutumayo,6252.5,6371.87
2022-06-22,5,PT1H,MC-BajoPutumayo,6257.28,6294.23
2022-06-22,6,PT1H,MC-BajoPutumayo,6634.14,6879.66
2022-06-22,7,PT1H,MC-BajoPutumayo,7114.01,7593.33
2022-06-22,8,PT1H,MC-BajoPutumayo,8394.64,8241.73
2022-06-22,9,PT1H,MC-BajoPutumayo,9093.39,8822.19
2022-06-22,10,PT1H,MC-BajoPutumayo,10404.79,9751.2
2022-06-22,11,PT1H,MC-BajoPutumayo,11626.64,10482.66
2022-06-22,12,PT1H,MC-BajoPutumayo,11148.06,11087.34
2022-06-22,13,PT1H,MC-BajoPutumayo,11162.05,10948.99
2022-06-22,14,PT1H,MC-BajoPutumayo,11453.86,11136.94
2022-06-22,15,PT1H,MC-BajoPutumayo,11806.6,11526.65
2022-06-22,16,PT1H,MC-BajoPutumayo,12241.44,11254.79
2022-06-22,17,PT1H,MC-BajoPutumayo,12068.28,11134.3
2022-06-22,18,PT1H,MC-BajoPutumayo,11265.21,11884.97
2022-06-22,19,PT1H,MC-BajoPutumayo,11222.9,12563.01
2022-06-22,20,PT1H,MC-BajoPutumayo,13327.21,12795.75
2022-06-22,21,PT1H,MC-BajoPutumayo,11922.98,11913.83
2022-06-22,22,PT1H,MC-BajoPutumayo,10504.62,10739.49
2022-06-22,23,PT1H,MC-BajoPutumayo,8900.11,9146.98
2022-06-22,24,PT1H,MC-BajoPutumayo,7718.53,7637.46
2024-07-20,1,PT1H,MC-BajoPutumayo,7633.52,7482.2
2024-07-20,2,PT1H,MC-BajoPutumayo,7151.81,7011.5
2024-07-20,3,PT1H,MC-BajoPutumayo,6898.41,6695.6
2024-07-20,4,PT1H,MC-BajoPutumayo,6754.09,6479.0
2024-07-20,5,PT1H,MC-BajoPutumayo,6766.72,6438.6
2024-07-20,6,PT1H,MC-BajoPutumayo,7043.15,6625.8
2024-07-20,7,PT1H,MC-BajoPutumayo,7274.3,6877.2
2024-07-20,8,PT1H,MC-BajoPutumayo,8585.24,7772.4
2024-07-20,9,PT1H,MC-BajoPutumayo,9511.22,9067.1
2024-07-20,10,PT1H,MC-BajoPutumayo,10382.54,9948.3
2024-07-20,11,PT1H,MC-BajoPutumayo,11002.27,10497.6
2024-07-20,12,PT1H,MC-BajoPutumayo,11450.34,10952.6
2024-07-20,13,PT1H,MC-BajoPutumayo,11692.94,10769.8
2024-07-20,14,PT1H,MC-BajoPutumayo,10810.19,10769.9
2024-07-20,15,PT1H,MC-BajoPutumayo,10576.19,10908.7
2024-07-20,16,PT1H,MC-BajoPutumayo,10460.83,10973.4
2024-07-20,17,PT1H,MC-BajoPutumayo,10545.32,11113.0
2024-07-20,18,PT1H,MC-BajoPutumayo,10636.05,11118.9
2024-07-20,19,PT1H,MC-BajoPutumayo,12093.11,12326.9
2024-07-20,20,PT1H,MC-BajoPutumayo,12350.65,12383.3
2024-07-20,21,PT1H,MC-BajoPutumayo,11344.18,11560.3
2024-07-20,22,PT1H,MC-BajoPutumayo,10238.63,10627.7
2024-07-20,23,PT1H,MC-BajoPutumayo,8868.32,9502.3
2024-07-20,24,PT1H,MC-BajoPutumayo,7872.49,8452.2
2025-07-21,1,PT1H,MC-BajoPutumayo,7550.55,7273.8
2025-07-21,2,PT1H,MC-BajoPutumayo,7050.19,6905.3
2025-07-21,3,PT1H,MC-BajoPutumayo,6720.56,6621.8
2025-07-21,4,PT1H,MC-BajoPutumayo,6592.68,6485.7
2025-07-21,5,PT1H,MC-BajoPutumayo,6613.82,6582.8
2025-07-21,6,PT1H,MC-BajoPutumayo,7212.03,7009.2
2025-07-21,7,PT1H,MC-BajoPutumayo,7994.7,7566.6
2025-07-21,8,PT1H,MC-BajoPutumayo,8632.8,8601.8
2025-07-21,9,PT1H,MC-BajoPutumayo,9720.01,10009.7
2025-07-21,10,PT1H,MC-BajoPutumayo,10523.48,10974.6
2025-07-21,11,PT1H,MC-BajoPutumayo,11461.41,11901.3
2025-07-21,12,PT1H,MC-BajoPutumayo,12351.16,12470.9
2025-07-21,13,PT1H,MC-BajoPutumayo,12192.2,12009.9
2025-07-21,14,PT1H,MC-BajoPutumayo,12296.15,11768.3
2025-07-21,15,PT1H,MC-BajoPutumayo,13004.25,12383.0
2025-07-21,16,PT1H,MC-BajoPutumayo,13217.3,12526.5
2025-07-21,17,PT1H,MC-BajoPutumayo,13135.69,12396.4
2025-07-21,18,PT1H,MC-BajoPutumayo,13048.67,11986.6
2025-07-21,19,PT1H,MC-BajoPutumayo,14236.22,13515.3
2025-07-21,20,PT1H,MC-BajoPutumayo,14717.01,14255.6
2025-07-21,21,PT1H,MC-BajoPutumayo,13863.3,13438.3
2025-07-21,22,PT1H,MC-BajoPutumayo,12430.21,12199.8
2025-07-21,23,PT1H,MC-BajoPutumayo,10624.15,10138.2
2025-07-21,24,PT1H,MC-BajoPutumayo,9136.16,8299.9
2025-10-04,1,PT1H,MC-BajoPutumayo,7944.81,8317.3
2025-10-04,2,PT1H,MC-BajoPutumayo,7424.29,7763.7
2025-10-04,3,PT1H,MC-BajoPutumayo,7108.28,7346.9
2025-10-04,4,PT1H,MC-BajoPutumayo,6995.41,7126.5
2025-10-04,5,PT1H,MC-BajoPutumayo,7030.93,7102.9
2025-10-04,6,PT1H,MC-BajoPutumayo,7291.53,7301.7
2025-10-04,7,PT1H,MC-BajoPutumayo,8139.73,7718.1
2025-10-04,8,PT1H,MC-BajoPutumayo,8989.19,8826.1
2025-10-04,9,PT1H,MC-BajoPutumayo,10269.68,10188.0
2025-10-04,10,PT1H,MC-BajoPutumayo,11090.9,11100.3
2025-10-04,11,PT1H,MC-BajoPutumayo,11825.64,11652.1
2025-10-04,12,PT1H,MC-BajoPutumayo,12665.07,11958.9
2025-10-04,13,PT1H,MC-BajoPutumayo,12807.77,11839.9
2025-10-04,14,PT1H,MC-BajoPutumayo,12991.65,11908.5
2025-10-04,15,PT1H,MC-BajoPutumayo,13397.81,12000.7
2025-10-04,16,PT1H,MC-BajoPutumayo,13594.08,12058.6
2025-10-04,17,PT1H,MC-BajoPutumayo,13715.47,11933.1
2025-10-04,18,PT1H,MC-BajoPutumayo,13790.4,12163.4
2025-10-04,19,PT1H,MC-BajoPutumayo,15514.64,13845.4
2025-10-04,20,PT1H,MC-BajoPutumayo,15171.21,13934.2
2025-10-04,21,PT1H,MC-BajoPutumayo,14101.82,12997.9
2025-10-04,22,PT1H,MC-BajoPutumayo,12823.83,11801.5
2025-10-04,23,PT1H,MC-BajoPutumayo,11329.77,10312.0
2025-10-04,24,PT1H,MC-BajoPutumayo,10061.79,9127.8
2024-03-20,1,PT1H,MC-BajoPutumayo,9151.51,8668.33
2024-03-20,2,PT1H,MC-BajoPutumayo,8611.2,8161.73
2024-03-20,3,PT1H,MC-BajoPutumayo,8259.63,7892.7
2024-03-20,4,PT1H,MC-BajoPutumayo,8045.26,7673.72
2024-03-20,5,PT1H,MC-BajoPutumayo,8049.53,7643.98
2024-03-20,6,PT1H,MC-BajoPutumayo,8607.86,8088.28
2024-03-20,7,PT1H,MC-BajoPutumayo,8978.52,8592.76
2024-03-20,8,PT1H,MC-BajoPutumayo,9394.0,9262.01
2024-03-20,9,PT1H,MC-BajoPutumayo,10514.05,10392.74
2024-03-20,10,PT1H,MC-BajoPutumayo,11540.26,11147.91
2024-03-20,11,PT1H,MC-BajoPutumayo,12586.23,11661.29
2024-03-20,12,PT1H,MC-BajoPutumayo,13359.81,12249.69
2024-03-20,13,PT1H,MC-BajoPutumayo,13138.78,11997.2
2024-03-20,14,PT1H,MC-BajoPutumayo,13658.26,11979.19
2024-03-20,15,PT1H,MC-BajoPutumayo,14276.27,12363.84
2024-03-20,16,PT1H,MC-BajoPutumayo,14154.56,12670.58
2024-03-20,17,PT1H,MC-BajoPutumayo,14493.79,12775.24
2024-03-20,18,PT1H,MC-BajoPutumayo,14141.9,12659.22
2024-03-20,19,PT1H,MC-BajoPutumayo,15037.8,13442.67
2024-03-20,20,PT1H,MC-BajoPutumayo,15678.81,14174.49
2024-03-20,21,PT1H,MC-BajoPutumayo,14888.98,13374.13
2024-03-20,22,PT1H,MC-BajoPutumayo,13790.37,12280.94
2024-03-20,23,PT1H,MC-BajoPutumayo,11883.48,10591.7
2024-03-20,24,PT1H,MC-BajoPutumayo,10422.38,9382.73
2024-04-22,1,PT1H,MC-BajoPutumayo,10626.41,8555.16
2024-04-22,2,PT1H,MC-BajoPutumayo,10202.43,8073.77
2024-04-22,3,PT1H,MC-BajoPutumayo,9778.47,7753.43
2024-04-22,4,PT1H,MC-BajoPutumayo,9342.74,7544.02
2024-04-22,5,PT1H,MC-BajoPutumayo,9612.73,7554.99
2024-04-22,6,PT1H,MC-BajoPutumayo,10253.61,7995.01
2024-04-22,7,PT1H,MC-BajoPutumayo,10261.43,8360.23
2024-04-22,8,PT1H,MC-BajoPutumayo,9812.28,9105.73
2024-04-22,9,PT1H,MC-BajoPutumayo,11159.42,10264.96
2024-04-22,10,PT1H,MC-BajoPutumayo,12321.31,11154.2
2024-04-22,11,PT1H,MC-BajoPutumayo,12934.3,11848.34
2024-04-22,12,PT1H,MC-BajoPutumayo,13587.02,11919.96
2024-04-22,13,PT1H,MC-BajoPutumayo,13622.07,11689.91
2024-04-22,14,PT1H,MC-BajoPutumayo,14109.66,12328.73
2024-04-22,15,PT1H,MC-BajoPutumayo,15504.44,13179.35
2024-04-22,16,PT1H,MC-BajoPutumayo,15812.22,13339.15
2024-04-22,17,PT1H,MC-BajoPutumayo,15657.32,13397.53
2024-04-22,18,PT1H,MC-BajoPutumayo,15142.02,13143.01
2024-04-22,19,PT1H,MC-BajoPutumayo,15941.15,14082.5
2024-04-22,20,PT1H,MC-BajoPutumayo,16170.48,14381.15
2024-04-22,21,PT1H,MC-BajoPutumayo,15410.4,13622.81
2024-04-22,22,PT1H,MC-BajoPutumayo,14221.58,12643.99
2024-04-22,23,PT1H,MC-BajoPutumayo,12427.59,10844.24
2024-04-22,24,PT1H,MC-BajoPutumayo,10449.8,9259.96
2022-01-25,1,PT1H,MC-BajoPutumayo,6597.16,6606.6
2022-01-25,2,PT1H,MC-BajoPutumayo,6263.87,6213.01
2022-01-25,3,PT1H,MC-BajoPutumayo,6094.87,6012.28
2022-01-25,4,PT1H,MC-BajoPutumayo,5875.05,5798.89
2022-01-25,5,PT1H,MC-BajoPutumayo,5706.91,5826.24
2022-01-25,6,PT1H,MC-BajoPutumayo,6320.87,6058.71
2022-01-25,7,PT1H,MC-BajoPutumayo,6872.63,6132.37
2022-01-25,8,PT1H,MC-BajoPutumayo,7585.84,6914.47
2022-01-25,9,PT1H,MC-BajoPutumayo,8649.33,7877.36
2022-01-25,10,PT1H,MC-BajoPutumayo,9303.14,9164.19
2022-01-25,11,PT1H,MC-BajoPutumayo,9826.92,9904.11
2022-01-25,12,PT1H,MC-BajoPutumayo,10316.01,9856.68
2022-01-25,13,PT1H,MC-BajoPutumayo,10125.68,9404.7
2022-01-25,14,PT1H,MC-BajoPutumayo,10063.48,9603.57
2022-01-25,15,PT1H,MC-BajoPutumayo,10224.74,10442.89
2022-01-25,16,PT1H,MC-BajoPutumayo,10488.76,10319.23
2022-01-25,17,PT1H,MC-BajoPutumayo,10407.48,10563.82
2022-01-25,18,PT1H,MC-BajoPutumayo,10467.31,9779.9
2022-01-25,19,PT1H,MC-BajoPutumayo,11537.07,10398.77
2022-01-25,20,PT1H,MC-BajoPutumayo,11230.98,11114.18
2022-01-25,21,PT1H,MC-BajoPutumayo,10970.12,10457.29
2022-01-25,22,PT1H,MC-BajoPutumayo,10834.52,9696.43
2022-01-25,23,PT1H,MC-BajoPutumayo,8780.68,8694.23
2022-01-25,24,PT1H,MC-BajoPutumayo,7360.83,7500.59
2025-12-23,1,PT1H,MC-BajoPutumayo,9306.92,9189.2
2025-12-23,2,PT1H,MC-BajoPutumayo,8748.55,8529.4
2025-12-23,3,PT1H,MC-BajoPutumayo,8374.01,8315.8
2025-12-23,4,PT1H,MC-BajoPutumayo,8216.03,8184.3
2025-12-23,5,PT1H,MC-BajoPutumayo,8281.67,8223.6
2025-12-23,6,PT1H,MC-BajoPutumayo,8525.41,8515.7
2025-12-23,7,PT1H,MC-BajoPutumayo,9248.79,9233.1
2025-12-23,8,PT1H,MC-BajoPutumayo,11548.92,10682.5
2025-12-23,9,PT1H,MC-BajoPutumayo,12334.69,12303.9
2025-12-23,10,PT1H,MC-BajoPutumayo,13417.87,13149.0
2025-12-23,11,PT1H,MC-BajoPutumayo,14375.15,13914.1
2025-12-23,12,PT1H,MC-BajoPutumayo,15038.58,14311.3
2025-12-23,13,PT1H,MC-BajoPutumayo,14888.35,14009.5
2025-12-23,14,PT1H,MC-BajoPutumayo,15362.04,14587.2
2025-12-23,15,PT1H,MC-BajoPutumayo,16006.59,14999.7
2025-12-23,16,PT1H,MC-BajoPutumayo,16246.98,15552.0
2025-12-23,17,PT1H,MC-BajoPutumayo,15067.71,15309.1
2025-12-23,18,PT1H,MC-BajoPutumayo,15775.56,15802.8
2025-12-23,19,PT1H,MC-BajoPutumayo,17268.58,17105.8
2025-12-23,20,PT1H,MC-BajoPutumayo,16750.03,16669.2
2025-12-23,21,PT1H,MC-BajoPutumayo,15982.09,15474.8
2025-12-23,22,PT1H,MC-BajoPutumayo,14922.0,13978.6
2025-12-23,23,PT1H,MC-BajoPutumayo,13383.24,12163.4
2025-12-23,24,PT1H,MC-BajoPutumayo,11775.37,10431.5
2025-02-27,1,PT1H,MC-BajoPutumayo,8485.45,8909.8
2025-02-27,2,PT1H,MC-BajoPutumayo,7965.82,8427.7
2025-02-27,3,PT1H,MC-BajoPutumayo,7736.96,8159.5
2025-02-27,4,PT1H,MC-BajoPutumayo,7564.82,7957.7
2025-02-27,5,PT1H,MC-BajoPutumayo,7643.93,7947.9
2025-02-27,6,PT1H,MC-BajoPutumayo,8220.92,8512.7
2025-02-27,7,PT1H,MC-BajoPutumayo,8540.43,9040.9
2025-02-27,8,PT1H,MC-BajoPutumayo,9185.02,9764.8
2025-02-27,9,PT1H,MC-BajoPutumayo,9800.5,10878.4
2025-02-27,10,PT1H,MC-BajoPutumayo,10308.66,11323.2
2025-02-27,11,PT1H,MC-BajoPutumayo,10692.51,11795.3
2025-02-27,12,PT1H,MC-BajoPutumayo,11200.53,11993.7
2025-02-27,13,PT1H,MC-BajoPutumayo,10727.18,11600.0
2025-02-27,14,PT1H,MC-BajoPutumayo,10653.67,11738.8
2025-02-27,15,PT1H,MC-BajoPutumayo,11471.52,12835.7
2025-02-27,16,PT1H,MC-BajoPutumayo,11887.89,13272.5
2025-02-27,17,PT1H,MC-BajoPutumayo,11898.41,13343.8
2025-02-27,18,PT1H,MC-BajoPutumayo,11788.88,13154.3
2025-02-27,19,PT1H,MC-BajoPutumayo,12816.28,14044.8
2025-02-27,20,PT1H,MC-BajoPutumayo,13617.43,14785.8
2025-02-27,21,PT1H,MC-BajoPutumayo,12893.08,13892.5
2025-02-27,22,PT1H,MC-BajoPutumayo,11595.89,12483.6
2025-02-27,23,PT1H,MC-BajoPutumayo,10046.89,10860.0
2025-02-27,24,PT1H,MC-BajoPutumayo,8594.95,9488.7
2025-11-25,19,PT1H,MC-BajoPutumayo,15125.47,14944.3
2025-11-25,20,PT1H,MC-BajoPutumayo,14807.25,14765.9
2025-11-25,21,PT1H,MC-BajoPutumayo,13572.32,13730.7
2025-11-25,22,PT1H,MC-BajoPutumayo,12098.4,12424.9
2025-11-25,23,PT1H,MC-BajoPutumayo,10129.66,10610.2
2025-11-25,24,PT1H,MC-BajoPutumayo,8962.65,9305.2
2025-11-25,1,PT1H,MC-BajoPutumayo,8343.91,7478.8
2025-11-25,2,PT1H,MC-BajoPutumayo,7861.07,6922.6
2025-11-25,3,PT1H,MC-BajoPutumayo,7552.59,6701.7
2025-11-25,4,PT1H,MC-BajoPutumayo,7456.99,6639.2
2025-11-25,5,PT1H,MC-BajoPutumayo,7499.41,6749.8
2025-11-25,6,PT1H,MC-BajoPutumayo,7971.96,7359.0
2025-11-25,7,PT1H,MC-BajoPutumayo,8679.26,8067.6
2025-11-25,8,PT1H,MC-BajoPutumayo,9734.98,8815.5
2025-11-25,9,PT1H,MC-BajoPutumayo,10550.9,9412.3
2025-11-25,10,PT1H,MC-BajoPutumayo,11251.33,10093.1
2025-11-25,11,PT1H,MC-BajoPutumayo,11756.23,10806.7
2025-11-25,12,PT1H,MC-BajoPutumayo,12043.41,11334.7
2025-11-25,13,PT1H,MC-BajoPutumayo,11889.28,11142.0
2025-11-25,14,PT1H,MC-BajoPutumayo,12094.14,11629.9
2025-11-25,15,PT1H,MC-BajoPutumayo,12900.09,12595.3
2025-11-25,16,PT1H,MC-BajoPutumayo,13232.44,12768.9
2025-11-25,17,PT1H,MC-BajoPutumayo,13073.04,12823.5
2025-11-25,18,PT1H,MC-BajoPutumayo,13270.97,13243.6
2025-10-02,1,PT1H,MC-BajoPutumayo,16818.72,15828.5
2025-10-02,2,PT1H,MC-BajoPutumayo,16242.04,14854.3
2025-10-02,3,PT1H,MC-BajoPutumayo,15583.08,14177.8
2025-10-02,4,PT1H,MC-BajoPutumayo,15211.0,13973.8
2025-10-02,5,PT1H,MC-BajoPutumayo,15344.08,14098.7
2025-10-02,6,PT1H,MC-BajoPutumayo,16775.58,15368.3
2025-10-02,7,PT1H,MC-BajoPutumayo,18043.78,16755.2
2025-10-02,8,PT1H,MC-BajoPutumayo,19699.28,18123.6
2025-10-02,9,PT1H,MC-BajoPutumayo,19856.5,20262.0
2025-10-02,10,PT1H,MC-BajoPutumayo,20828.1,22029.1
2025-10-02,11,PT1H,MC-BajoPutumayo,22540.0,23777.1
2025-10-02,12,PT1H,MC-BajoPutumayo,23772.86,24819.1
2025-10-02,13,PT1H,MC-BajoPutumayo,26788.56,24329.5
2025-10-02,14,PT1H,MC-BajoPutumayo,28049.4,25041.5
2025-10-02,15,PT1H,MC-BajoPutumayo,30420.58,27581.7
2025-10-02,16,PT1H,MC-BajoPutumayo,30758.64,28236.0
2025-10-02,17,PT1H,MC-BajoPutumayo,29767.34,27745.5
2025-10-02,18,PT1H,MC-BajoPutumayo,29487.48,27352.6
2025-10-02,19,PT1H,MC-BajoPutumayo,32929.48,29906.4
2025-10-02,20,PT1H,MC-BajoPutumayo,31835.04,30019.2
2025-10-02,21,PT1H,MC-BajoPutumayo,30367.54,28084.1
2025-10-02,22,PT1H,MC-BajoPutumayo,27653.38,25233.6
2025-10-02,23,PT1H,MC-BajoPutumayo,23991.82,21634.1
2025-10-02,24,PT1H,MC-BajoPutumayo,20908.56,18598.9
2023-12-27,1,PT1H,MC-BajoPutumayo,7376.06,7700.1
2023-12-27,2,PT1H,MC-BajoPutumayo,6831.73,7106.44
2023-12-27,3,PT1H,MC-BajoPutumayo,6498.83,6833.69
2023-12-27,4,PT1H,MC-BajoPutumayo,6348.13,6673.01
2023-12-27,5,PT1H,MC-BajoPutumayo,6390.57,6697.75
2023-12-27,6,PT1H,MC-BajoPutumayo,6645.17,6983.44
2023-12-27,7,PT1H,MC-BajoPutumayo,6955.39,7330.57
2023-12-27,8,PT1H,MC-BajoPutumayo,8204.05,8362.05
2023-12-27,9,PT1H,MC-BajoPutumayo,9534.67,9579.74
2023-12-27,10,PT1H,MC-BajoPutumayo,10312.58,10159.8
2023-12-27,11,PT1H,MC-BajoPutumayo,11236.77,10814.79
2023-12-27,12,PT1H,MC-BajoPutumayo,11905.36,11239.78
2023-12-27,13,PT1H,MC-BajoPutumayo,12061.45,10761.97
2023-12-27,14,PT1H,MC-BajoPutumayo,12145.1,10587.13
2023-12-27,15,PT1H,MC-BajoPutumayo,12331.04,11109.13
2023-12-27,16,PT1H,MC-BajoPutumayo,12199.53,11265.71
2023-12-27,17,PT1H,MC-BajoPutumayo,11997.32,11523.77
2023-12-27,18,PT1H,MC-BajoPutumayo,11797.76,11248.04
2023-12-27,19,PT1H,MC-BajoPutumayo,12910.14,12286.99
2023-12-27,20,PT1H,MC-BajoPutumayo,13089.53,12433.55
2023-12-27,21,PT1H,MC-BajoPutumayo,12408.64,11744.48
2023-12-27,22,PT1H,MC-BajoPutumayo,11324.66,10630.92
2023-12-27,23,PT1H,MC-BajoPutumayo,9956.76,9207.81
2023-12-27,24,PT1H,MC-BajoPutumayo,8634.21,7973.95
2025-12-25,1,PT1H,MC-BajoPutumayo,10896.26,9121.1
2025-12-25,2,PT1H,MC-BajoPutumayo,10375.27,8588.6
2025-12-25,3,PT1H,MC-BajoPutumayo,9958.58,8279.1
2025-12-25,4,PT1H,MC-BajoPutumayo,9559.96,8051.9
2025-12-25,5,PT1H,MC-BajoPutumayo,9201.01,7594.5
2025-12-25,6,PT1H,MC-BajoPutumayo,8832.92,7746.2
2025-12-25,7,PT1H,MC-BajoPutumayo,8695.38,8957.2
2025-12-25,8,PT1H,MC-BajoPutumayo,9369.5,10510.0
2025-12-25,9,PT1H,MC-BajoPutumayo,10453.26,11237.9
2025-12-25,10,PT1H,MC-BajoPutumayo,11286.58,11956.5
2025-12-25,11,PT1H,MC-BajoPutumayo,12069.76,12788.9
2025-12-25,12,PT1H,MC-BajoPutumayo,12488.12,13340.1
2025-12-25,13,PT1H,MC-BajoPutumayo,12439.82,13745.2
2025-12-25,14,PT1H,MC-BajoPutumayo,12377.24,14314.1
2025-12-25,15,PT1H,MC-BajoPutumayo,12121.97,14832.9
2025-12-25,16,PT1H,MC-BajoPutumayo,11907.3,14541.6
2025-12-25,17,PT1H,MC-BajoPutumayo,11919.33,14420.9
2025-12-25,18,PT1H,MC-BajoPutumayo,12574.31,13855.8
2025-12-25,19,PT1H,MC-BajoPutumayo,13795.46,15303.7
2025-12-25,20,PT1H,MC-BajoPutumayo,13492.61,15231.8
2025-12-25,21,PT1H,MC-BajoPutumayo,12699.14,14367.1
2025-12-25,22,PT1H,MC-BajoPutumayo,11543.74,12984.2
2025-12-25,23,PT1H,MC-BajoPutumayo,10499.78,11372.5
2025-12-25,24,PT1H,MC-BajoPutumayo,9676.47,9987.5
2024-03-23,1,PT1H,MC-BajoPutumayo,9038.0,8344.55
2024-03-23,2,PT1H,MC-BajoPutumayo,8191.65,7851.42
2024-03-23,3,PT1H,MC-BajoPutumayo,8016.6,7497.01
2024-03-23,4,PT1H,MC-BajoPutumayo,7755.23,7280.11
2024-03-23,5,PT1H,MC-BajoPutumayo,7716.5,7156.5
2024-03-23,6,PT1H,MC-BajoPutumayo,7988.35,7146.82
2024-03-23,7,PT1H,MC-BajoPutumayo,8449.85,7261.27
2024-03-23,8,PT1H,MC-BajoPutumayo,9080.05,8029.35
2024-03-23,9,PT1H,MC-BajoPutumayo,10195.56,9051.1
2024-03-23,10,PT1H,MC-BajoPutumayo,10610.32,9701.28
2024-03-23,11,PT1H,MC-BajoPutumayo,10874.8,10152.13
2024-03-23,12,PT1H,MC-BajoPutumayo,11129.4,10536.78
2024-03-23,13,PT1H,MC-BajoPutumayo,11015.4,10719.42
2024-03-23,14,PT1H,MC-BajoPutumayo,10764.69,10679.82
2024-03-23,15,PT1H,MC-BajoPutumayo,10857.19,10785.72
2024-03-23,16,PT1H,MC-BajoPutumayo,10980.64,10802.59
2024-03-23,17,PT1H,MC-BajoPutumayo,11008.94,10834.21
2024-03-23,18,PT1H,MC-BajoPutumayo,10833.97,10807.63
2024-03-23,19,PT1H,MC-BajoPutumayo,11971.86,11696.27
2024-03-23,20,PT1H,MC-BajoPutumayo,12515.36,12537.2
2024-03-23,21,PT1H,MC-BajoPutumayo,12072.2,12219.77
2024-03-23,22,PT1H,MC-BajoPutumayo,11183.27,11401.82
2024-03-23,23,PT1H,MC-BajoPutumayo,9927.95,9985.73
2024-03-23,24,PT1H,MC-BajoPutumayo,8853.71,8777.9
2025-09-13,1,PT1H,MC-BajoPutumayo,7649.63,8657.0
2025-09-13,2,PT1H,MC-BajoPutumayo,7240.04,8119.1
2025-09-13,3,PT1H,MC-BajoPutumayo,6966.74,7785.0
2025-09-13,4,PT1H,MC-BajoPutumayo,6793.53,7639.1
2025-09-13,5,PT1H,MC-BajoPutumayo,6795.51,7549.5
2025-09-13,6,PT1H,MC-BajoPutumayo,7103.52,7796.3
2025-09-13,7,PT1H,MC-BajoPutumayo,7554.42,7817.9
2025-09-13,8,PT1H,MC-BajoPutumayo,8830.16,8639.4
2025-09-13,9,PT1H,MC-BajoPutumayo,9814.4,10162.3
2025-09-13,10,PT1H,MC-BajoPutumayo,10091.04,11342.7
2025-09-13,11,PT1H,MC-BajoPutumayo,10828.27,11831.2
2025-09-13,12,PT1H,MC-BajoPutumayo,11546.36,12451.9
2025-09-13,13,PT1H,MC-BajoPutumayo,12097.98,12685.3
2025-09-13,14,PT1H,MC-BajoPutumayo,10257.39,12589.6
2025-09-13,15,PT1H,MC-BajoPutumayo,12703.78,12860.1
2025-09-13,16,PT1H,MC-BajoPutumayo,13398.95,13059.7
2025-09-13,17,PT1H,MC-BajoPutumayo,13298.04,13137.5
2025-09-13,18,PT1H,MC-BajoPutumayo,13563.39,13011.0
2025-09-13,19,PT1H,MC-BajoPutumayo,15287.59,14222.7
2025-09-13,20,PT1H,MC-BajoPutumayo,15439.75,14658.8
2025-09-13,21,PT1H,MC-BajoPutumayo,14488.06,13724.5
2025-09-13,22,PT1H,MC-BajoPutumayo,13504.13,12498.6
2025-09-13,23,PT1H,MC-BajoPutumayo,12183.51,11014.6
2025-09-13,24,PT1H,MC-BajoPutumayo,10689.82,9634.7
2022-01-21,1,PT1H,MC-BajoPutumayo,7128.33,6358.95
2022-01-21,2,PT1H,MC-BajoPutumayo,6581.07,5942.51
2022-01-21,3,PT1H,MC-BajoPutumayo,6022.96,5771.77
2022-01-21,4,PT1H,MC-BajoPutumayo,6128.51,5467.25
2022-01-21,5,PT1H,MC-BajoPutumayo,5734.18,5709.68
2022-01-21,6,PT1H,MC-BajoPutumayo,6076.99,5930.26
2022-01-21,7,PT1H,MC-BajoPutumayo,6896.72,6155.33
2022-01-21,8,PT1H,MC-BajoPutumayo,7919.21,7164.06
2022-01-21,9,PT1H,MC-BajoPutumayo,9121.97,8343.74
2022-01-21,10,PT1H,MC-BajoPutumayo,10091.31,9171.31
2022-01-21,11,PT1H,MC-BajoPutumayo,10821.23,9696.81
2022-01-21,12,PT1H,MC-BajoPutumayo,11780.98,10141.24
2022-01-21,13,PT1H,MC-BajoPutumayo,10869.27,9903.5
2022-01-21,14,PT1H,MC-BajoPutumayo,8808.33,9976.62
2022-01-21,15,PT1H,MC-BajoPutumayo,9856.86,10476.59
2022-01-21,16,PT1H,MC-BajoPutumayo,10442.26,10575.24
2022-01-21,17,PT1H,MC-BajoPutumayo,9997.76,10491.3
2022-01-21,18,PT1H,MC-BajoPutumayo,9955.46,10162.68
2022-01-21,19,PT1H,MC-BajoPutumayo,10850.49,10581.78
2022-01-21,20,PT1H,MC-BajoPutumayo,11708.85,11204.29
2022-01-21,21,PT1H,MC-BajoPutumayo,11388.99,10499.06
2022-01-21,22,PT1H,MC-BajoPutumayo,10645.4,9574.68
2022-01-21,23,PT1H,MC-BajoPutumayo,9376.73,8121.12
2022-01-21,24,PT1H,MC-BajoPutumayo,7779.7,6815.83
2022-04-03,1,PT1H,MC-BajoPutumayo,7017.63,7368.86
2022-04-03,2,PT1H,MC-BajoPutumayo,6657.43,6959.94
2022-04-03,3,PT1H,MC-BajoPutumayo,6387.84,6616.69
2022-04-03,4,PT1H,MC-BajoPutumayo,6168.19,6363.41
2022-04-03,5,PT1H,MC-BajoPutumayo,6053.29,6091.45
2022-04-03,6,PT1H,MC-BajoPutumayo,6222.46,6272.94
2022-04-03,7,PT1H,MC-BajoPutumayo,6428.43,6585.51
2022-04-03,8,PT1H,MC-BajoPutumayo,7300.54,7393.16
2022-04-03,9,PT1H,MC-BajoPutumayo,8245.83,8203.21
2022-04-03,10,PT1H,MC-BajoPutumayo,8820.98,8837.9
2022-04-03,11,PT1H,MC-BajoPutumayo,9330.94,9390.31
2022-04-03,12,PT1H,MC-BajoPutumayo,9716.66,9857.21
2022-04-03,13,PT1H,MC-BajoPutumayo,10365.46,9894.45
2022-04-03,14,PT1H,MC-BajoPutumayo,10268.21,10002.08
2022-04-03,15,PT1H,MC-BajoPutumayo,10473.13,10127.42
2022-04-03,16,PT1H,MC-BajoPutumayo,10032.15,10293.9
2022-04-03,17,PT1H,MC-BajoPutumayo,9472.04,10254.67
2022-04-03,18,PT1H,MC-BajoPutumayo,9794.36,10427.12
2022-04-03,19,PT1H,MC-BajoPutumayo,11507.55,11227.57
2022-04-03,20,PT1H,MC-BajoPutumayo,12089.7,11806.04
2022-04-03,21,PT1H,MC-BajoPutumayo,11544.9,11263.67
2022-04-03,22,PT1H,MC-BajoPutumayo,10711.87,10228.08
2022-04-03,23,PT1H,MC-BajoPutumayo,9509.31,8868.9
2022-04-03,24,PT1H,MC-BajoPutumayo,8125.8,7697.62
2022-07-19,1,PT1H,MC-BajoPutumayo,5160.14,6789.13
2022-07-19,2,PT1H,MC-BajoPutumayo,4844.17,6406.7
2022-07-19,3,PT1H,MC-BajoPutumayo,5691.92,6173.45
2022-07-19,4,PT1H,MC-BajoPutumayo,5548.15,6059.88
2022-07-19,5,PT1H,MC-BajoPutumayo,5572.06,6070.21
2022-07-19,6,PT1H,MC-BajoPutumayo,6213.2,6430.96
2022-07-19,7,PT1H,MC-BajoPutumayo,7061.07,6768.78
2022-07-19,8,PT1H,MC-BajoPutumayo,7772.86,8100.38
2022-07-19,9,PT1H,MC-BajoPutumayo,8303.21,9308.63
2022-07-19,10,PT1H,MC-BajoPutumayo,9000.64,10060.91
2022-07-19,11,PT1H,MC-BajoPutumayo,9988.98,10697.46
2022-07-19,12,PT1H,MC-BajoPutumayo,10639.28,11212.12
2022-07-19,13,PT1H,MC-BajoPutumayo,10437.27,10861.59
2022-07-19,14,PT1H,MC-BajoPutumayo,10561.98,10903.25
2022-07-19,15,PT1H,MC-BajoPutumayo,11213.91,11398.09
2022-07-19,16,PT1H,MC-BajoPutumayo,11513.46,11549.31
2022-07-19,17,PT1H,MC-BajoPutumayo,11453.92,11585.58
2022-07-19,18,PT1H,MC-BajoPutumayo,11033.71,11436.76
2022-07-19,19,PT1H,MC-BajoPutumayo,11999.0,12251.73
2022-07-19,20,PT1H,MC-BajoPutumayo,12566.0,12704.19
2022-07-19,21,PT1H,MC-BajoPutumayo,11798.91,11999.59
2022-07-19,22,PT1H,MC-BajoPutumayo,10647.51,10910.29
2022-07-19,23,PT1H,MC-BajoPutumayo,9026.3,9320.11
2022-07-19,24,PT1H,MC-BajoPutumayo,7651.66,7785.81
2026-02-28,1,PT1H,MC-BajoPutumayo,10221.48,8712.5
2026-02-28,2,PT1H,MC-BajoPutumayo,9355.31,8127.0
2026-02-28,3,PT1H,MC-BajoPutumayo,8823.84,7804.2
2026-02-28,4,PT1H,MC-BajoPutumayo,8523.83,7831.7
2026-02-28,5,PT1H,MC-BajoPutumayo,8326.97,8159.7
2026-02-28,6,PT1H,MC-BajoPutumayo,8278.97,8316.3
2026-02-28,7,PT1H,MC-BajoPutumayo,8784.55,9568.4
2026-02-28,8,PT1H,MC-BajoPutumayo,9829.74,9473.3
2026-02-28,9,PT1H,MC-BajoPutumayo,11671.4,10882.0
2026-02-28,10,PT1H,MC-BajoPutumayo,13051.31,11910.3
2026-02-28,11,PT1H,MC-BajoPutumayo,14238.05,12104.9
2026-02-28,12,PT1H,MC-BajoPutumayo,14908.14,12323.8
2026-02-28,13,PT1H,MC-BajoPutumayo,14859.95,12180.0
2026-02-28,14,PT1H,MC-BajoPutumayo,14785.18,12577.4
2026-02-28,15,PT1H,MC-BajoPutumayo,14923.13,12994.3
2026-02-28,16,PT1H,MC-BajoPutumayo,15142.49,13979.4
2026-02-28,17,PT1H,MC-BajoPutumayo,15036.88,14056.8
2026-02-28,18,PT1H,MC-BajoPutumayo,14768.61,13482.0
2026-02-28,19,PT1H,MC-BajoPutumayo,16125.98,14852.7
2026-02-28,20,PT1H,MC-BajoPutumayo,17001.11,14691.1
2026-02-28,21,PT1H,MC-BajoPutumayo,16121.24,13791.5
2026-02-28,22,PT1H,MC-BajoPutumayo,15082.37,12215.4
2026-02-28,23,PT1H,MC-BajoPutumayo,13667.85,10805.0
2026-02-28,24,PT1H,MC-BajoPutumayo,12172.51,9525.6
2022-11-02,1,PT1H,MC-BajoPutumayo,8293.96,6661.61
2022-11-02,2,PT1H,MC-BajoPutumayo,7667.95,6068.36
2022-11-02,3,PT1H,MC-BajoPutumayo,7365.23,5805.24
2022-11-02,4,PT1H,MC-BajoPutumayo,7038.15,5725.41
2022-11-02,5,PT1H,MC-BajoPutumayo,6848.58,5971.4
2022-11-02,6,PT1H,MC-BajoPutumayo,7220.77,6302.99
2022-11-02,7,PT1H,MC-BajoPutumayo,8077.33,6707.35
2022-11-02,8,PT1H,MC-BajoPutumayo,8466.71,7390.25
2022-11-02,9,PT1H,MC-BajoPutumayo,8137.61,8091.72
2022-11-02,10,PT1H,MC-BajoPutumayo,8671.73,8868.01
2022-11-02,11,PT1H,MC-BajoPutumayo,7764.84,9354.02
2022-11-02,12,PT1H,MC-BajoPutumayo,8827.36,9752.78
2022-11-02,13,PT1H,MC-BajoPutumayo,8606.48,9713.4
2022-11-02,14,PT1H,MC-BajoPutumayo,8590.51,9730.18
2022-11-02,15,PT1H,MC-BajoPutumayo,9168.59,10500.99
2022-11-02,16,PT1H,MC-BajoPutumayo,9450.86,10620.41
2022-11-02,17,PT1H,MC-BajoPutumayo,9639.91,10204.63
2022-11-02,18,PT1H,MC-BajoPutumayo,9979.98,10339.72
2022-11-02,19,PT1H,MC-BajoPutumayo,11198.64,11545.79
2022-11-02,20,PT1H,MC-BajoPutumayo,10928.22,11412.68
2022-11-02,21,PT1H,MC-BajoPutumayo,9925.1,10210.4
2022-11-02,22,PT1H,MC-BajoPutumayo,8731.78,9802.18
2022-11-02,23,PT1H,MC-BajoPutumayo,7187.95,8544.87
2022-11-02,24,PT1H,MC-BajoPutumayo,6167.29,7127.9
2025-11-21,1,PT1H,MC-BajoPutumayo,8850.63,8853.1
2025-11-21,2,PT1H,MC-BajoPutumayo,8203.35,8312.5
2025-11-21,3,PT1H,MC-BajoPutumayo,7888.62,7979.0
2025-11-21,4,PT1H,MC-BajoPutumayo,7759.1,7773.7
2025-11-21,5,PT1H,MC-BajoPutumayo,7855.03,7759.2
2025-11-21,6,PT1H,MC-BajoPutumayo,8316.24,8242.1
2025-11-21,7,PT1H,MC-BajoPutumayo,8929.44,8870.3
2025-11-21,8,PT1H,MC-BajoPutumayo,10707.29,9728.0
2025-11-21,9,PT1H,MC-BajoPutumayo,12003.11,10842.7
2025-11-21,10,PT1H,MC-BajoPutumayo,12800.55,11515.1
2025-11-21,11,PT1H,MC-BajoPutumayo,13740.7,11828.8
2025-11-21,12,PT1H,MC-BajoPutumayo,14153.15,12299.6
2025-11-21,13,PT1H,MC-BajoPutumayo,13647.4,12147.7
2025-11-21,14,PT1H,MC-BajoPutumayo,13611.72,12399.2
2025-11-21,15,PT1H,MC-BajoPutumayo,14445.35,13271.3
2025-11-21,16,PT1H,MC-BajoPutumayo,14551.09,13611.9
2025-11-21,17,PT1H,MC-BajoPutumayo,14350.69,13610.7
2025-11-21,18,PT1H,MC-BajoPutumayo,14661.51,13768.1
2025-11-21,19,PT1H,MC-BajoPutumayo,15105.06,15426.4
2025-11-21,20,PT1H,MC-BajoPutumayo,15226.52,14958.8
2025-11-21,21,PT1H,MC-BajoPutumayo,14164.2,14458.0
2025-11-21,22,PT1H,MC-BajoPutumayo,12856.27,12769.8
2025-11-21,23,PT1H,MC-BajoPutumayo,11155.41,10627.6
2025-11-21,24,PT1H,MC-BajoPutumayo,9885.02,9580.5
2024-09-01,1,PT1H,MC-BajoPutumayo,10094.32,8332.3
2024-09-01,2,PT1H,MC-BajoPutumayo,9207.66,7770.3
2024-09-01,3,PT1H,MC-BajoPutumayo,8800.66,7408.4
2024-09-01,4,PT1H,MC-BajoPutumayo,8213.9,7188.4
2024-09-01,5,PT1H,MC-BajoPutumayo,7971.58,7032.9
2024-09-01,6,PT1H,MC-BajoPutumayo,7312.6,7042.5
2024-09-01,7,PT1H,MC-BajoPutumayo,8013.35,7346.6
2024-09-01,8,PT1H,MC-BajoPutumayo,8988.55,8486.5
2024-09-01,9,PT1H,MC-BajoPutumayo,9876.46,9606.3
2024-09-01,10,PT1H,MC-BajoPutumayo,10485.17,10483.9
2024-09-01,11,PT1H,MC-BajoPutumayo,11196.92,11084.2
2024-09-01,12,PT1H,MC-BajoPutumayo,11898.05,11562.7
2024-09-01,13,PT1H,MC-BajoPutumayo,11923.83,11485.1
2024-09-01,14,PT1H,MC-BajoPutumayo,12040.86,11269.8
2024-09-01,15,PT1H,MC-BajoPutumayo,12319.95,11124.0
2024-09-01,16,PT1H,MC-BajoPutumayo,12183.37,11235.9
2024-09-01,17,PT1H,MC-BajoPutumayo,12031.79,11135.5
2024-09-01,18,PT1H,MC-BajoPutumayo,12271.28,11194.4
2024-09-01,19,PT1H,MC-BajoPutumayo,13902.05,12519.9
2024-09-01,20,PT1H,MC-BajoPutumayo,13889.59,12837.3
2024-09-01,21,PT1H,MC-BajoPutumayo,13022.33,12177.4
2024-09-01,22,PT1H,MC-BajoPutumayo,11590.75,11132.0
2024-09-01,23,PT1H,MC-BajoPutumayo,10065.05,9662.5
2024-09-01,24,PT1H,MC-BajoPutumayo,8908.33,8529.0
2022-10-28,1,PT1H,MC-BajoPutumayo,8779.4,8933.28
2022-10-28,2,PT1H,MC-BajoPutumayo,8291.2,8069.58
2022-10-28,3,PT1H,MC-BajoPutumayo,7932.81,7631.06
2022-10-28,4,PT1H,MC-BajoPutumayo,7695.36,7366.31
2022-10-28,5,PT1H,MC-BajoPutumayo,7579.58,7281.51
2022-10-28,6,PT1H,MC-BajoPutumayo,8048.73,7468.47
2022-10-28,7,PT1H,MC-BajoPutumayo,8664.61,8114.23
2022-10-28,8,PT1H,MC-BajoPutumayo,9551.53,9294.53
2022-10-28,9,PT1H,MC-BajoPutumayo,10589.35,10540.67
2022-10-28,10,PT1H,MC-BajoPutumayo,11280.55,11308.09
2022-10-28,11,PT1H,MC-BajoPutumayo,11744.53,12669.22
2022-10-28,12,PT1H,MC-BajoPutumayo,12083.24,13165.65
2022-10-28,13,PT1H,MC-BajoPutumayo,11584.56,12740.33
2022-10-28,14,PT1H,MC-BajoPutumayo,11711.02,12903.92
2022-10-28,15,PT1H,MC-BajoPutumayo,12353.55,13362.78
2022-10-28,16,PT1H,MC-BajoPutumayo,12941.24,12964.46
2022-10-28,17,PT1H,MC-BajoPutumayo,13049.05,12872.49
2022-10-28,18,PT1H,MC-BajoPutumayo,13395.77,12806.57
2022-10-28,19,PT1H,MC-BajoPutumayo,13927.14,13833.94
2022-10-28,20,PT1H,MC-BajoPutumayo,13513.24,14050.9
2022-10-28,21,PT1H,MC-BajoPutumayo,12521.41,13260.32
2022-10-28,22,PT1H,MC-BajoPutumayo,11462.5,11986.5
2022-10-28,23,PT1H,MC-BajoPutumayo,10017.81,10749.0
2022-10-28,24,PT1H,MC-BajoPutumayo,8810.49,9169.3
2023-07-17,1,PT1H,MC-BajoPutumayo,7023.46,7294.12
2023-07-17,2,PT1H,MC-BajoPutumayo,6648.78,6822.97
2023-07-17,3,PT1H,MC-BajoPutumayo,6471.72,6492.73
2023-07-17,4,PT1H,MC-BajoPutumayo,6347.88,6291.61
2023-07-17,5,PT1H,MC-BajoPutumayo,6342.19,6241.18
2023-07-17,6,PT1H,MC-BajoPutumayo,6921.76,6468.3
2023-07-17,7,PT1H,MC-BajoPutumayo,7633.01,6754.13
2023-07-17,8,PT1H,MC-BajoPutumayo,8130.05,7492.13
2023-07-17,9,PT1H,MC-BajoPutumayo,9178.02,8964.68
2023-07-17,10,PT1H,MC-BajoPutumayo,9664.55,9845.73
2023-07-17,11,PT1H,MC-BajoPutumayo,9024.41,10506.98
2023-07-17,12,PT1H,MC-BajoPutumayo,9727.46,11029.84
2023-07-17,13,PT1H,MC-BajoPutumayo,10594.25,11158.57
2023-07-17,14,PT1H,MC-BajoPutumayo,10565.46,11047.18
2023-07-17,15,PT1H,MC-BajoPutumayo,11271.87,11307.99
2023-07-17,16,PT1H,MC-BajoPutumayo,11410.47,11318.93
2023-07-17,17,PT1H,MC-BajoPutumayo,11443.14,11130.88
2023-07-17,18,PT1H,MC-BajoPutumayo,11350.31,10953.74
2023-07-17,19,PT1H,MC-BajoPutumayo,12345.02,11950.93
2023-07-17,20,PT1H,MC-BajoPutumayo,12858.95,12126.72
2023-07-17,21,PT1H,MC-BajoPutumayo,12022.8,11844.49
2023-07-17,22,PT1H,MC-BajoPutumayo,10883.97,10751.86
2023-07-17,23,PT1H,MC-BajoPutumayo,9218.22,9295.52
2023-07-17,24,PT1H,MC-BajoPutumayo,7844.29,8028.73
2024-12-23,1,PT1H,MC-BajoPutumayo,8945.76,8134.6
2024-12-23,2,PT1H,MC-BajoPutumayo,8359.97,7717.0
2024-12-23,3,PT1H,MC-BajoPutumayo,8072.96,7399.7
2024-12-23,4,PT1H,MC-BajoPutumayo,7917.75,7340.1
2024-12-23,5,PT1H,MC-BajoPutumayo,7853.88,7362.8
2024-12-23,6,PT1H,MC-BajoPutumayo,8082.84,7642.2
2024-12-23,7,PT1H,MC-BajoPutumayo,8455.09,8710.6
2024-12-23,8,PT1H,MC-BajoPutumayo,9203.85,10200.9
2024-12-23,9,PT1H,MC-BajoPutumayo,10472.53,11183.9
2024-12-23,10,PT1H,MC-BajoPutumayo,11368.72,11933.8
2024-12-23,11,PT1H,MC-BajoPutumayo,11314.96,13054.6
2024-12-23,12,PT1H,MC-BajoPutumayo,11512.57,13333.5
2024-12-23,13,PT1H,MC-BajoPutumayo,11239.02,13124.2
2024-12-23,14,PT1H,MC-BajoPutumayo,11499.15,13090.1
2024-12-23,15,PT1H,MC-BajoPutumayo,12319.85,13614.5
2024-12-23,16,PT1H,MC-BajoPutumayo,12676.3,13630.3
2024-12-23,17,PT1H,MC-BajoPutumayo,13023.99,13219.9
2024-12-23,18,PT1H,MC-BajoPutumayo,12642.39,13616.6
2024-12-23,19,PT1H,MC-BajoPutumayo,13949.0,14534.6
2024-12-23,20,PT1H,MC-BajoPutumayo,14185.15,13772.9
2024-12-23,21,PT1H,MC-BajoPutumayo,13675.74,12681.3
2024-12-23,22,PT1H,MC-BajoPutumayo,12791.67,11355.7
2024-12-23,23,PT1H,MC-BajoPutumayo,11652.09,9872.5
2024-12-23,24,PT1H,MC-BajoPutumayo,9899.09,8653.8
2024-03-16,1,PT1H,MC-BajoPutumayo,7605.69,8857.31
2024-03-16,2,PT1H,MC-BajoPutumayo,7126.66,8305.86
2024-03-16,3,PT1H,MC-BajoPutumayo,6820.07,7851.3
2024-03-16,4,PT1H,MC-BajoPutumayo,6533.36,7640.04
2024-03-16,5,PT1H,MC-BajoPutumayo,6712.24,7490.15
2024-03-16,6,PT1H,MC-BajoPutumayo,6862.11,7491.87
2024-03-16,7,PT1H,MC-BajoPutumayo,7214.45,7600.6
2024-03-16,8,PT1H,MC-BajoPutumayo,8195.04,8339.82
2024-03-16,9,PT1H,MC-BajoPutumayo,9660.28,9392.85
2024-03-16,10,PT1H,MC-BajoPutumayo,10568.99,10076.69
2024-03-16,11,PT1H,MC-BajoPutumayo,11518.75,10604.8
2024-03-16,12,PT1H,MC-BajoPutumayo,12199.42,11095.14
2024-03-16,13,PT1H,MC-BajoPutumayo,12349.76,11329.29
2024-03-16,14,PT1H,MC-BajoPutumayo,12345.54,11395.74
2024-03-16,15,PT1H,MC-BajoPutumayo,12570.09,11433.01
2024-03-16,16,PT1H,MC-BajoPutumayo,12759.04,11434.09
2024-03-16,17,PT1H,MC-BajoPutumayo,12838.34,11457.79
2024-03-16,18,PT1H,MC-BajoPutumayo,12756.19,11400.68
2024-03-16,19,PT1H,MC-BajoPutumayo,13783.57,12317.52
2024-03-16,20,PT1H,MC-BajoPutumayo,14300.54,13158.0
2024-03-16,21,PT1H,MC-BajoPutumayo,13628.4,12815.69
2024-03-16,22,PT1H,MC-BajoPutumayo,12551.2,11977.76
2024-03-16,23,PT1H,MC-BajoPutumayo,11400.5,10485.27
2024-03-16,24,PT1H,MC-BajoPutumayo,10170.15,9171.76
2024-12-31,1,PT1H,MC-BajoPutumayo,8982.77,8710.3
2024-12-31,2,PT1H,MC-BajoPutumayo,8323.76,8207.3
2024-12-31,3,PT1H,MC-BajoPutumayo,7789.24,7824.5
2024-12-31,4,PT1H,MC-BajoPutumayo,7650.53,7484.0
2024-12-31,5,PT1H,MC-BajoPutumayo,7663.21,7426.8
2024-12-31,6,PT1H,MC-BajoPutumayo,7730.45,7484.1
2024-12-31,7,PT1H,MC-BajoPutumayo,8042.65,7959.1
2024-12-31,8,PT1H,MC-BajoPutumayo,9174.73,9078.9
2024-12-31,9,PT1H,MC-BajoPutumayo,10716.69,10916.2
2024-12-31,10,PT1H,MC-BajoPutumayo,11857.97,12146.5
2024-12-31,11,PT1H,MC-BajoPutumayo,12298.36,13324.1
2024-12-31,12,PT1H,MC-BajoPutumayo,12794.47,13771.1
2024-12-31,13,PT1H,MC-BajoPutumayo,12648.27,13413.4
2024-12-31,14,PT1H,MC-BajoPutumayo,12786.94,13454.9
2024-12-31,15,PT1H,MC-BajoPutumayo,12877.8,13765.3
2024-12-31,16,PT1H,MC-BajoPutumayo,12906.34,13752.5
2024-12-31,17,PT1H,MC-BajoPutumayo,12065.65,13872.9
2024-12-31,18,PT1H,MC-BajoPutumayo,12290.31,13630.9
2024-12-31,19,PT1H,MC-BajoPutumayo,14267.39,15105.2
2024-12-31,20,PT1H,MC-BajoPutumayo,14941.06,15079.1
2024-12-31,21,PT1H,MC-BajoPutumayo,14217.25,14299.2
2024-12-31,22,PT1H,MC-BajoPutumayo,13086.46,13217.9
2024-12-31,23,PT1H,MC-BajoPutumayo,11972.17,12004.2
2024-12-31,24,PT1H,MC-BajoPutumayo,10984.45,10989.2
2026-02-09,1,PT1H,MC-BajoPutumayo,8836.37,8838.5
2026-02-09,2,PT1H,MC-BajoPutumayo,8480.1,8369.7
2026-02-09,3,PT1H,MC-BajoPutumayo,8091.86,8002.6
2026-02-09,4,PT1H,MC-BajoPutumayo,7979.13,7807.9
2026-02-09,5,PT1H,MC-BajoPutumayo,8074.35,7776.1
2026-02-09,6,PT1H,MC-BajoPutumayo,9089.95,8017.2
2026-02-09,7,PT1H,MC-BajoPutumayo,9332.66,8403.7
2026-02-09,8,PT1H,MC-BajoPutumayo,10363.64,9889.2
2026-02-09,9,PT1H,MC-BajoPutumayo,11780.88,11065.4
2026-02-09,10,PT1H,MC-BajoPutumayo,12983.39,11967.5
2026-02-09,11,PT1H,MC-BajoPutumayo,14030.08,12926.4
2026-02-09,12,PT1H,MC-BajoPutumayo,14246.44,13697.7
2026-02-09,13,PT1H,MC-BajoPutumayo,14194.51,13869.8
2026-02-09,14,PT1H,MC-BajoPutumayo,14854.18,14046.9
2026-02-09,15,PT1H,MC-BajoPutumayo,14795.07,14498.5
2026-02-09,16,PT1H,MC-BajoPutumayo,14512.42,14332.7
2026-02-09,17,PT1H,MC-BajoPutumayo,14287.55,13960.7
2026-02-09,18,PT1H,MC-BajoPutumayo,14140.59,13798.0
2026-02-09,19,PT1H,MC-BajoPutumayo,15145.13,15404.1
2026-02-09,20,PT1H,MC-BajoPutumayo,14930.61,15138.7
2026-02-09,21,PT1H,MC-BajoPutumayo,13908.29,14361.3
2026-02-09,22,PT1H,MC-BajoPutumayo,12199.16,13164.4
2026-02-09,23,PT1H,MC-BajoPutumayo,10320.92,11305.4
2026-02-09,24,PT1H,MC-BajoPutumayo,9083.84,10012.5
2023-07-28,1,PT1H,MC-BajoPutumayo,7099.4,7236.19
2023-07-28,2,PT1H,MC-BajoPutumayo,6628.43,6812.15
2023-07-28,3,PT1H,MC-BajoPutumayo,6468.15,6520.95
2023-07-28,4,PT1H,MC-BajoPutumayo,6307.87,6477.42
2023-07-28,5,PT1H,MC-BajoPutumayo,6303.54,6480.25
2023-07-28,6,PT1H,MC-BajoPutumayo,6786.58,6859.39
2023-07-28,7,PT1H,MC-BajoPutumayo,7475.98,7383.46
2023-07-28,8,PT1H,MC-BajoPutumayo,8171.42,8413.13
2023-07-28,9,PT1H,MC-BajoPutumayo,9579.53,9623.08
2023-07-28,10,PT1H,MC-BajoPutumayo,10082.12,10382.29
2023-07-28,11,PT1H,MC-BajoPutumayo,10552.89,11075.71
2023-07-28,12,PT1H,MC-BajoPutumayo,10852.53,11558.39
2023-07-28,13,PT1H,MC-BajoPutumayo,10408.54,11210.2
2023-07-28,14,PT1H,MC-BajoPutumayo,7608.36,11396.58
2023-07-28,15,PT1H,MC-BajoPutumayo,7000.01,12117.57
2023-07-28,16,PT1H,MC-BajoPutumayo,7113.73,12307.97
2023-07-28,17,PT1H,MC-BajoPutumayo,7373.82,12704.41
2023-07-28,18,PT1H,MC-BajoPutumayo,11526.68,12394.16
2023-07-28,19,PT1H,MC-BajoPutumayo,12976.82,13153.31
2023-07-28,20,PT1H,MC-BajoPutumayo,13303.13,13381.47
2023-07-28,21,PT1H,MC-BajoPutumayo,12360.75,12572.29
2023-07-28,22,PT1H,MC-BajoPutumayo,11314.52,11496.94
2023-07-28,23,PT1H,MC-BajoPutumayo,10079.46,10007.68
2023-07-28,24,PT1H,MC-BajoPutumayo,8540.62,8668.65
2024-08-17,1,PT1H,MC-BajoPutumayo,7293.23,7705.0
2024-08-17,2,PT1H,MC-BajoPutumayo,6849.13,7178.9
2024-08-17,3,PT1H,MC-BajoPutumayo,6568.35,6852.4
2024-08-17,4,PT1H,MC-BajoPutumayo,6362.22,6696.5
2024-08-17,5,PT1H,MC-BajoPutumayo,6419.69,6688.0
2024-08-17,6,PT1H,MC-BajoPutumayo,6584.71,6936.7
2024-08-17,7,PT1H,MC-BajoPutumayo,7148.56,7298.7
2024-08-17,8,PT1H,MC-BajoPutumayo,8340.7,8551.6
2024-08-17,9,PT1H,MC-BajoPutumayo,10029.57,9759.3
2024-08-17,10,PT1H,MC-BajoPutumayo,10951.04,10580.6
2024-08-17,11,PT1H,MC-BajoPutumayo,11799.89,11336.9
2024-08-17,12,PT1H,MC-BajoPutumayo,12088.08,11855.9
2024-08-17,13,PT1H,MC-BajoPutumayo,11960.7,11853.0
2024-08-17,14,PT1H,MC-BajoPutumayo,11830.95,11617.5
2024-08-17,15,PT1H,MC-BajoPutumayo,12445.4,11758.3
2024-08-17,16,PT1H,MC-BajoPutumayo,12504.3,11702.6
2024-08-17,17,PT1H,MC-BajoPutumayo,12390.32,11613.9
2024-08-17,18,PT1H,MC-BajoPutumayo,12247.63,11609.0
2024-08-17,19,PT1H,MC-BajoPutumayo,13614.46,13018.1
2024-08-17,20,PT1H,MC-BajoPutumayo,13492.96,13137.3
2024-08-17,21,PT1H,MC-BajoPutumayo,12613.86,12245.3
2024-08-17,22,PT1H,MC-BajoPutumayo,11440.36,11117.7
2024-08-17,23,PT1H,MC-BajoPutumayo,10083.39,9875.7
2024-08-17,24,PT1H,MC-BajoPutumayo,8992.72,8842.2
2024-10-18,1,PT1H,MC-BajoPutumayo,9336.44,8978.8
2024-10-18,2,PT1H,MC-BajoPutumayo,8883.99,8503.2
2024-10-18,3,PT1H,MC-BajoPutumayo,8527.21,8250.6
2024-10-18,4,PT1H,MC-BajoPutumayo,8326.24,8122.5
2024-10-18,5,PT1H,MC-BajoPutumayo,8355.85,8063.6
2024-10-18,6,PT1H,MC-BajoPutumayo,8841.08,8443.3
2024-10-18,7,PT1H,MC-BajoPutumayo,9449.73,9503.6
2024-10-18,8,PT1H,MC-BajoPutumayo,10696.2,10376.0
2024-10-18,9,PT1H,MC-BajoPutumayo,11636.8,11413.1
2024-10-18,10,PT1H,MC-BajoPutumayo,13254.92,12458.6
2024-10-18,11,PT1H,MC-BajoPutumayo,14127.5,13232.1
2024-10-18,12,PT1H,MC-BajoPutumayo,14525.29,13744.5
2024-10-18,13,PT1H,MC-BajoPutumayo,14215.36,13377.1
2024-10-18,14,PT1H,MC-BajoPutumayo,14952.22,13549.6
2024-10-18,15,PT1H,MC-BajoPutumayo,15856.62,14059.9
2024-10-18,16,PT1H,MC-BajoPutumayo,16018.98,14151.7
2024-10-18,17,PT1H,MC-BajoPutumayo,15502.44,13682.4
2024-10-18,18,PT1H,MC-BajoPutumayo,15814.68,13787.8
2024-10-18,19,PT1H,MC-BajoPutumayo,17092.4,16106.2
2024-10-18,20,PT1H,MC-BajoPutumayo,16148.59,16335.9
2024-10-18,21,PT1H,MC-BajoPutumayo,14917.56,15611.9
2024-10-18,22,PT1H,MC-BajoPutumayo,13738.89,13934.9
2024-10-18,23,PT1H,MC-BajoPutumayo,12181.29,11695.3
2024-10-18,24,PT1H,MC-BajoPutumayo,11507.84,9831.9
2024-08-06,1,PT1H,MC-BajoPutumayo,7015.11,7500.3
2024-08-06,2,PT1H,MC-BajoPutumayo,6674.7,7087.1
2024-08-06,3,PT1H,MC-BajoPutumayo,6500.34,6881.3
2024-08-06,4,PT1H,MC-BajoPutumayo,6388.79,6767.0
2024-08-06,5,PT1H,MC-BajoPutumayo,6581.21,6837.1
2024-08-06,6,PT1H,MC-BajoPutumayo,7472.6,7419.6
2024-08-06,7,PT1H,MC-BajoPutumayo,8189.28,7965.5
2024-08-06,8,PT1H,MC-BajoPutumayo,8989.81,8671.0
2024-08-06,9,PT1H,MC-BajoPutumayo,9718.78,9628.5
2024-08-06,10,PT1H,MC-BajoPutumayo,10166.21,10134.9
2024-08-06,11,PT1H,MC-BajoPutumayo,9781.94,10720.5
2024-08-06,12,PT1H,MC-BajoPutumayo,10250.34,11073.1
2024-08-06,13,PT1H,MC-BajoPutumayo,10347.35,10808.8
2024-08-06,14,PT1H,MC-BajoPutumayo,10797.46,11084.0
2024-08-06,15,PT1H,MC-BajoPutumayo,11801.97,11638.2
2024-08-06,16,PT1H,MC-BajoPutumayo,12096.6,11718.1
2024-08-06,17,PT1H,MC-BajoPutumayo,12316.61,11806.4
2024-08-06,18,PT1H,MC-BajoPutumayo,12204.4,11873.6
2024-08-06,19,PT1H,MC-BajoPutumayo,13478.65,13210.7
2024-08-06,20,PT1H,MC-BajoPutumayo,13515.5,13288.3
2024-08-06,21,PT1H,MC-BajoPutumayo,12660.82,12342.6
2024-08-06,22,PT1H,MC-BajoPutumayo,11145.85,10937.8
2024-08-06,23,PT1H,MC-BajoPutumayo,9527.47,9243.9
2024-08-06,24,PT1H,MC-BajoPutumayo,8371.95,7926.3
2025-03-05,1,PT1H,MC-BajoPutumayo,6072.33,8436.0
2025-03-05,2,PT1H,MC-BajoPutumayo,4621.63,7836.6
2025-03-05,3,PT1H,MC-BajoPutumayo,4480.27,7554.5
2025-03-05,4,PT1H,MC-BajoPutumayo,4408.6,7395.7
2025-03-05,5,PT1H,MC-BajoPutumayo,4430.21,7432.2
2025-03-05,6,PT1H,MC-BajoPutumayo,4708.01,5654.5
2025-03-05,7,PT1H,MC-BajoPutumayo,4930.85,8546.7
2025-03-05,8,PT1H,MC-BajoPutumayo,5380.44,9361.0
2025-03-05,9,PT1H,MC-BajoPutumayo,6643.72,10499.1
2025-03-05,10,PT1H,MC-BajoPutumayo,10343.87,11179.9
2025-03-05,11,PT1H,MC-BajoPutumayo,14053.87,12030.4
2025-03-05,12,PT1H,MC-BajoPutumayo,13106.81,12065.5
2025-03-05,13,PT1H,MC-BajoPutumayo,11600.01,11821.3
2025-03-05,14,PT1H,MC-BajoPutumayo,11093.06,11835.6
2025-03-05,15,PT1H,MC-BajoPutumayo,13746.93,12262.6
2025-03-05,16,PT1H,MC-BajoPutumayo,13007.28,12560.5
2025-03-05,17,PT1H,MC-BajoPutumayo,12746.97,12176.3
2025-03-05,18,PT1H,MC-BajoPutumayo,12543.92,12017.8
2025-03-05,19,PT1H,MC-BajoPutumayo,12916.28,13554.7
2025-03-05,20,PT1H,MC-BajoPutumayo,11876.88,14919.2
2025-03-05,21,PT1H,MC-BajoPutumayo,10554.7,14339.4
2025-03-05,22,PT1H,MC-BajoPutumayo,10379.42,13132.7
2025-03-05,23,PT1H,MC-BajoPutumayo,8953.84,11453.4
2025-03-05,24,PT1H,MC-BajoPutumayo,7852.77,9892.6
2023-03-12,1,PT1H,MC-BajoPutumayo,7185.64,7672.35
2023-03-12,2,PT1H,MC-BajoPutumayo,6812.57,7212.63
2023-03-12,3,PT1H,MC-BajoPutumayo,6431.93,6835.27
2023-03-12,4,PT1H,MC-BajoPutumayo,6273.57,6628.35
2023-03-12,5,PT1H,MC-BajoPutumayo,6142.71,6484.05
2023-03-12,6,PT1H,MC-BajoPutumayo,6243.61,6574.44
2023-03-12,7,PT1H,MC-BajoPutumayo,6463.57,7038.52
2023-03-12,8,PT1H,MC-BajoPutumayo,7355.05,7967.36
2023-03-12,9,PT1H,MC-BajoPutumayo,8423.58,8987.75
2023-03-12,10,PT1H,MC-BajoPutumayo,8493.82,9764.27
2023-03-12,11,PT1H,MC-BajoPutumayo,9665.24,10386.41
2023-03-12,12,PT1H,MC-BajoPutumayo,10132.48,10821.82
2023-03-12,13,PT1H,MC-BajoPutumayo,10182.21,11064.06
2023-03-12,14,PT1H,MC-BajoPutumayo,10071.19,11233.82
2023-03-12,15,PT1H,MC-BajoPutumayo,10083.82,11213.86
2023-03-12,16,PT1H,MC-BajoPutumayo,10007.7,11101.69
2023-03-12,17,PT1H,MC-BajoPutumayo,9997.8,10956.25
2023-03-12,18,PT1H,MC-BajoPutumayo,9969.37,10890.41
2023-03-12,19,PT1H,MC-BajoPutumayo,11094.7,12326.92
2023-03-12,20,PT1H,MC-BajoPutumayo,11966.63,12879.78
2023-03-12,21,PT1H,MC-BajoPutumayo,11343.57,12095.69
2023-03-12,22,PT1H,MC-BajoPutumayo,10293.31,11081.04
2023-03-12,23,PT1H,MC-BajoPutumayo,8963.7,9641.08
2023-03-12,24,PT1H,MC-BajoPutumayo,7860.15,8541.56
2023-04-26,1,PT1H,MC-BajoPutumayo,7154.92,7385.89
2023-04-26,2,PT1H,MC-BajoPutumayo,6810.21,6902.57
2023-04-26,3,PT1H,MC-BajoPutumayo,6585.52,6670.66
2023-04-26,4,PT1H,MC-BajoPutumayo,6420.99,6489.48
2023-04-26,5,PT1H,MC-BajoPutumayo,6436.74,6484.42
2023-04-26,6,PT1H,MC-BajoPutumayo,7071.11,6933.54
2023-04-26,7,PT1H,MC-BajoPutumayo,7874.48,7455.41
2023-04-26,8,PT1H,MC-BajoPutumayo,8518.64,8231.83
2023-04-26,9,PT1H,MC-BajoPutumayo,9337.96,9231.1
2023-04-26,10,PT1H,MC-BajoPutumayo,10044.87,10014.39
2023-04-26,11,PT1H,MC-BajoPutumayo,10772.4,10502.0
2023-04-26,12,PT1H,MC-BajoPutumayo,11337.77,10993.7
2023-04-26,13,PT1H,MC-BajoPutumayo,11075.29,10747.4
2023-04-26,14,PT1H,MC-BajoPutumayo,11495.9,10993.04
2023-04-26,15,PT1H,MC-BajoPutumayo,12505.06,11817.05
2023-04-26,16,PT1H,MC-BajoPutumayo,12850.67,11957.7
2023-04-26,17,PT1H,MC-BajoPutumayo,12842.84,11713.14
2023-04-26,18,PT1H,MC-BajoPutumayo,12470.52,11469.24
2023-04-26,19,PT1H,MC-BajoPutumayo,13479.11,12450.44
2023-04-26,20,PT1H,MC-BajoPutumayo,13953.58,12692.7
2023-04-26,21,PT1H,MC-BajoPutumayo,13001.01,11959.29
2023-04-26,22,PT1H,MC-BajoPutumayo,11704.23,10851.01
2023-04-26,23,PT1H,MC-BajoPutumayo,9995.16,9394.28
2023-04-26,24,PT1H,MC-BajoPutumayo,8628.41,8124.72
2024-01-21,1,PT1H,MC-BajoPutumayo,7700.14,7079.07
2024-01-21,2,PT1H,MC-BajoPutumayo,7291.49,6741.0
2024-01-21,3,PT1H,MC-BajoPutumayo,6957.27,6459.6
2024-01-21,4,PT1H,MC-BajoPutumayo,6741.29,6546.45
2024-01-21,5,PT1H,MC-BajoPutumayo,6535.19,6433.39
2024-01-21,6,PT1H,MC-BajoPutumayo,6363.27,6844.77
2024-01-21,7,PT1H,MC-BajoPutumayo,6456.15,7535.18
2024-01-21,8,PT1H,MC-BajoPutumayo,7287.48,8516.16
2024-01-21,9,PT1H,MC-BajoPutumayo,8491.58,9418.61
2024-01-21,10,PT1H,MC-BajoPutumayo,9283.29,10003.68
2024-01-21,11,PT1H,MC-BajoPutumayo,10384.13,10565.18
2024-01-21,12,PT1H,MC-BajoPutumayo,10918.54,11226.54
2024-01-21,13,PT1H,MC-BajoPutumayo,11300.55,10803.83
2024-01-21,14,PT1H,MC-BajoPutumayo,11287.55,10984.41
2024-01-21,15,PT1H,MC-BajoPutumayo,11251.16,11387.95
2024-01-21,16,PT1H,MC-BajoPutumayo,10899.78,11460.22
2024-01-21,17,PT1H,MC-BajoPutumayo,10688.38,11476.8
2024-01-21,18,PT1H,MC-BajoPutumayo,10563.81,11367.14
2024-01-21,19,PT1H,MC-BajoPutumayo,11288.21,12730.08
2024-01-21,20,PT1H,MC-BajoPutumayo,11956.34,13124.95
2024-01-21,21,PT1H,MC-BajoPutumayo,10873.04,12442.4
2024-01-21,22,PT1H,MC-BajoPutumayo,9961.0,11222.73
2024-01-21,23,PT1H,MC-BajoPutumayo,8999.84,9611.78
2024-01-21,24,PT1H,MC-BajoPutumayo,8093.94,8196.95
2025-06-18,1,PT1H,MC-BajoPutumayo,7515.33,7638.4
2025-06-18,2,PT1H,MC-BajoPutumayo,7051.5,7141.5
2025-06-18,3,PT1H,MC-BajoPutumayo,6861.46,6909.1
2025-06-18,4,PT1H,MC-BajoPutumayo,6742.03,6786.7
2025-06-18,5,PT1H,MC-BajoPutumayo,6781.98,6929.6
2025-06-18,6,PT1H,MC-BajoPutumayo,7461.74,7585.8
2025-06-18,7,PT1H,MC-BajoPutumayo,8217.93,8305.3
2025-06-18,8,PT1H,MC-BajoPutumayo,8901.34,9090.5
2025-06-18,9,PT1H,MC-BajoPutumayo,10056.51,10208.8
2025-06-18,10,PT1H,MC-BajoPutumayo,10721.46,10981.6
2025-06-18,11,PT1H,MC-BajoPutumayo,11559.46,11765.8
2025-06-18,12,PT1H,MC-BajoPutumayo,12184.24,12232.9
2025-06-18,13,PT1H,MC-BajoPutumayo,11826.44,11789.4
2025-06-18,14,PT1H,MC-BajoPutumayo,12100.99,11875.1
2025-06-18,15,PT1H,MC-BajoPutumayo,9198.63,12528.6
2025-06-18,16,PT1H,MC-BajoPutumayo,7876.8,12990.2
2025-06-18,17,PT1H,MC-BajoPutumayo,12821.85,13038.3
2025-06-18,18,PT1H,MC-BajoPutumayo,12233.6,12694.2
2025-06-18,19,PT1H,MC-BajoPutumayo,13668.84,13738.8
2025-06-18,20,PT1H,MC-BajoPutumayo,14014.39,14103.3
2025-06-18,21,PT1H,MC-BajoPutumayo,13100.38,13236.8
2025-06-18,22,PT1H,MC-BajoPutumayo,11837.23,11859.6
2025-06-18,23,PT1H,MC-BajoPutumayo,9880.38,10163.4
2025-06-18,24,PT1H,MC-BajoPutumayo,8645.05,8730.9
2025-10-24,1,PT1H,MC-BajoPutumayo,18463.12,17663.3
2025-10-24,2,PT1H,MC-BajoPutumayo,17274.32,16536.2
2025-10-24,3,PT1H,MC-BajoPutumayo,16484.6,15812.0
2025-10-24,4,PT1H,MC-BajoPutumayo,15865.54,15393.5
2025-10-24,5,PT1H,MC-BajoPutumayo,15534.6,15602.1
2025-10-24,6,PT1H,MC-BajoPutumayo,16233.54,16744.3
2025-10-24,7,PT1H,MC-BajoPutumayo,17651.26,18086.2
2025-10-24,8,PT1H,MC-BajoPutumayo,19264.28,19690.4
2025-10-24,9,PT1H,MC-BajoPutumayo,20946.2,21675.0
2025-10-24,10,PT1H,MC-BajoPutumayo,22046.94,22792.6
2025-10-24,11,PT1H,MC-BajoPutumayo,22608.64,23950.9
2025-10-24,12,PT1H,MC-BajoPutumayo,22864.96,25025.7
2025-10-24,13,PT1H,MC-BajoPutumayo,22322.56,24320.7
2025-10-24,14,PT1H,MC-BajoPutumayo,22869.3,24506.9
2025-10-24,15,PT1H,MC-BajoPutumayo,24455.76,26140.5
2025-10-24,16,PT1H,MC-BajoPutumayo,25265.08,26936.5
2025-10-24,17,PT1H,MC-BajoPutumayo,25538.48,27155.6
2025-10-24,18,PT1H,MC-BajoPutumayo,25729.54,27394.6
2025-10-24,19,PT1H,MC-BajoPutumayo,29798.24,30195.4
2025-10-24,20,PT1H,MC-BajoPutumayo,28892.56,30187.7
2025-10-24,21,PT1H,MC-BajoPutumayo,26841.88,28186.9
2025-10-24,22,PT1H,MC-BajoPutumayo,23917.28,25414.0
2025-10-24,23,PT1H,MC-BajoPutumayo,20745.98,21763.5
2025-10-24,24,PT1H,MC-BajoPutumayo,17871.76,19076.5
2025-01-08,1,PT1H,MC-BajoPutumayo,8348.36,8354.6
2025-01-08,2,PT1H,MC-BajoPutumayo,7857.49,7900.2
2025-01-08,3,PT1H,MC-BajoPutumayo,7415.05,7562.6
2025-01-08,4,PT1H,MC-BajoPutumayo,7357.41,7395.7
2025-01-08,5,PT1H,MC-BajoPutumayo,7491.84,7517.5
2025-01-08,6,PT1H,MC-BajoPutumayo,7760.7,7645.2
2025-01-08,7,PT1H,MC-BajoPutumayo,8007.94,7986.4
2025-01-08,8,PT1H,MC-BajoPutumayo,9257.91,8848.2
2025-01-08,9,PT1H,MC-BajoPutumayo,10634.53,9869.4
2025-01-08,10,PT1H,MC-BajoPutumayo,11074.88,10694.8
2025-01-08,11,PT1H,MC-BajoPutumayo,12311.01,11567.8
2025-01-08,12,PT1H,MC-BajoPutumayo,13140.22,12238.1
2025-01-08,13,PT1H,MC-BajoPutumayo,12826.03,12191.9
2025-01-08,14,PT1H,MC-BajoPutumayo,12868.33,12395.1
2025-01-08,15,PT1H,MC-BajoPutumayo,13590.46,12786.5
2025-01-08,16,PT1H,MC-BajoPutumayo,13762.37,13042.3
2025-01-08,17,PT1H,MC-BajoPutumayo,13752.86,12732.5
2025-01-08,18,PT1H,MC-BajoPutumayo,13511.67,12734.0
2025-01-08,19,PT1H,MC-BajoPutumayo,14147.08,13649.5
2025-01-08,20,PT1H,MC-BajoPutumayo,14733.69,13453.6
2025-01-08,21,PT1H,MC-BajoPutumayo,13925.9,12563.6
2025-01-08,22,PT1H,MC-BajoPutumayo,12871.35,11294.6
2025-01-08,23,PT1H,MC-BajoPutumayo,11486.81,9901.5
2025-01-08,24,PT1H,MC-BajoPutumayo,9905.21,8464.4
2024-09-20,1,PT1H,MC-BajoPutumayo,9025.43,8155.5
2024-09-20,2,PT1H,MC-BajoPutumayo,8601.49,7728.7
2024-09-20,3,PT1H,MC-BajoPutumayo,8285.29,7491.6
2024-09-20,4,PT1H,MC-BajoPutumayo,8104.51,7397.3
2024-09-20,5,PT1H,MC-BajoPutumayo,8249.98,7485.0
2024-09-20,6,PT1H,MC-BajoPutumayo,8817.18,8154.7
2024-09-20,7,PT1H,MC-BajoPutumayo,9209.87,8705.3
2024-09-20,8,PT1H,MC-BajoPutumayo,10454.59,9776.1
2024-09-20,9,PT1H,MC-BajoPutumayo,11598.34,10614.2
2024-09-20,10,PT1H,MC-BajoPutumayo,12508.31,11290.4
2024-09-20,11,PT1H,MC-BajoPutumayo,12628.26,12252.2
2024-09-20,12,PT1H,MC-BajoPutumayo,12907.23,12631.9
2024-09-20,13,PT1H,MC-BajoPutumayo,12742.98,12510.7
2024-09-20,14,PT1H,MC-BajoPutumayo,13711.04,13211.5
2024-09-20,15,PT1H,MC-BajoPutumayo,14516.75,14051.3
2024-09-20,16,PT1H,MC-BajoPutumayo,14680.86,14194.6
2024-09-20,17,PT1H,MC-BajoPutumayo,14395.91,13986.0
2024-09-20,18,PT1H,MC-BajoPutumayo,14470.08,14236.7
2024-09-20,19,PT1H,MC-BajoPutumayo,15867.35,15506.6
2024-09-20,20,PT1H,MC-BajoPutumayo,10146.97,15388.3
2024-09-20,21,PT1H,MC-BajoPutumayo,7971.31,14307.2
2024-09-20,22,PT1H,MC-BajoPutumayo,13071.08,12758.8
2024-09-20,23,PT1H,MC-BajoPutumayo,11702.59,10832.4
2024-09-20,24,PT1H,MC-BajoPutumayo,10438.76,9677.9
2024-12-22,1,PT1H,MC-BajoPutumayo,8891.33,8654.5
2024-12-22,2,PT1H,MC-BajoPutumayo,8344.87,8116.9
2024-12-22,3,PT1H,MC-BajoPutumayo,7839.88,7679.8
2024-12-22,4,PT1H,MC-BajoPutumayo,7577.36,7519.4
2024-12-22,5,PT1H,MC-BajoPutumayo,7657.17,7474.8
2024-12-22,6,PT1H,MC-BajoPutumayo,7488.73,7456.2
2024-12-22,7,PT1H,MC-BajoPutumayo,7596.64,8211.9
2024-12-22,8,PT1H,MC-BajoPutumayo,8519.86,9401.8
2024-12-22,9,PT1H,MC-BajoPutumayo,9855.23,10505.1
2024-12-22,10,PT1H,MC-BajoPutumayo,11147.23,11581.2
2024-12-22,11,PT1H,MC-BajoPutumayo,12077.23,12396.9
2024-12-22,12,PT1H,MC-BajoPutumayo,12306.98,12602.0
2024-12-22,13,PT1H,MC-BajoPutumayo,12557.21,12462.2
2024-12-22,14,PT1H,MC-BajoPutumayo,12846.1,12535.4
2024-12-22,15,PT1H,MC-BajoPutumayo,12914.38,12621.4
2024-12-22,16,PT1H,MC-BajoPutumayo,13015.27,12497.6
2024-12-22,17,PT1H,MC-BajoPutumayo,12586.87,12443.8
2024-12-22,18,PT1H,MC-BajoPutumayo,12421.31,13111.2
2024-12-22,19,PT1H,MC-BajoPutumayo,13351.23,14248.8
2024-12-22,20,PT1H,MC-BajoPutumayo,13599.73,13635.5
2024-12-22,21,PT1H,MC-BajoPutumayo,13190.92,12933.2
2024-12-22,22,PT1H,MC-BajoPutumayo,12646.67,11768.3
2024-12-22,23,PT1H,MC-BajoPutumayo,11328.88,10507.2
2024-12-22,24,PT1H,MC-BajoPutumayo,10089.53,9271.0
2022-05-11,1,PT1H,MC-BajoPutumayo,7079.43,7333.4
2022-05-11,2,PT1H,MC-BajoPutumayo,6705.06,6872.32
2022-05-11,3,PT1H,MC-BajoPutumayo,6085.57,6465.83
2022-05-11,4,PT1H,MC-BajoPutumayo,6729.99,6361.26
2022-05-11,5,PT1H,MC-BajoPutumayo,6488.77,6557.28
2022-05-11,6,PT1H,MC-BajoPutumayo,6971.24,6947.53
2022-05-11,7,PT1H,MC-BajoPutumayo,7749.43,7452.51
2022-05-11,8,PT1H,MC-BajoPutumayo,8149.38,7859.02
2022-05-11,9,PT1H,MC-BajoPutumayo,9183.02,9016.84
2022-05-11,10,PT1H,MC-BajoPutumayo,9470.26,9568.31
2022-05-11,11,PT1H,MC-BajoPutumayo,9853.62,10190.62
2022-05-11,12,PT1H,MC-BajoPutumayo,10695.89,10815.17
2022-05-11,13,PT1H,MC-BajoPutumayo,10608.57,10525.44
2022-05-11,14,PT1H,MC-BajoPutumayo,10843.64,10593.88
2022-05-11,15,PT1H,MC-BajoPutumayo,11877.13,11411.33
2022-05-11,16,PT1H,MC-BajoPutumayo,12216.41,11718.66
2022-05-11,17,PT1H,MC-BajoPutumayo,11772.67,11601.06
2022-05-11,18,PT1H,MC-BajoPutumayo,11666.43,11535.99
2022-05-11,19,PT1H,MC-BajoPutumayo,12749.85,12413.63
2022-05-11,20,PT1H,MC-BajoPutumayo,13110.59,12448.54
2022-05-11,21,PT1H,MC-BajoPutumayo,12371.43,11776.65
2022-05-11,22,PT1H,MC-BajoPutumayo,11215.17,10328.52
2022-05-11,23,PT1H,MC-BajoPutumayo,9627.85,8841.84
2022-05-11,24,PT1H,MC-BajoPutumayo,8178.8,7412.42
2026-01-16,1,PT1H,MC-BajoPutumayo,8236.27,8125.1
2026-01-16,2,PT1H,MC-BajoPutumayo,7862.22,7867.1
2026-01-16,3,PT1H,MC-BajoPutumayo,7590.3,7691.7
2026-01-16,4,PT1H,MC-BajoPutumayo,7535.16,7410.5
2026-01-16,5,PT1H,MC-BajoPutumayo,7576.28,7265.3
2026-01-16,6,PT1H,MC-BajoPutumayo,9181.78,7128.3
2026-01-16,7,PT1H,MC-BajoPutumayo,8701.78,7482.7
2026-01-16,8,PT1H,MC-BajoPutumayo,9542.86,8479.5
2026-01-16,9,PT1H,MC-BajoPutumayo,11085.32,9826.5
2026-01-16,10,PT1H,MC-BajoPutumayo,13634.79,10600.7
2026-01-16,11,PT1H,MC-BajoPutumayo,13031.48,11611.2
2026-01-16,12,PT1H,MC-BajoPutumayo,13220.77,11995.9
2026-01-16,13,PT1H,MC-BajoPutumayo,13282.37,12453.2
2026-01-16,14,PT1H,MC-BajoPutumayo,13548.29,11985.8
2026-01-16,15,PT1H,MC-BajoPutumayo,14100.71,12173.7
2026-01-16,16,PT1H,MC-BajoPutumayo,14520.32,12002.0
2026-01-16,17,PT1H,MC-BajoPutumayo,14132.95,11986.6
2026-01-16,18,PT1H,MC-BajoPutumayo,13601.75,12107.9
2026-01-16,19,PT1H,MC-BajoPutumayo,14627.64,13550.1
2026-01-16,20,PT1H,MC-BajoPutumayo,14570.7,13712.5
2026-01-16,21,PT1H,MC-BajoPutumayo,7361.11,13093.3
2026-01-16,22,PT1H,MC-BajoPutumayo,3458.41,11950.5
2026-01-16,23,PT1H,MC-BajoPutumayo,2906.54,10927.5
2026-01-16,24,PT1H,MC-BajoPutumayo,5482.57,8937.5
2025-06-27,1,PT1H,MC-BajoPutumayo,7696.08,7321.8
2025-06-27,2,PT1H,MC-BajoPutumayo,7177.97,6839.9
2025-06-27,3,PT1H,MC-BajoPutumayo,6901.09,6792.2
2025-06-27,4,PT1H,MC-BajoPutumayo,6794.55,6703.4
2025-06-27,5,PT1H,MC-BajoPutumayo,6800.66,6783.2
2025-06-27,6,PT1H,MC-BajoPutumayo,7176.74,7414.0
2025-06-27,7,PT1H,MC-BajoPutumayo,7556.67,7996.9
2025-06-27,8,PT1H,MC-BajoPutumayo,8544.86,8734.5
2025-06-27,9,PT1H,MC-BajoPutumayo,9761.82,9521.3
2025-06-27,10,PT1H,MC-BajoPutumayo,10548.28,9980.0
2025-06-27,11,PT1H,MC-BajoPutumayo,11043.81,10524.0
2025-06-27,12,PT1H,MC-BajoPutumayo,11572.78,11151.3
2025-06-27,13,PT1H,MC-BajoPutumayo,11489.7,10916.3
2025-06-27,14,PT1H,MC-BajoPutumayo,11535.07,11208.3
2025-06-27,15,PT1H,MC-BajoPutumayo,12440.26,11808.0
2025-06-27,16,PT1H,MC-BajoPutumayo,12867.99,12088.6
2025-06-27,17,PT1H,MC-BajoPutumayo,12786.74,11997.7
2025-06-27,18,PT1H,MC-BajoPutumayo,12634.27,11798.5
2025-06-27,19,PT1H,MC-BajoPutumayo,13558.03,13437.9
2025-06-27,20,PT1H,MC-BajoPutumayo,13935.97,14363.6
2025-06-27,21,PT1H,MC-BajoPutumayo,13086.81,13464.3
2025-06-27,22,PT1H,MC-BajoPutumayo,11939.1,12119.3
2025-06-27,23,PT1H,MC-BajoPutumayo,10315.48,9961.0
2025-06-27,24,PT1H,MC-BajoPutumayo,9130.08,8395.4
2022-04-11,1,PT1H,MC-BajoPutumayo,7296.55,6844.17
2022-04-11,2,PT1H,MC-BajoPutumayo,6799.12,6599.67
2022-04-11,3,PT1H,MC-BajoPutumayo,6621.12,6319.27
2022-04-11,4,PT1H,MC-BajoPutumayo,6462.97,6177.32
2022-04-11,5,PT1H,MC-BajoPutumayo,2476.65,1552.26
2022-04-11,6,PT1H,MC-BajoPutumayo,2515.05,1025.53
2022-04-11,7,PT1H,MC-BajoPutumayo,6506.59,7256.9
2022-04-11,8,PT1H,MC-BajoPutumayo,8446.71,7926.37
2022-04-11,9,PT1H,MC-BajoPutumayo,9492.58,8942.42
2022-04-11,10,PT1H,MC-BajoPutumayo,9748.11,9800.79
2022-04-11,11,PT1H,MC-BajoPutumayo,8043.33,10586.87
2022-04-11,12,PT1H,MC-BajoPutumayo,11375.24,11059.5
2022-04-11,13,PT1H,MC-BajoPutumayo,10903.31,10747.69
2022-04-11,14,PT1H,MC-BajoPutumayo,11042.49,10852.65
2022-04-11,15,PT1H,MC-BajoPutumayo,11373.93,11469.85
2022-04-11,16,PT1H,MC-BajoPutumayo,11650.79,11725.11
2022-04-11,17,PT1H,MC-BajoPutumayo,11415.76,11728.99
2022-04-11,18,PT1H,MC-BajoPutumayo,11108.79,11520.07
2022-04-11,19,PT1H,MC-BajoPutumayo,12438.19,12584.01
2022-04-11,20,PT1H,MC-BajoPutumayo,12803.5,13236.29
2022-04-11,21,PT1H,MC-BajoPutumayo,12129.35,12452.79
2022-04-11,22,PT1H,MC-BajoPutumayo,10990.0,11215.29
2022-04-11,23,PT1H,MC-BajoPutumayo,9416.31,9470.04
2022-04-11,24,PT1H,MC-BajoPutumayo,7924.37,7959.06
2025-03-17,1,PT1H,MC-BajoPutumayo,7774.75,8202.0
2025-03-17,2,PT1H,MC-BajoPutumayo,7258.33,7672.5
2025-03-17,3,PT1H,MC-BajoPutumayo,7031.18,7370.8
2025-03-17,4,PT1H,MC-BajoPutumayo,6858.69,7069.5
2025-03-17,5,PT1H,MC-BajoPutumayo,6949.93,7038.0
2025-03-17,6,PT1H,MC-BajoPutumayo,7637.95,7579.4
2025-03-17,7,PT1H,MC-BajoPutumayo,8379.86,8315.1
2025-03-17,8,PT1H,MC-BajoPutumayo,9113.38,9040.4
2025-03-17,9,PT1H,MC-BajoPutumayo,9763.85,10177.4
2025-03-17,10,PT1H,MC-BajoPutumayo,10402.69,10708.2
2025-03-17,11,PT1H,MC-BajoPutumayo,10651.71,11050.6
2025-03-17,12,PT1H,MC-BajoPutumayo,10697.14,11713.2
2025-03-17,13,PT1H,MC-BajoPutumayo,10271.16,11428.1
2025-03-17,14,PT1H,MC-BajoPutumayo,10058.1,11680.3
2025-03-17,15,PT1H,MC-BajoPutumayo,10453.19,12593.9
2025-03-17,16,PT1H,MC-BajoPutumayo,10924.96,12888.6
2025-03-17,17,PT1H,MC-BajoPutumayo,10959.07,12761.1
2025-03-17,18,PT1H,MC-BajoPutumayo,10952.88,12523.1
2025-03-17,19,PT1H,MC-BajoPutumayo,12112.36,13297.3
2025-03-17,20,PT1H,MC-BajoPutumayo,12902.48,14000.5
2025-03-17,21,PT1H,MC-BajoPutumayo,11827.71,13216.9
2025-03-17,22,PT1H,MC-BajoPutumayo,10544.3,11976.9
2025-03-17,23,PT1H,MC-BajoPutumayo,8982.08,10072.8
2025-03-17,24,PT1H,MC-BajoPutumayo,7606.52,8780.6
2022-03-24,1,PT1H,MC-BajoPutumayo,6740.59,6912.52
2022-03-24,2,PT1H,MC-BajoPutumayo,6348.99,6540.67
2022-03-24,3,PT1H,MC-BajoPutumayo,6151.91,6335.42
2022-03-24,4,PT1H,MC-BajoPutumayo,6057.99,6227.64
2022-03-24,5,PT1H,MC-BajoPutumayo,6074.81,6333.97
2022-03-24,6,PT1H,MC-BajoPutumayo,6767.83,6950.89
2022-03-24,7,PT1H,MC-BajoPutumayo,7607.2,7717.11
2022-03-24,8,PT1H,MC-BajoPutumayo,8118.02,8265.99
2022-03-24,9,PT1H,MC-BajoPutumayo,8998.29,9206.39
2022-03-24,10,PT1H,MC-BajoPutumayo,9578.75,9796.31
2022-03-24,11,PT1H,MC-BajoPutumayo,10234.35,10450.21
2022-03-24,12,PT1H,MC-BajoPutumayo,10849.18,10876.65
2022-03-24,13,PT1H,MC-BajoPutumayo,10714.54,10532.24
2022-03-24,14,PT1H,MC-BajoPutumayo,11024.0,10701.17
2022-03-24,15,PT1H,MC-BajoPutumayo,11833.45,11235.9
2022-03-24,16,PT1H,MC-BajoPutumayo,12048.28,11288.98
2022-03-24,17,PT1H,MC-BajoPutumayo,12083.78,11302.89
2022-03-24,18,PT1H,MC-BajoPutumayo,11821.94,10994.04
2022-03-24,19,PT1H,MC-BajoPutumayo,12744.25,11766.12
2022-03-24,20,PT1H,MC-BajoPutumayo,13298.84,12447.65
2022-03-24,21,PT1H,MC-BajoPutumayo,12517.41,11731.47
2022-03-24,22,PT1H,MC-BajoPutumayo,11217.06,10590.11
2022-03-24,23,PT1H,MC-BajoPutumayo,9466.52,9025.92
2022-03-24,24,PT1H,MC-BajoPutumayo,7916.1,7594.35
2023-01-20,1,PT1H,MC-BajoPutumayo,6299.6,6346.52
2023-01-20,2,PT1H,MC-BajoPutumayo,5895.09,5957.8
2023-01-20,3,PT1H,MC-BajoPutumayo,5534.62,5754.61
2023-01-20,4,PT1H,MC-BajoPutumayo,5669.34,5658.62
2023-01-20,5,PT1H,MC-BajoPutumayo,5655.7,5692.62
2023-01-20,6,PT1H,MC-BajoPutumayo,5906.71,6116.65
2023-01-20,7,PT1H,MC-BajoPutumayo,6552.84,6803.9
2023-01-20,8,PT1H,MC-BajoPutumayo,7637.24,7590.38
2023-01-20,9,PT1H,MC-BajoPutumayo,8581.94,8218.66
2023-01-20,10,PT1H,MC-BajoPutumayo,9234.83,9253.53
2023-01-20,11,PT1H,MC-BajoPutumayo,9725.71,10145.26
2023-01-20,12,PT1H,MC-BajoPutumayo,10077.27,10633.21
2023-01-20,13,PT1H,MC-BajoPutumayo,9896.5,10313.79
2023-01-20,14,PT1H,MC-BajoPutumayo,10062.56,10594.03
2023-01-20,15,PT1H,MC-BajoPutumayo,10781.23,11097.69
2023-01-20,16,PT1H,MC-BajoPutumayo,10837.69,11211.12
2023-01-20,17,PT1H,MC-BajoPutumayo,10852.33,11053.57
2023-01-20,18,PT1H,MC-BajoPutumayo,10783.6,10976.73
2023-01-20,19,PT1H,MC-BajoPutumayo,11577.46,11950.25
2023-01-20,20,PT1H,MC-BajoPutumayo,12147.67,11948.1
2023-01-20,21,PT1H,MC-BajoPutumayo,11413.77,11141.38
2023-01-20,22,PT1H,MC-BajoPutumayo,10458.22,10144.62
2023-01-20,23,PT1H,MC-BajoPutumayo,9155.52,8891.93
2023-01-20,24,PT1H,MC-BajoPutumayo,8030.95,7740.83
2025-08-19,1,PT1H,MC-BajoPutumayo,7622.69,7943.7
2025-08-19,2,PT1H,MC-BajoPutumayo,7141.28,7455.1
2025-08-19,3,PT1H,MC-BajoPutumayo,5702.93,7153.4
2025-08-19,4,PT1H,MC-BajoPutumayo,5474.18,6884.0
2025-08-19,5,PT1H,MC-BajoPutumayo,6724.66,7157.2
2025-08-19,6,PT1H,MC-BajoPutumayo,7196.55,7882.3
2025-08-19,7,PT1H,MC-BajoPutumayo,7874.25,8668.6
2025-08-19,8,PT1H,MC-BajoPutumayo,8552.82,9922.8
2025-08-19,9,PT1H,MC-BajoPutumayo,9665.02,11197.7
2025-08-19,10,PT1H,MC-BajoPutumayo,11356.32,12291.3
2025-08-19,11,PT1H,MC-BajoPutumayo,12379.0,12864.5
2025-08-19,12,PT1H,MC-BajoPutumayo,13014.16,13355.8
2025-08-19,13,PT1H,MC-BajoPutumayo,12827.54,12825.8
2025-08-19,14,PT1H,MC-BajoPutumayo,13205.81,13055.8
2025-08-19,15,PT1H,MC-BajoPutumayo,14361.49,13837.3
2025-08-19,16,PT1H,MC-BajoPutumayo,14802.4,13940.8
2025-08-19,17,PT1H,MC-BajoPutumayo,14696.07,13648.7
2025-08-19,18,PT1H,MC-BajoPutumayo,14319.11,13054.0
2025-08-19,19,PT1H,MC-BajoPutumayo,15206.28,15104.3
2025-08-19,20,PT1H,MC-BajoPutumayo,15769.82,15067.4
2025-08-19,21,PT1H,MC-BajoPutumayo,14864.36,14272.9
2025-08-19,22,PT1H,MC-BajoPutumayo,13453.51,12690.8
2025-08-19,23,PT1H,MC-BajoPutumayo,11455.59,10809.4
2025-08-19,24,PT1H,MC-BajoPutumayo,9726.4,9225.2
2023-10-13,1,PT1H,MC-BajoPutumayo,9149.04,7902.81
2023-10-13,2,PT1H,MC-BajoPutumayo,8691.98,7467.13
2023-10-13,3,PT1H,MC-BajoPutumayo,8233.34,7234.82
2023-10-13,4,PT1H,MC-BajoPutumayo,7913.62,7068.47
2023-10-13,5,PT1H,MC-BajoPutumayo,7826.39,7122.97
2023-10-13,6,PT1H,MC-BajoPutumayo,7921.79,7556.13
2023-10-13,7,PT1H,MC-BajoPutumayo,8174.65,8193.93
2023-10-13,8,PT1H,MC-BajoPutumayo,9483.37,9102.7
2023-10-13,9,PT1H,MC-BajoPutumayo,11211.74,10386.93
2023-10-13,10,PT1H,MC-BajoPutumayo,12490.81,11431.4
2023-10-13,11,PT1H,MC-BajoPutumayo,13439.31,12192.14
2023-10-13,12,PT1H,MC-BajoPutumayo,14305.08,12850.96
2023-10-13,13,PT1H,MC-BajoPutumayo,13891.84,12438.29
2023-10-13,14,PT1H,MC-BajoPutumayo,13725.79,12312.63
2023-10-13,15,PT1H,MC-BajoPutumayo,14108.85,12770.49
2023-10-13,16,PT1H,MC-BajoPutumayo,13866.83,12933.6
2023-10-13,17,PT1H,MC-BajoPutumayo,13515.78,13114.95
2023-10-13,18,PT1H,MC-BajoPutumayo,13618.43,12952.78
2023-10-13,19,PT1H,MC-BajoPutumayo,14627.6,14054.59
2023-10-13,20,PT1H,MC-BajoPutumayo,14159.01,14146.38
2023-10-13,21,PT1H,MC-BajoPutumayo,12829.56,13203.05
2023-10-13,22,PT1H,MC-BajoPutumayo,11837.14,12019.69
2023-10-13,23,PT1H,MC-BajoPutumayo,10588.24,10562.62
2023-10-13,24,PT1H,MC-BajoPutumayo,9456.17,9232.51
2024-08-31,1,PT1H,MC-BajoPutumayo,8946.13,7949.5
2024-08-31,2,PT1H,MC-BajoPutumayo,8299.08,7403.1
2024-08-31,3,PT1H,MC-BajoPutumayo,7951.1,7108.5
2024-08-31,4,PT1H,MC-BajoPutumayo,7681.74,6940.9
2024-08-31,5,PT1H,MC-BajoPutumayo,7590.06,6949.5
2024-08-31,6,PT1H,MC-BajoPutumayo,7593.49,7201.0
2024-08-31,7,PT1H,MC-BajoPutumayo,7838.27,7792.5
2024-08-31,8,PT1H,MC-BajoPutumayo,9248.52,9028.3
2024-08-31,9,PT1H,MC-BajoPutumayo,11001.86,10618.8
2024-08-31,10,PT1H,MC-BajoPutumayo,11829.07,11475.1
2024-08-31,11,PT1H,MC-BajoPutumayo,12501.53,12292.1
2024-08-31,12,PT1H,MC-BajoPutumayo,13346.79,12778.9
2024-08-31,13,PT1H,MC-BajoPutumayo,13319.11,12645.4
2024-08-31,14,PT1H,MC-BajoPutumayo,13462.68,12596.6
2024-08-31,15,PT1H,MC-BajoPutumayo,13794.23,13022.8
2024-08-31,16,PT1H,MC-BajoPutumayo,13799.48,13072.2
2024-08-31,17,PT1H,MC-BajoPutumayo,13652.37,13029.7
2024-08-31,18,PT1H,MC-BajoPutumayo,13896.78,12960.0
2024-08-31,19,PT1H,MC-BajoPutumayo,14427.53,14461.6
2024-08-31,20,PT1H,MC-BajoPutumayo,14962.81,14434.5
2024-08-31,21,PT1H,MC-BajoPutumayo,14238.67,13510.9
2024-08-31,22,PT1H,MC-BajoPutumayo,13244.6,12311.7
2024-08-31,23,PT1H,MC-BajoPutumayo,11919.67,10931.4
2024-08-31,24,PT1H,MC-BajoPutumayo,11014.4,9730.7
2024-01-13,1,PT1H,MC-BajoPutumayo,7859.09,7859.21
2024-01-13,2,PT1H,MC-BajoPutumayo,7410.11,7252.77
2024-01-13,3,PT1H,MC-BajoPutumayo,7102.89,6851.45
2024-01-13,4,PT1H,MC-BajoPutumayo,6913.1,6649.93
2024-01-13,5,PT1H,MC-BajoPutumayo,6915.27,6622.43
2024-01-13,6,PT1H,MC-BajoPutumayo,7052.66,6748.19
2024-01-13,7,PT1H,MC-BajoPutumayo,7275.51,7019.64
2024-01-13,8,PT1H,MC-BajoPutumayo,8279.35,8167.89
2024-01-13,9,PT1H,MC-BajoPutumayo,9401.62,9492.96
2024-01-13,10,PT1H,MC-BajoPutumayo,9966.93,10428.4
2024-01-13,11,PT1H,MC-BajoPutumayo,10673.58,11014.8
2024-01-13,12,PT1H,MC-BajoPutumayo,11247.63,11756.79
2024-01-13,13,PT1H,MC-BajoPutumayo,11517.72,11925.51
2024-01-13,14,PT1H,MC-BajoPutumayo,11777.91,11868.06
2024-01-13,15,PT1H,MC-BajoPutumayo,12217.47,12083.89
2024-01-13,16,PT1H,MC-BajoPutumayo,12386.64,11989.5
2024-01-13,17,PT1H,MC-BajoPutumayo,12436.33,11747.95
2024-01-13,18,PT1H,MC-BajoPutumayo,12209.18,11662.64
2024-01-13,19,PT1H,MC-BajoPutumayo,13149.21,12909.17
2024-01-13,20,PT1H,MC-BajoPutumayo,13862.53,13289.6
2024-01-13,21,PT1H,MC-BajoPutumayo,13089.87,12730.41
2024-01-13,22,PT1H,MC-BajoPutumayo,12231.97,11830.01
2024-01-13,23,PT1H,MC-BajoPutumayo,11053.34,10573.43
2024-01-13,24,PT1H,MC-BajoPutumayo,9717.0,9323.87
2022-08-11,1,PT1H,MC-BajoPutumayo,6148.74,6381.3
2022-08-11,2,PT1H,MC-BajoPutumayo,5797.47,6027.28
2022-08-11,3,PT1H,MC-BajoPutumayo,5688.78,5831.72
2022-08-11,4,PT1H,MC-BajoPutumayo,5693.12,5700.84
2022-08-11,5,PT1H,MC-BajoPutumayo,5699.22,5778.62
2022-08-11,6,PT1H,MC-BajoPutumayo,6339.8,6354.26
2022-08-11,7,PT1H,MC-BajoPutumayo,7225.02,7196.86
2022-08-11,8,PT1H,MC-BajoPutumayo,7916.04,8006.94
2022-08-11,9,PT1H,MC-BajoPutumayo,8736.28,8899.61
2022-08-11,10,PT1H,MC-BajoPutumayo,9368.89,9437.69
2022-08-11,11,PT1H,MC-BajoPutumayo,10090.03,10092.57
2022-08-11,12,PT1H,MC-BajoPutumayo,10396.43,10527.06
2022-08-11,13,PT1H,MC-BajoPutumayo,10118.76,10487.2
2022-08-11,14,PT1H,MC-BajoPutumayo,9983.93,10845.03
2022-08-11,15,PT1H,MC-BajoPutumayo,10080.59,11512.87
2022-08-11,16,PT1H,MC-BajoPutumayo,10322.31,11674.02
2022-08-11,17,PT1H,MC-BajoPutumayo,10470.09,11771.18
2022-08-11,18,PT1H,MC-BajoPutumayo,10600.8,11525.79
2022-08-11,19,PT1H,MC-BajoPutumayo,11878.82,12345.4
2022-08-11,20,PT1H,MC-BajoPutumayo,12430.36,12834.24
2022-08-11,21,PT1H,MC-BajoPutumayo,11570.71,11955.22
2022-08-11,22,PT1H,MC-BajoPutumayo,10222.56,10718.98
2022-08-11,23,PT1H,MC-BajoPutumayo,8634.98,9051.76
2022-08-11,24,PT1H,MC-BajoPutumayo,7303.76,7665.0
2025-08-18,1,PT1H,MC-BajoPutumayo,8889.74,7467.8
2025-08-18,2,PT1H,MC-BajoPutumayo,8284.26,7051.4
2025-08-18,3,PT1H,MC-BajoPutumayo,7878.69,6877.0
2025-08-18,4,PT1H,MC-BajoPutumayo,7650.78,6715.0
2025-08-18,5,PT1H,MC-BajoPutumayo,7552.58,6900.8
2025-08-18,6,PT1H,MC-BajoPutumayo,7670.62,7568.3
2025-08-18,7,PT1H,MC-BajoPutumayo,7854.44,8210.6
2025-08-18,8,PT1H,MC-BajoPutumayo,8656.21,9429.5
2025-08-18,9,PT1H,MC-BajoPutumayo,9781.67,10670.1
2025-08-18,10,PT1H,MC-BajoPutumayo,10632.5,11637.0
2025-08-18,11,PT1H,MC-BajoPutumayo,11101.03,12381.0
2025-08-18,12,PT1H,MC-BajoPutumayo,11667.75,12882.8
2025-08-18,13,PT1H,MC-BajoPutumayo,11591.03,11928.6
2025-08-18,14,PT1H,MC-BajoPutumayo,11454.8,12185.2
2025-08-18,15,PT1H,MC-BajoPutumayo,11540.83,12884.1
2025-08-18,16,PT1H,MC-BajoPutumayo,11534.02,13109.1
2025-08-18,17,PT1H,MC-BajoPutumayo,11524.38,12815.6
2025-08-18,18,PT1H,MC-BajoPutumayo,11492.12,12517.2
2025-08-18,19,PT1H,MC-BajoPutumayo,12819.87,14457.7
2025-08-18,20,PT1H,MC-BajoPutumayo,13491.1,14414.6
2025-08-18,21,PT1H,MC-BajoPutumayo,12874.99,13705.0
2025-08-18,22,PT1H,MC-BajoPutumayo,11578.88,11986.6
2025-08-18,23,PT1H,MC-BajoPutumayo,9940.3,9997.0
2025-08-18,24,PT1H,MC-BajoPutumayo,8460.73,8422.3
2023-03-22,1,PT1H,MC-BajoPutumayo,8062.31,7523.54
2023-03-22,2,PT1H,MC-BajoPutumayo,7573.53,7129.02
2023-03-22,3,PT1H,MC-BajoPutumayo,7304.0,6949.7
2023-03-22,4,PT1H,MC-BajoPutumayo,7100.08,6782.06
2023-03-22,5,PT1H,MC-BajoPutumayo,7128.83,6841.45
2023-03-22,6,PT1H,MC-BajoPutumayo,7756.11,7576.7
2023-03-22,7,PT1H,MC-BajoPutumayo,8452.5,8355.57
2023-03-22,8,PT1H,MC-BajoPutumayo,9241.98,9046.03
2023-03-22,9,PT1H,MC-BajoPutumayo,10471.59,10546.93
2023-03-22,10,PT1H,MC-BajoPutumayo,11392.57,11367.82
2023-03-22,11,PT1H,MC-BajoPutumayo,12180.45,12161.55
2023-03-22,12,PT1H,MC-BajoPutumayo,12773.63,12680.88
2023-03-22,13,PT1H,MC-BajoPutumayo,12492.25,12140.43
2023-03-22,14,PT1H,MC-BajoPutumayo,12748.12,12545.17
2023-03-22,15,PT1H,MC-BajoPutumayo,13559.06,13551.14
2023-03-22,16,PT1H,MC-BajoPutumayo,13343.07,14075.38
2023-03-22,17,PT1H,MC-BajoPutumayo,12742.64,13970.81
2023-03-22,18,PT1H,MC-BajoPutumayo,12541.13,13451.05
2023-03-22,19,PT1H,MC-BajoPutumayo,13591.69,14239.94
2023-03-22,20,PT1H,MC-BajoPutumayo,13693.07,14387.85
2023-03-22,21,PT1H,MC-BajoPutumayo,12967.77,13306.1
2023-03-22,22,PT1H,MC-BajoPutumayo,11803.58,12081.06
2023-03-22,23,PT1H,MC-BajoPutumayo,10264.87,10394.99
2023-03-22,24,PT1H,MC-BajoPutumayo,8706.13,9128.82
2022-11-23,1,PT1H,MC-BajoPutumayo,7767.42,8263.8
2022-11-23,2,PT1H,MC-BajoPutumayo,6697.78,7524.97
2022-11-23,3,PT1H,MC-BajoPutumayo,6478.08,7323.52
2022-11-23,4,PT1H,MC-BajoPutumayo,6978.29,7103.14
2022-11-23,5,PT1H,MC-BajoPutumayo,6941.37,7009.64
2022-11-23,6,PT1H,MC-BajoPutumayo,7427.78,7431.2
2022-11-23,7,PT1H,MC-BajoPutumayo,8167.03,8378.43
2022-11-23,8,PT1H,MC-BajoPutumayo,9196.42,9278.99
2022-11-23,9,PT1H,MC-BajoPutumayo,10364.95,10390.61
2022-11-23,10,PT1H,MC-BajoPutumayo,11314.45,11131.31
2022-11-23,11,PT1H,MC-BajoPutumayo,12227.03,11710.62
2022-11-23,12,PT1H,MC-BajoPutumayo,12858.17,12123.58
2022-11-23,13,PT1H,MC-BajoPutumayo,12376.67,11918.17
2022-11-23,14,PT1H,MC-BajoPutumayo,12480.59,12290.7
2022-11-23,15,PT1H,MC-BajoPutumayo,10725.6,12887.5
2022-11-23,16,PT1H,MC-BajoPutumayo,11189.61,12901.23
2022-11-23,17,PT1H,MC-BajoPutumayo,10191.33,12774.24
2022-11-23,18,PT1H,MC-BajoPutumayo,10703.03,12855.11
2022-11-23,19,PT1H,MC-BajoPutumayo,11693.77,13966.63
2022-11-23,20,PT1H,MC-BajoPutumayo,11564.67,13842.31
2022-11-23,21,PT1H,MC-BajoPutumayo,10876.36,12989.61
2022-11-23,22,PT1H,MC-BajoPutumayo,9751.24,11887.27
2022-11-23,23,PT1H,MC-BajoPutumayo,8538.49,10159.78
2022-11-23,24,PT1H,MC-BajoPutumayo,7366.2,8868.23
2024-04-28,1,PT1H,MC-BajoPutumayo,9014.88,8383.12
2024-04-28,2,PT1H,MC-BajoPutumayo,8327.74,7823.59
2024-04-28,3,PT1H,MC-BajoPutumayo,7912.8,7386.17
2024-04-28,4,PT1H,MC-BajoPutumayo,7624.51,7128.34
2024-04-28,5,PT1H,MC-BajoPutumayo,7428.91,6994.5
2024-04-28,6,PT1H,MC-BajoPutumayo,7459.92,7015.6
2024-04-28,7,PT1H,MC-BajoPutumayo,7596.44,7072.81
2024-04-28,8,PT1H,MC-BajoPutumayo,8326.99,7747.92
2024-04-28,9,PT1H,MC-BajoPutumayo,9274.56,8738.78
2024-04-28,10,PT1H,MC-BajoPutumayo,9735.43,9567.23
2024-04-28,11,PT1H,MC-BajoPutumayo,10132.16,10300.15
2024-04-28,12,PT1H,MC-BajoPutumayo,10906.74,10922.39
2024-04-28,13,PT1H,MC-BajoPutumayo,11571.75,11205.24
2024-04-28,14,PT1H,MC-BajoPutumayo,11633.51,11092.03
2024-04-28,15,PT1H,MC-BajoPutumayo,11741.89,11137.96
2024-04-28,16,PT1H,MC-BajoPutumayo,11861.05,11115.94
2024-04-28,17,PT1H,MC-BajoPutumayo,11783.29,11067.67
2024-04-28,18,PT1H,MC-BajoPutumayo,11737.8,11244.92
2024-04-28,19,PT1H,MC-BajoPutumayo,13143.07,12573.38
2024-04-28,20,PT1H,MC-BajoPutumayo,13550.37,13128.57
2024-04-28,21,PT1H,MC-BajoPutumayo,12876.05,12560.38
2024-04-28,22,PT1H,MC-BajoPutumayo,11716.22,11671.94
2024-04-28,23,PT1H,MC-BajoPutumayo,10360.17,10305.16
2024-04-28,24,PT1H,MC-BajoPutumayo,9225.45,9014.8
2022-09-07,1,PT1H,MC-BajoPutumayo,6009.31,7502.63
2022-09-07,2,PT1H,MC-BajoPutumayo,5738.5,7044.45
2022-09-07,3,PT1H,MC-BajoPutumayo,5608.33,6754.24
2022-09-07,4,PT1H,MC-BajoPutumayo,5523.8,6599.68
2022-09-07,5,PT1H,MC-BajoPutumayo,5687.49,6591.01
2022-09-07,6,PT1H,MC-BajoPutumayo,6575.61,6954.36
2022-09-07,7,PT1H,MC-BajoPutumayo,7390.78,7779.96
2022-09-07,8,PT1H,MC-BajoPutumayo,8216.98,8495.7
2022-09-07,9,PT1H,MC-BajoPutumayo,8939.55,9722.54
2022-09-07,10,PT1H,MC-BajoPutumayo,9487.82,10328.54
2022-09-07,11,PT1H,MC-BajoPutumayo,9848.7,10950.33
2022-09-07,12,PT1H,MC-BajoPutumayo,10389.45,11454.9
2022-09-07,13,PT1H,MC-BajoPutumayo,10116.94,11334.92
2022-09-07,14,PT1H,MC-BajoPutumayo,10348.07,11548.42
2022-09-07,15,PT1H,MC-BajoPutumayo,10797.48,12323.99
2022-09-07,16,PT1H,MC-BajoPutumayo,11049.36,12523.8
2022-09-07,17,PT1H,MC-BajoPutumayo,10863.71,12503.34
2022-09-07,18,PT1H,MC-BajoPutumayo,10964.87,12319.78
2022-09-07,19,PT1H,MC-BajoPutumayo,12388.24,13325.94
2022-09-07,20,PT1H,MC-BajoPutumayo,12324.11,13639.52
2022-09-07,21,PT1H,MC-BajoPutumayo,11326.71,12908.03
2022-09-07,22,PT1H,MC-BajoPutumayo,9862.07,11575.46
2022-09-07,23,PT1H,MC-BajoPutumayo,8225.55,9639.49
2022-09-07,24,PT1H,MC-BajoPutumayo,6913.52,8302.48
2022-11-08,1,PT1H,MC-BajoPutumayo,8089.66,7913.63
2022-11-08,2,PT1H,MC-BajoPutumayo,7603.51,7610.36
2022-11-08,3,PT1H,MC-BajoPutumayo,7165.13,7272.33
2022-11-08,4,PT1H,MC-BajoPutumayo,7118.66,7144.23
2022-11-08,5,PT1H,MC-BajoPutumayo,7025.23,7221.35
2022-11-08,6,PT1H,MC-BajoPutumayo,7434.44,7854.28
2022-11-08,7,PT1H,MC-BajoPutumayo,8209.72,8671.27
2022-11-08,8,PT1H,MC-BajoPutumayo,9235.33,9750.99
2022-11-08,9,PT1H,MC-BajoPutumayo,10411.86,10533.99
2022-11-08,10,PT1H,MC-BajoPutumayo,11378.87,11655.54
2022-11-08,11,PT1H,MC-BajoPutumayo,11047.33,12292.92
2022-11-08,12,PT1H,MC-BajoPutumayo,12475.94,12585.99
2022-11-08,13,PT1H,MC-BajoPutumayo,12817.01,12164.56
2022-11-08,14,PT1H,MC-BajoPutumayo,13212.52,11841.42
2022-11-08,15,PT1H,MC-BajoPutumayo,14156.87,12409.52
2022-11-08,16,PT1H,MC-BajoPutumayo,14237.2,12746.51
2022-11-08,17,PT1H,MC-BajoPutumayo,13963.71,12963.24
2022-11-08,18,PT1H,MC-BajoPutumayo,13858.65,13161.41
2022-11-08,19,PT1H,MC-BajoPutumayo,14555.89,14443.49
2022-11-08,20,PT1H,MC-BajoPutumayo,14312.73,14878.51
2022-11-08,21,PT1H,MC-BajoPutumayo,13237.32,14087.67
2022-11-08,22,PT1H,MC-BajoPutumayo,12026.29,12575.27
2022-11-08,23,PT1H,MC-BajoPutumayo,10251.64,10610.33
2022-11-08,24,PT1H,MC-BajoPutumayo,8918.67,9042.77
2022-03-05,1,PT1H,MC-BajoPutumayo,7670.18,6857.13
2022-03-05,2,PT1H,MC-BajoPutumayo,7134.19,6417.61
2022-03-05,3,PT1H,MC-BajoPutumayo,6855.66,6152.56
2022-03-05,4,PT1H,MC-BajoPutumayo,6650.71,6086.43
2022-03-05,5,PT1H,MC-BajoPutumayo,6549.96,6094.85
2022-03-05,6,PT1H,MC-BajoPutumayo,6754.93,6348.95
2022-03-05,7,PT1H,MC-BajoPutumayo,7271.97,6647.42
2022-03-05,8,PT1H,MC-BajoPutumayo,8237.13,7447.41
2022-03-05,9,PT1H,MC-BajoPutumayo,9288.76,8505.86
2022-03-05,10,PT1H,MC-BajoPutumayo,10301.23,9482.92
2022-03-05,11,PT1H,MC-BajoPutumayo,11376.12,9942.95
2022-03-05,12,PT1H,MC-BajoPutumayo,12198.49,10187.07
2022-03-05,13,PT1H,MC-BajoPutumayo,12042.55,10454.47
2022-03-05,14,PT1H,MC-BajoPutumayo,12106.07,10535.2
2022-03-05,15,PT1H,MC-BajoPutumayo,12260.22,10498.07
2022-03-05,16,PT1H,MC-BajoPutumayo,12245.78,10513.77
2022-03-05,17,PT1H,MC-BajoPutumayo,12150.95,10263.62
2022-03-05,18,PT1H,MC-BajoPutumayo,12034.96,10266.22
2022-03-05,19,PT1H,MC-BajoPutumayo,12919.6,11362.48
2022-03-05,20,PT1H,MC-BajoPutumayo,13724.77,12078.59
2022-03-05,21,PT1H,MC-BajoPutumayo,13160.36,11412.15
2022-03-05,22,PT1H,MC-BajoPutumayo,12203.53,10582.18
2022-03-05,23,PT1H,MC-BajoPutumayo,10957.2,9386.62
2022-03-05,24,PT1H,MC-BajoPutumayo,9745.72,8305.47
2023-09-03,1,PT1H,MC-BajoPutumayo,9935.99,8921.71
2023-09-03,2,PT1H,MC-BajoPutumayo,8927.74,8337.26
2023-09-03,3,PT1H,MC-BajoPutumayo,8395.71,7941.56
2023-09-03,4,PT1H,MC-BajoPutumayo,8124.16,7703.08
2023-09-03,5,PT1H,MC-BajoPutumayo,7828.45,7469.45
2023-09-03,6,PT1H,MC-BajoPutumayo,7764.28,7504.64
2023-09-03,7,PT1H,MC-BajoPutumayo,7941.01,7668.05
2023-09-03,8,PT1H,MC-BajoPutumayo,8978.14,8374.14
2023-09-03,9,PT1H,MC-BajoPutumayo,10492.05,9465.64
2023-09-03,10,PT1H,MC-BajoPutumayo,11394.21,10255.27
2023-09-03,11,PT1H,MC-BajoPutumayo,12099.95,10811.91
2023-09-03,12,PT1H,MC-BajoPutumayo,12695.15,11679.68
2023-09-03,13,PT1H,MC-BajoPutumayo,13017.23,11758.52
2023-09-03,14,PT1H,MC-BajoPutumayo,12638.58,11390.7
2023-09-03,15,PT1H,MC-BajoPutumayo,8591.53,11470.95
2023-09-03,16,PT1H,MC-BajoPutumayo,6590.11,11219.21
2023-09-03,17,PT1H,MC-BajoPutumayo,6465.64,11277.24
2023-09-03,18,PT1H,MC-BajoPutumayo,6445.04,11208.18
2023-09-03,19,PT1H,MC-BajoPutumayo,7205.84,12548.45
2023-09-03,20,PT1H,MC-BajoPutumayo,10924.55,13131.74
2023-09-03,21,PT1H,MC-BajoPutumayo,11136.47,12538.52
2023-09-03,22,PT1H,MC-BajoPutumayo,11139.09,11929.91
2023-09-03,23,PT1H,MC-BajoPutumayo,9876.03,10458.55
2023-09-03,24,PT1H,MC-BajoPutumayo,8769.28,9189.26
2024-01-02,1,PT1H,MC-BajoPutumayo,8629.4,7231.68
2024-01-02,2,PT1H,MC-BajoPutumayo,8147.72,6709.07
2024-01-02,3,PT1H,MC-BajoPutumayo,7886.89,6390.13
2024-01-02,4,PT1H,MC-BajoPutumayo,7731.49,6112.43
2024-01-02,5,PT1H,MC-BajoPutumayo,7665.69,6210.92
2024-01-02,6,PT1H,MC-BajoPutumayo,7672.82,6508.43
2024-01-02,7,PT1H,MC-BajoPutumayo,7818.59,6652.61
2024-01-02,8,PT1H,MC-BajoPutumayo,9025.82,7680.72
2024-01-02,9,PT1H,MC-BajoPutumayo,10525.05,9020.86
2024-01-02,10,PT1H,MC-BajoPutumayo,11837.24,9734.17
2024-01-02,11,PT1H,MC-BajoPutumayo,12750.25,10425.95
2024-01-02,12,PT1H,MC-BajoPutumayo,13415.72,10951.41
2024-01-02,13,PT1H,MC-BajoPutumayo,13240.22,10739.18
2024-01-02,14,PT1H,MC-BajoPutumayo,13142.44,11087.1
2024-01-02,15,PT1H,MC-BajoPutumayo,13520.54,11801.71
2024-01-02,16,PT1H,MC-BajoPutumayo,13551.61,11764.31
2024-01-02,17,PT1H,MC-BajoPutumayo,13385.54,11743.05
2024-01-02,18,PT1H,MC-BajoPutumayo,13269.5,11378.73
2024-01-02,19,PT1H,MC-BajoPutumayo,14231.8,12420.1
2024-01-02,20,PT1H,MC-BajoPutumayo,14675.63,12630.88
2024-01-02,21,PT1H,MC-BajoPutumayo,13915.45,12039.21
2024-01-02,22,PT1H,MC-BajoPutumayo,13039.93,10999.82
2024-01-02,23,PT1H,MC-BajoPutumayo,11799.95,9547.71
2024-01-02,24,PT1H,MC-BajoPutumayo,10369.41,8279.82
2022-09-29,1,PT1H,MC-BajoPutumayo,9186.28,7681.57
2022-09-29,2,PT1H,MC-BajoPutumayo,8614.08,7281.51
2022-09-29,3,PT1H,MC-BajoPutumayo,8337.24,7022.68
2022-09-29,4,PT1H,MC-BajoPutumayo,8126.43,4186.08
2022-09-29,5,PT1H,MC-BajoPutumayo,8136.18,2029.26
2022-09-29,6,PT1H,MC-BajoPutumayo,8544.87,7834.31
2022-09-29,7,PT1H,MC-BajoPutumayo,9091.11,8715.75
2022-09-29,8,PT1H,MC-BajoPutumayo,9253.58,9657.72
2022-09-29,9,PT1H,MC-BajoPutumayo,10196.19,10933.91
2022-09-29,10,PT1H,MC-BajoPutumayo,11316.39,11899.29
2022-09-29,11,PT1H,MC-BajoPutumayo,11934.1,12978.28
2022-09-29,12,PT1H,MC-BajoPutumayo,12493.52,13633.98
2022-09-29,13,PT1H,MC-BajoPutumayo,12529.9,13487.31
2022-09-29,14,PT1H,MC-BajoPutumayo,13132.0,13907.41
2022-09-29,15,PT1H,MC-BajoPutumayo,13943.06,14738.27
2022-09-29,16,PT1H,MC-BajoPutumayo,13973.86,14693.87
2022-09-29,17,PT1H,MC-BajoPutumayo,13927.39,14547.92
2022-09-29,18,PT1H,MC-BajoPutumayo,13929.87,14292.97
2022-09-29,19,PT1H,MC-BajoPutumayo,15037.07,15718.96
2022-09-29,20,PT1H,MC-BajoPutumayo,15424.26,15918.6
2022-09-29,21,PT1H,MC-BajoPutumayo,14618.64,14922.2
2022-09-29,22,PT1H,MC-BajoPutumayo,13457.39,13386.79
2022-09-29,23,PT1H,MC-BajoPutumayo,11835.52,11413.42
2022-09-29,24,PT1H,MC-BajoPutumayo,10232.28,9647.93
2024-09-09,1,PT1H,MC-BajoPutumayo,8270.57,8327.2
2024-09-09,2,PT1H,MC-BajoPutumayo,7685.56,7859.2
2024-09-09,3,PT1H,MC-BajoPutumayo,7402.2,7552.0
2024-09-09,4,PT1H,MC-BajoPutumayo,7211.45,7379.6
2024-09-09,5,PT1H,MC-BajoPutumayo,7363.51,7438.0
2024-09-09,6,PT1H,MC-BajoPutumayo,8072.77,7874.4
2024-09-09,7,PT1H,MC-BajoPutumayo,8354.55,8464.6
2024-09-09,8,PT1H,MC-BajoPutumayo,9324.65,9394.2
2024-09-09,9,PT1H,MC-BajoPutumayo,9990.67,10328.9
2024-09-09,10,PT1H,MC-BajoPutumayo,10367.23,10825.2
2024-09-09,11,PT1H,MC-BajoPutumayo,10599.49,11242.4
2024-09-09,12,PT1H,MC-BajoPutumayo,10810.2,11398.5
2024-09-09,13,PT1H,MC-BajoPutumayo,10787.05,11206.8
2024-09-09,14,PT1H,MC-BajoPutumayo,11329.48,11514.9
2024-09-09,15,PT1H,MC-BajoPutumayo,12212.25,11937.0
2024-09-09,16,PT1H,MC-BajoPutumayo,12498.38,11581.5
2024-09-09,17,PT1H,MC-BajoPutumayo,12141.54,11535.6
2024-09-09,18,PT1H,MC-BajoPutumayo,12127.98,11515.8
2024-09-09,19,PT1H,MC-BajoPutumayo,13881.03,12884.9
2024-09-09,20,PT1H,MC-BajoPutumayo,13492.02,12957.9
2024-09-09,21,PT1H,MC-BajoPutumayo,12022.51,12058.2
2024-09-09,22,PT1H,MC-BajoPutumayo,10596.61,10457.9
2024-09-09,23,PT1H,MC-BajoPutumayo,8781.0,8834.4
2024-09-09,24,PT1H,MC-BajoPutumayo,7720.98,7786.9
2024-06-10,1,PT1H,MC-BajoPutumayo,7926.64,8363.4
2024-06-10,2,PT1H,MC-BajoPutumayo,7448.79,7864.3
2024-06-10,3,PT1H,MC-BajoPutumayo,7076.28,7597.0
2024-06-10,4,PT1H,MC-BajoPutumayo,6920.35,7384.9
2024-06-10,5,PT1H,MC-BajoPutumayo,6923.89,7375.8
2024-06-10,6,PT1H,MC-BajoPutumayo,7011.78,7748.5
2024-06-10,7,PT1H,MC-BajoPutumayo,7218.17,8203.7
2024-06-10,8,PT1H,MC-BajoPutumayo,8081.34,9061.8
2024-06-10,9,PT1H,MC-BajoPutumayo,9039.64,10132.9
2024-06-10,10,PT1H,MC-BajoPutumayo,9745.03,10617.6
2024-06-10,11,PT1H,MC-BajoPutumayo,10440.39,11158.7
2024-06-10,12,PT1H,MC-BajoPutumayo,11199.35,11609.5
2024-06-10,13,PT1H,MC-BajoPutumayo,11288.76,11429.8
2024-06-10,14,PT1H,MC-BajoPutumayo,11136.33,11509.9
2024-06-10,15,PT1H,MC-BajoPutumayo,11094.37,11993.1
2024-06-10,16,PT1H,MC-BajoPutumayo,10892.94,12050.7
2024-06-10,17,PT1H,MC-BajoPutumayo,10815.2,11948.5
2024-06-10,18,PT1H,MC-BajoPutumayo,10853.18,11935.5
2024-06-10,19,PT1H,MC-BajoPutumayo,12250.22,13147.3
2024-06-10,20,PT1H,MC-BajoPutumayo,12590.24,13378.8
2024-06-10,21,PT1H,MC-BajoPutumayo,12034.05,12641.9
2024-06-10,22,PT1H,MC-BajoPutumayo,10730.29,11405.6
2024-06-10,23,PT1H,MC-BajoPutumayo,9039.21,9776.9
2024-06-10,24,PT1H,MC-BajoPutumayo,7840.07,8579.3
2023-12-18,1,PT1H,MC-BajoPutumayo,7177.83,8203.46
2023-12-18,2,PT1H,MC-BajoPutumayo,6773.31,7586.37
2023-12-18,3,PT1H,MC-BajoPutumayo,6556.28,7266.81
2023-12-18,4,PT1H,MC-BajoPutumayo,6397.96,7019.62
2023-12-18,5,PT1H,MC-BajoPutumayo,6499.88,6990.01
2023-12-18,6,PT1H,MC-BajoPutumayo,6758.54,7166.92
2023-12-18,7,PT1H,MC-BajoPutumayo,7123.23,7952.25
2023-12-18,8,PT1H,MC-BajoPutumayo,7995.55,9010.09
2023-12-18,9,PT1H,MC-BajoPutumayo,9582.6,10094.47
2023-12-18,10,PT1H,MC-BajoPutumayo,10850.1,11145.86
2023-12-18,11,PT1H,MC-BajoPutumayo,11872.24,11960.11
2023-12-18,12,PT1H,MC-BajoPutumayo,12909.11,12715.52
2023-12-18,13,PT1H,MC-BajoPutumayo,12918.87,12586.43
2023-12-18,14,PT1H,MC-BajoPutumayo,12741.21,12745.3
2023-12-18,15,PT1H,MC-BajoPutumayo,13093.94,13502.92
2023-12-18,16,PT1H,MC-BajoPutumayo,13150.29,13688.43
2023-12-18,17,PT1H,MC-BajoPutumayo,13129.75,13359.41
2023-12-18,18,PT1H,MC-BajoPutumayo,12911.41,13045.72
2023-12-18,19,PT1H,MC-BajoPutumayo,13458.47,14342.55
2023-12-18,20,PT1H,MC-BajoPutumayo,13089.29,14197.43
2023-12-18,21,PT1H,MC-BajoPutumayo,12075.08,13070.91
2023-12-18,22,PT1H,MC-BajoPutumayo,11340.48,11507.33
2023-12-18,23,PT1H,MC-BajoPutumayo,9807.25,10011.87
2023-12-18,24,PT1H,MC-BajoPutumayo,8579.14,8482.51
2025-05-03,1,PT1H,MC-BajoPutumayo,8311.05,8458.5
2025-05-03,2,PT1H,MC-BajoPutumayo,7616.32,7930.2
2025-05-03,3,PT1H,MC-BajoPutumayo,7287.03,7582.6
2025-05-03,4,PT1H,MC-BajoPutumayo,7131.17,7373.7
2025-05-03,5,PT1H,MC-BajoPutumayo,7112.68,7316.7
2025-05-03,6,PT1H,MC-BajoPutumayo,7388.69,7513.3
2025-05-03,7,PT1H,MC-BajoPutumayo,7830.22,7882.8
2025-05-03,8,PT1H,MC-BajoPutumayo,8861.04,8984.8
2025-05-03,9,PT1H,MC-BajoPutumayo,9898.28,10498.7
2025-05-03,10,PT1H,MC-BajoPutumayo,10624.38,11665.2
2025-05-03,11,PT1H,MC-BajoPutumayo,11451.38,12216.4
2025-05-03,12,PT1H,MC-BajoPutumayo,12075.91,12616.5
2025-05-03,13,PT1H,MC-BajoPutumayo,12365.7,12464.9
2025-05-03,14,PT1H,MC-BajoPutumayo,12569.27,12244.5
2025-05-03,15,PT1H,MC-BajoPutumayo,12871.8,12209.2
2025-05-03,16,PT1H,MC-BajoPutumayo,12951.56,12072.3
2025-05-03,17,PT1H,MC-BajoPutumayo,12932.48,11942.0
2025-05-03,18,PT1H,MC-BajoPutumayo,12860.42,12089.7
2025-05-03,19,PT1H,MC-BajoPutumayo,14175.83,13491.5
2025-05-03,20,PT1H,MC-BajoPutumayo,14332.92,13775.9
2025-05-03,21,PT1H,MC-BajoPutumayo,13380.81,12994.0
2025-05-03,22,PT1H,MC-BajoPutumayo,12359.44,11953.1
2025-05-03,23,PT1H,MC-BajoPutumayo,10991.06,10702.5
2025-05-03,24,PT1H,MC-BajoPutumayo,9765.53,9424.6
2023-10-21,1,PT1H,MC-BajoPutumayo,8258.58,7816.59
2023-10-21,2,PT1H,MC-BajoPutumayo,7705.17,7296.52
2023-10-21,3,PT1H,MC-BajoPutumayo,7423.81,6955.58
2023-10-21,4,PT1H,MC-BajoPutumayo,7150.74,6768.44
2023-10-21,5,PT1H,MC-BajoPutumayo,7137.08,6732.28
2023-10-21,6,PT1H,MC-BajoPutumayo,7251.71,6881.23
2023-10-21,7,PT1H,MC-BajoPutumayo,7832.25,7326.48
2023-10-21,8,PT1H,MC-BajoPutumayo,8926.89,8535.64
2023-10-21,9,PT1H,MC-BajoPutumayo,10433.66,9822.48
2023-10-21,10,PT1H,MC-BajoPutumayo,11654.11,10848.31
2023-10-21,11,PT1H,MC-BajoPutumayo,12725.45,11795.13
2023-10-21,12,PT1H,MC-BajoPutumayo,13386.93,12575.6
2023-10-21,13,PT1H,MC-BajoPutumayo,13484.24,12521.43
2023-10-21,14,PT1H,MC-BajoPutumayo,13181.38,12581.83
2023-10-21,15,PT1H,MC-BajoPutumayo,12812.87,12835.98
2023-10-21,16,PT1H,MC-BajoPutumayo,11424.21,13043.27
2023-10-21,17,PT1H,MC-BajoPutumayo,10782.34,12783.49
2023-10-21,18,PT1H,MC-BajoPutumayo,10473.89,12386.52
2023-10-21,19,PT1H,MC-BajoPutumayo,12522.8,13452.2
2023-10-21,20,PT1H,MC-BajoPutumayo,13081.08,13556.93
2023-10-21,21,PT1H,MC-BajoPutumayo,12186.37,12672.08
2023-10-21,22,PT1H,MC-BajoPutumayo,11019.91,11761.82
2023-10-21,23,PT1H,MC-BajoPutumayo,9924.06,10356.83
2023-10-21,24,PT1H,MC-BajoPutumayo,8884.02,9253.33
2023-10-17,1,PT1H,MC-BajoPutumayo,7986.34,6988.22
2023-10-17,2,PT1H,MC-BajoPutumayo,7566.68,6617.76
2023-10-17,3,PT1H,MC-BajoPutumayo,7318.34,6442.6
2023-10-17,4,PT1H,MC-BajoPutumayo,7122.5,6263.35
2023-10-17,5,PT1H,MC-BajoPutumayo,7117.98,6279.28
2023-10-17,6,PT1H,MC-BajoPutumayo,7602.94,6746.74
2023-10-17,7,PT1H,MC-BajoPutumayo,8236.79,7396.74
2023-10-17,8,PT1H,MC-BajoPutumayo,9199.55,7899.08
2023-10-17,9,PT1H,MC-BajoPutumayo,10317.69,9051.76
2023-10-17,10,PT1H,MC-BajoPutumayo,11148.64,9716.95
2023-10-17,11,PT1H,MC-BajoPutumayo,12397.71,10688.7
2023-10-17,12,PT1H,MC-BajoPutumayo,13207.64,11583.63
2023-10-17,13,PT1H,MC-BajoPutumayo,12918.36,11116.93
2023-10-17,14,PT1H,MC-BajoPutumayo,12937.0,11256.12
2023-10-17,15,PT1H,MC-BajoPutumayo,14003.46,12096.51
2023-10-17,16,PT1H,MC-BajoPutumayo,14079.74,12257.5
2023-10-17,17,PT1H,MC-BajoPutumayo,14195.47,12183.63
2023-10-17,18,PT1H,MC-BajoPutumayo,13943.0,12042.75
2023-10-17,19,PT1H,MC-BajoPutumayo,15190.62,13058.69
2023-10-17,20,PT1H,MC-BajoPutumayo,15329.58,13132.22
2023-10-17,21,PT1H,MC-BajoPutumayo,13777.15,12285.59
2023-10-17,22,PT1H,MC-BajoPutumayo,11688.79,11151.95
2023-10-17,23,PT1H,MC-BajoPutumayo,9839.91,9578.27
2023-10-17,24,PT1H,MC-BajoPutumayo,9230.86,8281.49
2023-02-27,1,PT1H,MC-BajoPutumayo,8578.2,7556.45
2023-02-27,2,PT1H,MC-BajoPutumayo,7941.05,7139.96
2023-02-27,3,PT1H,MC-BajoPutumayo,7606.41,6785.93
2023-02-27,4,PT1H,MC-BajoPutumayo,7459.89,6623.9
2023-02-27,5,PT1H,MC-BajoPutumayo,7455.68,6681.34
2023-02-27,6,PT1H,MC-BajoPutumayo,7999.95,7127.23
2023-02-27,7,PT1H,MC-BajoPutumayo,8616.14,7866.83
2023-02-27,8,PT1H,MC-BajoPutumayo,9327.41,8523.41
2023-02-27,9,PT1H,MC-BajoPutumayo,10567.9,9493.31
2023-02-27,10,PT1H,MC-BajoPutumayo,11047.4,10114.73
2023-02-27,11,PT1H,MC-BajoPutumayo,11868.31,10735.29
2023-02-27,12,PT1H,MC-BajoPutumayo,12305.91,11134.28
2023-02-27,13,PT1H,MC-BajoPutumayo,12131.61,10929.26
2023-02-27,14,PT1H,MC-BajoPutumayo,12409.64,11129.81
2023-02-27,15,PT1H,MC-BajoPutumayo,13206.18,11658.7
2023-02-27,16,PT1H,MC-BajoPutumayo,12968.05,11868.75
2023-02-27,17,PT1H,MC-BajoPutumayo,13477.07,11959.54
2023-02-27,18,PT1H,MC-BajoPutumayo,13360.28,11580.24
2023-02-27,19,PT1H,MC-BajoPutumayo,13859.9,12274.07
2023-02-27,20,PT1H,MC-BajoPutumayo,14345.3,12931.08
2023-02-27,21,PT1H,MC-BajoPutumayo,13393.37,12079.61
2023-02-27,22,PT1H,MC-BajoPutumayo,12190.36,11058.93
2023-02-27,23,PT1H,MC-BajoPutumayo,10495.72,9609.13
2023-02-27,24,PT1H,MC-BajoPutumayo,9064.39,8203.09
2023-02-24,1,PT1H,MC-BajoPutumayo,7732.53,7793.56
2023-02-24,2,PT1H,MC-BajoPutumayo,7146.68,7324.23
2023-02-24,3,PT1H,MC-BajoPutumayo,6840.34,7066.54
2023-02-24,4,PT1H,MC-BajoPutumayo,6668.97,6882.32
2023-02-24,5,PT1H,MC-BajoPutumayo,6704.55,6847.99
2023-02-24,6,PT1H,MC-BajoPutumayo,7309.91,7265.69
2023-02-24,7,PT1H,MC-BajoPutumayo,7940.25,7757.55
2023-02-24,8,PT1H,MC-BajoPutumayo,8756.68,8665.71
2023-02-24,9,PT1H,MC-BajoPutumayo,9870.13,9849.78
2023-02-24,10,PT1H,MC-BajoPutumayo,10633.97,10761.68
2023-02-24,11,PT1H,MC-BajoPutumayo,11370.96,11535.27
2023-02-24,12,PT1H,MC-BajoPutumayo,12252.56,11886.63
2023-02-24,13,PT1H,MC-BajoPutumayo,11943.38,11696.35
2023-02-24,14,PT1H,MC-BajoPutumayo,12256.41,11841.46
2023-02-24,15,PT1H,MC-BajoPutumayo,13141.96,12466.13
2023-02-24,16,PT1H,MC-BajoPutumayo,13513.43,12759.59
2023-02-24,17,PT1H,MC-BajoPutumayo,13537.59,12797.9
2023-02-24,18,PT1H,MC-BajoPutumayo,12945.05,12435.71
2023-02-24,19,PT1H,MC-BajoPutumayo,13558.6,12991.22
2023-02-24,20,PT1H,MC-BajoPutumayo,14198.2,13669.61
2023-02-24,21,PT1H,MC-BajoPutumayo,13276.52,12891.36
2023-02-24,22,PT1H,MC-BajoPutumayo,12200.79,11792.03
2023-02-24,23,PT1H,MC-BajoPutumayo,10655.18,10291.97
2023-02-24,24,PT1H,MC-BajoPutumayo,9253.0,8973.64
2023-04-17,1,PT1H,MC-BajoPutumayo,7300.93,6940.28
2023-04-17,2,PT1H,MC-BajoPutumayo,6845.49,6488.39
2023-04-17,3,PT1H,MC-BajoPutumayo,6637.58,6221.48
2023-04-17,4,PT1H,MC-BajoPutumayo,6488.42,6097.93
2023-04-17,5,PT1H,MC-BajoPutumayo,6530.7,6134.78
2023-04-17,6,PT1H,MC-BajoPutumayo,7168.12,6657.98
2023-04-17,7,PT1H,MC-BajoPutumayo,7347.38,7372.43
2023-04-17,8,PT1H,MC-BajoPutumayo,7935.96,8279.7
2023-04-17,9,PT1H,MC-BajoPutumayo,8861.37,9295.67
2023-04-17,10,PT1H,MC-BajoPutumayo,9695.76,9968.0
2023-04-17,11,PT1H,MC-BajoPutumayo,10308.35,10474.08
2023-04-17,12,PT1H,MC-BajoPutumayo,10784.62,11019.09
2023-04-17,13,PT1H,MC-BajoPutumayo,10501.99,10892.34
2023-04-17,14,PT1H,MC-BajoPutumayo,10747.18,10882.62
2023-04-17,15,PT1H,MC-BajoPutumayo,11663.44,11455.05
2023-04-17,16,PT1H,MC-BajoPutumayo,11942.74,11722.18
2023-04-17,17,PT1H,MC-BajoPutumayo,11865.36,11873.53
2023-04-17,18,PT1H,MC-BajoPutumayo,11600.6,11567.23
2023-04-17,19,PT1H,MC-BajoPutumayo,14030.79,12656.42
2023-04-17,20,PT1H,MC-BajoPutumayo,13953.93,13151.46
2023-04-17,21,PT1H,MC-BajoPutumayo,12967.12,12352.62
2023-04-17,22,PT1H,MC-BajoPutumayo,11584.99,10911.8
2023-04-17,23,PT1H,MC-BajoPutumayo,9853.71,9322.16
2023-04-17,24,PT1H,MC-BajoPutumayo,8551.05,8009.2
2023-06-08,1,PT1H,MC-BajoPutumayo,6945.24,6915.07
2023-06-08,2,PT1H,MC-BajoPutumayo,6456.92,6470.02
2023-06-08,3,PT1H,MC-BajoPutumayo,6308.26,6270.09
2023-06-08,4,PT1H,MC-BajoPutumayo,6137.34,6121.23
2023-06-08,5,PT1H,MC-BajoPutumayo,6234.83,6145.81
2023-06-08,6,PT1H,MC-BajoPutumayo,6862.33,6636.69
2023-06-08,7,PT1H,MC-BajoPutumayo,7631.75,7283.44
2023-06-08,8,PT1H,MC-BajoPutumayo,8322.18,8012.23
2023-06-08,9,PT1H,MC-BajoPutumayo,9468.53,9042.17
2023-06-08,10,PT1H,MC-BajoPutumayo,9920.95,9706.42
2023-06-08,11,PT1H,MC-BajoPutumayo,10662.04,10251.63
2023-06-08,12,PT1H,MC-BajoPutumayo,11312.14,10928.96
2023-06-08,13,PT1H,MC-BajoPutumayo,11279.37,10676.14
2023-06-08,14,PT1H,MC-BajoPutumayo,11384.94,10899.89
2023-06-08,15,PT1H,MC-BajoPutumayo,11150.63,11778.56
2023-06-08,16,PT1H,MC-BajoPutumayo,11031.82,11933.03
2023-06-08,17,PT1H,MC-BajoPutumayo,11140.73,11850.77
2023-06-08,18,PT1H,MC-BajoPutumayo,11292.06,11598.36
2023-06-08,19,PT1H,MC-BajoPutumayo,12607.3,12514.94
2023-06-08,20,PT1H,MC-BajoPutumayo,13084.0,12779.74
2023-06-08,21,PT1H,MC-BajoPutumayo,12299.42,12014.34
2023-06-08,22,PT1H,MC-BajoPutumayo,10464.5,10868.63
2023-06-08,23,PT1H,MC-BajoPutumayo,9415.07,9400.43
2023-06-08,24,PT1H,MC-BajoPutumayo,8001.54,8151.68
2023-08-16,1,PT1H,MC-BajoPutumayo,6801.05,6773.4
2023-08-16,2,PT1H,MC-BajoPutumayo,6305.2,6371.36
2023-08-16,3,PT1H,MC-BajoPutumayo,6076.9,6183.02
2023-08-16,4,PT1H,MC-BajoPutumayo,5856.9,6073.73
2023-08-16,5,PT1H,MC-BajoPutumayo,6432.75,6133.81
2023-08-16,6,PT1H,MC-BajoPutumayo,6437.73,6701.54
2023-08-16,7,PT1H,MC-BajoPutumayo,7638.36,7503.18
2023-08-16,8,PT1H,MC-BajoPutumayo,8460.61,8143.01
2023-08-16,9,PT1H,MC-BajoPutumayo,9656.58,9279.62
2023-08-16,10,PT1H,MC-BajoPutumayo,9924.68,10109.17
2023-08-16,11,PT1H,MC-BajoPutumayo,12226.16,10836.07
2023-08-16,12,PT1H,MC-BajoPutumayo,12057.77,11495.51
2023-08-16,13,PT1H,MC-BajoPutumayo,11856.7,11109.81
2023-08-16,14,PT1H,MC-BajoPutumayo,11770.84,11280.75
2023-08-16,15,PT1H,MC-BajoPutumayo,13424.45,12277.78
2023-08-16,16,PT1H,MC-BajoPutumayo,13420.68,12745.61
2023-08-16,17,PT1H,MC-BajoPutumayo,13402.22,12661.56
2023-08-16,18,PT1H,MC-BajoPutumayo,13025.62,12359.33
2023-08-16,19,PT1H,MC-BajoPutumayo,13480.11,13031.4
2023-08-16,20,PT1H,MC-BajoPutumayo,14525.36,13524.86
2023-08-16,21,PT1H,MC-BajoPutumayo,13636.75,12619.14
2023-08-16,22,PT1H,MC-BajoPutumayo,12241.45,11461.21
2023-08-16,23,PT1H,MC-BajoPutumayo,10432.51,9930.52
2023-08-16,24,PT1H,MC-BajoPutumayo,8644.8,8486.98
2022-08-23,1,PT1H,MC-BajoPutumayo,6348.01,6001.33
2022-08-23,2,PT1H,MC-BajoPutumayo,5998.43,5893.08
2022-08-23,3,PT1H,MC-BajoPutumayo,5820.65,5989.03
2022-08-23,4,PT1H,MC-BajoPutumayo,5677.43,5815.46
2022-08-23,5,PT1H,MC-BajoPutumayo,5695.55,5945.69
2022-08-23,6,PT1H,MC-BajoPutumayo,6321.39,6461.18
2022-08-23,7,PT1H,MC-BajoPutumayo,7091.77,7295.8
2022-08-23,8,PT1H,MC-BajoPutumayo,7846.1,8066.5
2022-08-23,9,PT1H,MC-BajoPutumayo,8966.06,9475.18
2022-08-23,10,PT1H,MC-BajoPutumayo,9867.75,9982.24
2022-08-23,11,PT1H,MC-BajoPutumayo,10659.79,10855.01
2022-08-23,12,PT1H,MC-BajoPutumayo,11202.26,11357.16
2022-08-23,13,PT1H,MC-BajoPutumayo,11086.05,11107.76
2022-08-23,14,PT1H,MC-BajoPutumayo,11336.45,11246.66
2022-08-23,15,PT1H,MC-BajoPutumayo,12123.94,11481.07
2022-08-23,16,PT1H,MC-BajoPutumayo,12471.62,11549.51
2022-08-23,17,PT1H,MC-BajoPutumayo,12308.14,11841.63
2022-08-23,18,PT1H,MC-BajoPutumayo,11968.05,11524.91
2022-08-23,19,PT1H,MC-BajoPutumayo,13040.55,12586.45
2022-08-23,20,PT1H,MC-BajoPutumayo,13350.35,13049.23
2022-08-23,21,PT1H,MC-BajoPutumayo,12504.56,12307.98
2022-08-23,22,PT1H,MC-BajoPutumayo,11105.92,10981.83
2022-08-23,23,PT1H,MC-BajoPutumayo,9205.36,9245.02
2022-08-23,24,PT1H,MC-BajoPutumayo,7808.36,7835.67
2025-01-15,1,PT1H,MC-BajoPutumayo,9872.51,10236.8
2025-01-15,2,PT1H,MC-BajoPutumayo,9130.74,9725.9
2025-01-15,3,PT1H,MC-BajoPutumayo,8665.67,9174.0
2025-01-15,4,PT1H,MC-BajoPutumayo,8669.98,8862.1
2025-01-15,5,PT1H,MC-BajoPutumayo,5739.23,8823.8
2025-01-15,6,PT1H,MC-BajoPutumayo,4718.44,8693.0
2025-01-15,7,PT1H,MC-BajoPutumayo,5365.71,8508.3
2025-01-15,8,PT1H,MC-BajoPutumayo,10861.45,9121.3
2025-01-15,9,PT1H,MC-BajoPutumayo,10508.36,9894.3
2025-01-15,10,PT1H,MC-BajoPutumayo,11743.22,10709.3
2025-01-15,11,PT1H,MC-BajoPutumayo,12345.91,11593.6
2025-01-15,12,PT1H,MC-BajoPutumayo,12902.04,12563.6
2025-01-15,13,PT1H,MC-BajoPutumayo,14023.18,12708.3
2025-01-15,14,PT1H,MC-BajoPutumayo,14068.39,12710.2
2025-01-15,15,PT1H,MC-BajoPutumayo,14965.79,12876.8
2025-01-15,16,PT1H,MC-BajoPutumayo,15041.54,13155.9
2025-01-15,17,PT1H,MC-BajoPutumayo,15025.6,12952.2
2025-01-15,18,PT1H,MC-BajoPutumayo,14592.96,12727.7
2025-01-15,19,PT1H,MC-BajoPutumayo,15182.07,13869.0
2025-01-15,20,PT1H,MC-BajoPutumayo,15868.52,14236.9
2025-01-15,21,PT1H,MC-BajoPutumayo,15193.48,13504.2
2025-01-15,22,PT1H,MC-BajoPutumayo,14170.42,12398.2
2025-01-15,23,PT1H,MC-BajoPutumayo,12566.41,11090.1
2025-01-15,24,PT1H,MC-BajoPutumayo,11079.1,9716.2
2023-06-20,1,PT1H,MC-BajoPutumayo,7089.86,7375.83
2023-06-20,2,PT1H,MC-BajoPutumayo,6552.41,6923.49
2023-06-20,3,PT1H,MC-BajoPutumayo,6325.13,6586.24
2023-06-20,4,PT1H,MC-BajoPutumayo,6197.41,6423.25
2023-06-20,5,PT1H,MC-BajoPutumayo,6244.7,6453.56
2023-06-20,6,PT1H,MC-BajoPutumayo,6838.19,6974.08
2023-06-20,7,PT1H,MC-BajoPutumayo,7536.03,7644.04
2023-06-20,8,PT1H,MC-BajoPutumayo,8277.13,8331.2
2023-06-20,9,PT1H,MC-BajoPutumayo,9288.38,9267.12
2023-06-20,10,PT1H,MC-BajoPutumayo,10067.22,9872.49
2023-06-20,11,PT1H,MC-BajoPutumayo,10524.58,10385.01
2023-06-20,12,PT1H,MC-BajoPutumayo,11229.31,10701.85
2023-06-20,13,PT1H,MC-BajoPutumayo,11023.17,10387.72
2023-06-20,14,PT1H,MC-BajoPutumayo,11404.49,10426.13
2023-06-20,15,PT1H,MC-BajoPutumayo,12248.2,10999.65
2023-06-20,16,PT1H,MC-BajoPutumayo,12160.47,11329.17
2023-06-20,17,PT1H,MC-BajoPutumayo,11948.91,11463.9
2023-06-20,18,PT1H,MC-BajoPutumayo,11753.06,11453.92
2023-06-20,19,PT1H,MC-BajoPutumayo,12750.27,12577.62
2023-06-20,20,PT1H,MC-BajoPutumayo,13302.26,12695.13
2023-06-20,21,PT1H,MC-BajoPutumayo,12399.73,11868.75
2023-06-20,22,PT1H,MC-BajoPutumayo,11267.15,10680.66
2023-06-20,23,PT1H,MC-BajoPutumayo,9628.26,8969.1
2023-06-20,24,PT1H,MC-BajoPutumayo,8341.63,7679.48
2024-07-11,1,PT1H,MC-BajoPutumayo,7603.12,7542.4
2024-07-11,2,PT1H,MC-BajoPutumayo,7133.01,7105.7
2024-07-11,3,PT1H,MC-BajoPutumayo,6829.2,6955.9
2024-07-11,4,PT1H,MC-BajoPutumayo,6550.4,6829.4
2024-07-11,5,PT1H,MC-BajoPutumayo,6590.0,6908.8
2024-07-11,6,PT1H,MC-BajoPutumayo,6899.55,7429.3
2024-07-11,7,PT1H,MC-BajoPutumayo,7310.45,8067.1
2024-07-11,8,PT1H,MC-BajoPutumayo,8666.14,9065.3
2024-07-11,9,PT1H,MC-BajoPutumayo,10046.03,10063.8
2024-07-11,10,PT1H,MC-BajoPutumayo,11210.63,10666.3
2024-07-11,11,PT1H,MC-BajoPutumayo,12241.67,11239.7
2024-07-11,12,PT1H,MC-BajoPutumayo,12888.5,11712.9
2024-07-11,13,PT1H,MC-BajoPutumayo,12611.45,11208.2
2024-07-11,14,PT1H,MC-BajoPutumayo,6837.97,11399.9
2024-07-11,15,PT1H,MC-BajoPutumayo,10161.56,12169.6
2024-07-11,16,PT1H,MC-BajoPutumayo,10427.18,12397.0
2024-07-11,17,PT1H,MC-BajoPutumayo,10149.68,12416.9
2024-07-11,18,PT1H,MC-BajoPutumayo,10358.8,12396.2
2024-07-11,19,PT1H,MC-BajoPutumayo,11673.27,13558.2
2024-07-11,20,PT1H,MC-BajoPutumayo,12061.12,13627.7
2024-07-11,21,PT1H,MC-BajoPutumayo,11067.42,12721.6
2024-07-11,22,PT1H,MC-BajoPutumayo,9913.44,11459.2
2024-07-11,23,PT1H,MC-BajoPutumayo,8235.0,9790.5
2024-07-11,24,PT1H,MC-BajoPutumayo,7235.66,8456.1
2024-10-14,1,PT1H,MC-BajoPutumayo,8578.96,7427.9
2024-10-14,2,PT1H,MC-BajoPutumayo,8101.18,7050.0
2024-10-14,3,PT1H,MC-BajoPutumayo,7717.18,6851.2
2024-10-14,4,PT1H,MC-BajoPutumayo,7500.32,6767.9
2024-10-14,5,PT1H,MC-BajoPutumayo,7609.48,6868.1
2024-10-14,6,PT1H,MC-BajoPutumayo,7611.44,7500.5
2024-10-14,7,PT1H,MC-BajoPutumayo,7615.65,8311.3
2024-10-14,8,PT1H,MC-BajoPutumayo,8412.74,9021.1
2024-10-14,9,PT1H,MC-BajoPutumayo,9543.7,9875.5
2024-10-14,10,PT1H,MC-BajoPutumayo,10350.55,10576.2
2024-10-14,11,PT1H,MC-BajoPutumayo,10942.32,11390.7
2024-10-14,12,PT1H,MC-BajoPutumayo,11579.63,11749.0
2024-10-14,13,PT1H,MC-BajoPutumayo,11497.84,11429.1
2024-10-14,14,PT1H,MC-BajoPutumayo,11186.62,11707.5
2024-10-14,15,PT1H,MC-BajoPutumayo,11457.42,12301.4
2024-10-14,16,PT1H,MC-BajoPutumayo,11361.54,12357.0
2024-10-14,17,PT1H,MC-BajoPutumayo,11201.81,12161.5
2024-10-14,18,PT1H,MC-BajoPutumayo,12039.31,12061.7
2024-10-14,19,PT1H,MC-BajoPutumayo,13206.47,13999.5
2024-10-14,20,PT1H,MC-BajoPutumayo,12825.06,14041.3
2024-10-14,21,PT1H,MC-BajoPutumayo,11918.51,13386.5
2024-10-14,22,PT1H,MC-BajoPutumayo,10437.51,12076.8
2024-10-14,23,PT1H,MC-BajoPutumayo,9244.5,10154.4
2024-10-14,24,PT1H,MC-BajoPutumayo,8166.57,8518.2
2022-01-13,1,PT1H,MC-BajoPutumayo,7697.47,7131.96
2022-01-13,2,PT1H,MC-BajoPutumayo,7243.57,6690.16
2022-01-13,3,PT1H,MC-BajoPutumayo,7034.31,6395.7
2022-01-13,4,PT1H,MC-BajoPutumayo,7167.89,6222.61
2022-01-13,5,PT1H,MC-BajoPutumayo,7053.51,6206.55
2022-01-13,6,PT1H,MC-BajoPutumayo,7165.14,6624.75
2022-01-13,7,PT1H,MC-BajoPutumayo,7101.0,6742.81
2022-01-13,8,PT1H,MC-BajoPutumayo,7808.53,7858.31
2022-01-13,9,PT1H,MC-BajoPutumayo,8698.58,9139.1
2022-01-13,10,PT1H,MC-BajoPutumayo,9235.59,10033.82
2022-01-13,11,PT1H,MC-BajoPutumayo,9639.88,10958.76
2022-01-13,12,PT1H,MC-BajoPutumayo,10705.45,11722.18
2022-01-13,13,PT1H,MC-BajoPutumayo,10572.27,11421.81
2022-01-13,14,PT1H,MC-BajoPutumayo,10191.75,11458.89
2022-01-13,15,PT1H,MC-BajoPutumayo,10504.83,12154.3
2022-01-13,16,PT1H,MC-BajoPutumayo,10450.24,12402.48
2022-01-13,17,PT1H,MC-BajoPutumayo,10744.18,12406.73
2022-01-13,18,PT1H,MC-BajoPutumayo,10720.84,12023.72
2022-01-13,19,PT1H,MC-BajoPutumayo,11698.56,12991.87
2022-01-13,20,PT1H,MC-BajoPutumayo,12333.69,13544.43
2022-01-13,21,PT1H,MC-BajoPutumayo,6523.65,12618.31
2022-01-13,22,PT1H,MC-BajoPutumayo,9550.22,11417.8
2022-01-13,23,PT1H,MC-BajoPutumayo,9272.59,9711.97
2022-01-13,24,PT1H,MC-BajoPutumayo,7992.16,8252.18
2023-07-02,1,PT1H,MC-BajoPutumayo,6959.22,8479.03
2023-07-02,2,PT1H,MC-BajoPutumayo,6482.29,7928.95
2023-07-02,3,PT1H,MC-BajoPutumayo,6109.83,7524.03
2023-07-02,4,PT1H,MC-BajoPutumayo,5938.07,7222.29
2023-07-02,5,PT1H,MC-BajoPutumayo,5972.23,7067.07
2023-07-02,6,PT1H,MC-BajoPutumayo,5908.18,7095.98
2023-07-02,7,PT1H,MC-BajoPutumayo,6050.66,7298.3
2023-07-02,8,PT1H,MC-BajoPutumayo,7074.0,8034.09
2023-07-02,9,PT1H,MC-BajoPutumayo,8169.84,9114.73
2023-07-02,10,PT1H,MC-BajoPutumayo,9038.91,9889.21
2023-07-02,11,PT1H,MC-BajoPutumayo,9738.28,10656.29
2023-07-02,12,PT1H,MC-BajoPutumayo,10219.15,11108.54
2023-07-02,13,PT1H,MC-BajoPutumayo,10540.71,10981.36
2023-07-02,14,PT1H,MC-BajoPutumayo,10531.52,11024.11
2023-07-02,15,PT1H,MC-BajoPutumayo,10446.84,11134.74
2023-07-02,16,PT1H,MC-BajoPutumayo,10300.36,11551.11
2023-07-02,17,PT1H,MC-BajoPutumayo,10199.48,11264.79
2023-07-02,18,PT1H,MC-BajoPutumayo,10124.09,11368.13
2023-07-02,19,PT1H,MC-BajoPutumayo,11227.82,12784.7
2023-07-02,20,PT1H,MC-BajoPutumayo,11851.97,13151.35
2023-07-02,21,PT1H,MC-BajoPutumayo,11444.75,12522.3
2023-07-02,22,PT1H,MC-BajoPutumayo,10574.41,11592.09
2023-07-02,23,PT1H,MC-BajoPutumayo,9401.2,10341.54
2023-07-02,24,PT1H,MC-BajoPutumayo,8253.99,9101.85
2022-11-26,1,PT1H,MC-BajoPutumayo,8194.27,7576.41
2022-11-26,2,PT1H,MC-BajoPutumayo,7587.42,7094.07
2022-11-26,3,PT1H,MC-BajoPutumayo,7146.09,6789.72
2022-11-26,4,PT1H,MC-BajoPutumayo,6891.81,6569.53
2022-11-26,5,PT1H,MC-BajoPutumayo,6765.95,6521.26
2022-11-26,6,PT1H,MC-BajoPutumayo,6666.79,6820.47
2022-11-26,7,PT1H,MC-BajoPutumayo,7326.64,7451.47
2022-11-26,8,PT1H,MC-BajoPutumayo,8636.83,8500.74
2022-11-26,9,PT1H,MC-BajoPutumayo,10188.81,9852.32
2022-11-26,10,PT1H,MC-BajoPutumayo,11424.91,10822.19
2022-11-26,11,PT1H,MC-BajoPutumayo,12390.97,11445.36
2022-11-26,12,PT1H,MC-BajoPutumayo,13017.89,11978.42
2022-11-26,13,PT1H,MC-BajoPutumayo,12990.0,11835.15
2022-11-26,14,PT1H,MC-BajoPutumayo,13007.67,11816.31
2022-11-26,15,PT1H,MC-BajoPutumayo,13356.9,12004.98
2022-11-26,16,PT1H,MC-BajoPutumayo,13314.97,11987.42
2022-11-26,17,PT1H,MC-BajoPutumayo,12962.3,11988.97
2022-11-26,18,PT1H,MC-BajoPutumayo,12844.1,12084.68
2022-11-26,19,PT1H,MC-BajoPutumayo,14331.93,13319.58
2022-11-26,20,PT1H,MC-BajoPutumayo,14403.31,13184.39
2022-11-26,21,PT1H,MC-BajoPutumayo,13589.95,12383.95
2022-11-26,22,PT1H,MC-BajoPutumayo,12694.61,11370.95
2022-11-26,23,PT1H,MC-BajoPutumayo,11413.81,10076.97
2022-11-26,24,PT1H,MC-BajoPutumayo,9710.92,9048.1
2025-02-01,1,PT1H,MC-BajoPutumayo,8505.72,9062.1
2025-02-01,2,PT1H,MC-BajoPutumayo,7992.49,8468.3
2025-02-01,3,PT1H,MC-BajoPutumayo,7634.65,8111.0
2025-02-01,4,PT1H,MC-BajoPutumayo,7473.68,7866.3
2025-02-01,5,PT1H,MC-BajoPutumayo,7432.95,7858.0
2025-02-01,6,PT1H,MC-BajoPutumayo,6725.83,8005.2
2025-02-01,7,PT1H,MC-BajoPutumayo,7938.64,8148.4
2025-02-01,8,PT1H,MC-BajoPutumayo,8789.38,9056.9
2025-02-01,9,PT1H,MC-BajoPutumayo,10355.52,10481.6
2025-02-01,10,PT1H,MC-BajoPutumayo,11216.99,11729.9
2025-02-01,11,PT1H,MC-BajoPutumayo,12096.42,12735.5
2025-02-01,12,PT1H,MC-BajoPutumayo,12742.12,13280.8
2025-02-01,13,PT1H,MC-BajoPutumayo,12756.73,13199.5
2025-02-01,14,PT1H,MC-BajoPutumayo,12772.96,13187.7
2025-02-01,15,PT1H,MC-BajoPutumayo,13218.15,13475.5
2025-02-01,16,PT1H,MC-BajoPutumayo,13466.42,13581.9
2025-02-01,17,PT1H,MC-BajoPutumayo,13410.96,13425.6
2025-02-01,18,PT1H,MC-BajoPutumayo,13273.44,13274.4
2025-02-01,19,PT1H,MC-BajoPutumayo,14157.87,14160.8
2025-02-01,20,PT1H,MC-BajoPutumayo,14900.29,14598.2
2025-02-01,21,PT1H,MC-BajoPutumayo,13920.66,13752.8
2025-02-01,22,PT1H,MC-BajoPutumayo,12806.23,12842.8
2025-02-01,23,PT1H,MC-BajoPutumayo,11204.06,11566.4
2025-02-01,24,PT1H,MC-BajoPutumayo,9962.13,10407.3
2022-05-29,1,PT1H,MC-BajoPutumayo,6207.07,7061.15
2022-05-29,2,PT1H,MC-BajoPutumayo,5850.8,6586.43
2022-05-29,3,PT1H,MC-BajoPutumayo,5629.96,6308.13
2022-05-29,4,PT1H,MC-BajoPutumayo,5603.65,6141.74
2022-05-29,5,PT1H,MC-BajoPutumayo,5553.14,6033.73
2022-05-29,6,PT1H,MC-BajoPutumayo,5738.53,6304.04
2022-05-29,7,PT1H,MC-BajoPutumayo,6473.88,6583.16
2022-05-29,8,PT1H,MC-BajoPutumayo,7177.34,7328.72
2022-05-29,9,PT1H,MC-BajoPutumayo,8101.24,8233.73
2022-05-29,10,PT1H,MC-BajoPutumayo,8805.31,8954.32
2022-05-29,11,PT1H,MC-BajoPutumayo,9325.55,9522.38
2022-05-29,12,PT1H,MC-BajoPutumayo,9656.09,9949.01
2022-05-29,13,PT1H,MC-BajoPutumayo,9847.15,9904.06
2022-05-29,14,PT1H,MC-BajoPutumayo,10090.05,9834.99
2022-05-29,15,PT1H,MC-BajoPutumayo,9968.73,9673.02
2022-05-29,16,PT1H,MC-BajoPutumayo,10154.58,9600.48
2022-05-29,17,PT1H,MC-BajoPutumayo,10050.5,9500.04
2022-05-29,18,PT1H,MC-BajoPutumayo,10054.21,9893.61
2022-05-29,19,PT1H,MC-BajoPutumayo,11473.12,11029.21
2022-05-29,20,PT1H,MC-BajoPutumayo,11992.47,11414.76
2022-05-29,21,PT1H,MC-BajoPutumayo,11055.55,10963.28
2022-05-29,22,PT1H,MC-BajoPutumayo,10146.13,10052.92
2022-05-29,23,PT1H,MC-BajoPutumayo,8565.57,8921.8
2022-05-29,24,PT1H,MC-BajoPutumayo,7770.27,7626.79
2026-02-12,1,PT1H,MC-BajoPutumayo,9531.35,8747.2
2026-02-12,2,PT1H,MC-BajoPutumayo,9088.63,8388.7
2026-02-12,3,PT1H,MC-BajoPutumayo,8921.06,8216.6
2026-02-12,4,PT1H,MC-BajoPutumayo,8803.6,7723.9
2026-02-12,5,PT1H,MC-BajoPutumayo,8829.25,8064.3
2026-02-12,6,PT1H,MC-BajoPutumayo,9684.58,8818.5
2026-02-12,7,PT1H,MC-BajoPutumayo,10282.16,9409.4
2026-02-12,8,PT1H,MC-BajoPutumayo,11336.18,10493.9
2026-02-12,9,PT1H,MC-BajoPutumayo,12584.47,11613.4
2026-02-12,10,PT1H,MC-BajoPutumayo,13191.06,12221.0
2026-02-12,11,PT1H,MC-BajoPutumayo,13874.68,12907.7
2026-02-12,12,PT1H,MC-BajoPutumayo,13895.21,13275.0
2026-02-12,13,PT1H,MC-BajoPutumayo,13437.9,13155.4
2026-02-12,14,PT1H,MC-BajoPutumayo,12567.94,13439.1
2026-02-12,15,PT1H,MC-BajoPutumayo,13170.18,14218.5
2026-02-12,16,PT1H,MC-BajoPutumayo,13901.07,14309.4
2026-02-12,17,PT1H,MC-BajoPutumayo,13851.7,14174.0
2026-02-12,18,PT1H,MC-BajoPutumayo,13662.51,14209.3
2026-02-12,19,PT1H,MC-BajoPutumayo,15616.93,15849.6
2026-02-12,20,PT1H,MC-BajoPutumayo,15027.01,15610.3
2026-02-12,21,PT1H,MC-BajoPutumayo,14282.72,14809.3
2026-02-12,22,PT1H,MC-BajoPutumayo,11775.26,12673.1
2026-02-12,23,PT1H,MC-BajoPutumayo,10437.32,11012.7
2026-02-12,24,PT1H,MC-BajoPutumayo,9333.88,9626.1
2024-08-27,1,PT1H,MC-BajoPutumayo,6891.06,7482.4
2024-08-27,2,PT1H,MC-BajoPutumayo,6584.07,7069.2
2024-08-27,3,PT1H,MC-BajoPutumayo,6452.71,6835.3
2024-08-27,4,PT1H,MC-BajoPutumayo,6371.87,6656.0
2024-08-27,5,PT1H,MC-BajoPutumayo,6591.11,6649.3
2024-08-27,6,PT1H,MC-BajoPutumayo,7377.46,7495.3
2024-08-27,7,PT1H,MC-BajoPutumayo,7951.81,8298.4
2024-08-27,8,PT1H,MC-BajoPutumayo,9059.64,9171.1
2024-08-27,9,PT1H,MC-BajoPutumayo,10038.18,9696.6
2024-08-27,10,PT1H,MC-BajoPutumayo,10845.64,10442.9
2024-08-27,11,PT1H,MC-BajoPutumayo,11421.19,10674.0
2024-08-27,12,PT1H,MC-BajoPutumayo,11939.46,11010.3
2024-08-27,13,PT1H,MC-BajoPutumayo,11881.28,10737.7
2024-08-27,14,PT1H,MC-BajoPutumayo,12483.27,11130.7
2024-08-27,15,PT1H,MC-BajoPutumayo,13343.39,12008.3
2024-08-27,16,PT1H,MC-BajoPutumayo,13355.26,12074.6
2024-08-27,17,PT1H,MC-BajoPutumayo,13192.07,12105.7
2024-08-27,18,PT1H,MC-BajoPutumayo,12836.79,11901.6
2024-08-27,19,PT1H,MC-BajoPutumayo,14152.51,13126.7
2024-08-27,20,PT1H,MC-BajoPutumayo,14018.62,13271.1
2024-08-27,21,PT1H,MC-BajoPutumayo,13084.25,12390.1
2024-08-27,22,PT1H,MC-BajoPutumayo,11625.25,10969.2
2024-08-27,23,PT1H,MC-BajoPutumayo,9820.01,9274.8
2024-08-27,24,PT1H,MC-BajoPutumayo,8500.58,7950.0
2022-11-19,1,PT1H,MC-BajoPutumayo,8051.98,8702.18
2022-11-19,2,PT1H,MC-BajoPutumayo,7533.67,7994.59
2022-11-19,3,PT1H,MC-BajoPutumayo,7188.76,7561.42
2022-11-19,4,PT1H,MC-BajoPutumayo,6996.53,7281.61
2022-11-19,5,PT1H,MC-BajoPutumayo,6902.23,7467.04
2022-11-19,6,PT1H,MC-BajoPutumayo,6919.94,7686.32
2022-11-19,7,PT1H,MC-BajoPutumayo,7153.76,7863.54
2022-11-19,8,PT1H,MC-BajoPutumayo,8228.31,8982.25
2022-11-19,9,PT1H,MC-BajoPutumayo,9323.03,10346.91
2022-11-19,10,PT1H,MC-BajoPutumayo,10241.18,11302.76
2022-11-19,11,PT1H,MC-BajoPutumayo,10895.11,11820.82
2022-11-19,12,PT1H,MC-BajoPutumayo,11709.97,12252.46
2022-11-19,13,PT1H,MC-BajoPutumayo,11824.15,11989.32
2022-11-19,14,PT1H,MC-BajoPutumayo,11938.17,11829.8
2022-11-19,15,PT1H,MC-BajoPutumayo,12219.82,12304.01
2022-11-19,16,PT1H,MC-BajoPutumayo,12365.28,12534.06
2022-11-19,17,PT1H,MC-BajoPutumayo,12241.79,12394.54
2022-11-19,18,PT1H,MC-BajoPutumayo,12445.16,12413.52
2022-11-19,19,PT1H,MC-BajoPutumayo,13779.0,13712.78
2022-11-19,20,PT1H,MC-BajoPutumayo,13777.87,14083.89
2022-11-19,21,PT1H,MC-BajoPutumayo,12990.66,13287.3
2022-11-19,22,PT1H,MC-BajoPutumayo,11918.7,12180.65
2022-11-19,23,PT1H,MC-BajoPutumayo,10444.37,10843.43
2022-11-19,24,PT1H,MC-BajoPutumayo,9129.19,9627.77
2023-09-05,1,PT1H,MC-BajoPutumayo,7473.93,7971.58
2023-09-05,2,PT1H,MC-BajoPutumayo,6125.22,7515.27
2023-09-05,3,PT1H,MC-BajoPutumayo,6891.42,7424.7
2023-09-05,4,PT1H,MC-BajoPutumayo,6515.05,7227.29
2023-09-05,5,PT1H,MC-BajoPutumayo,6459.55,7324.39
2023-09-05,6,PT1H,MC-BajoPutumayo,6907.48,8081.26
2023-09-05,7,PT1H,MC-BajoPutumayo,7650.12,8861.97
2023-09-05,8,PT1H,MC-BajoPutumayo,8717.78,9926.17
2023-09-05,9,PT1H,MC-BajoPutumayo,10065.3,10957.92
2023-09-05,10,PT1H,MC-BajoPutumayo,10873.68,11682.79
2023-09-05,11,PT1H,MC-BajoPutumayo,11781.72,12378.98
2023-09-05,12,PT1H,MC-BajoPutumayo,12700.73,13123.13
2023-09-05,13,PT1H,MC-BajoPutumayo,12385.88,13102.42
2023-09-05,14,PT1H,MC-BajoPutumayo,12588.34,12843.79
2023-09-05,15,PT1H,MC-BajoPutumayo,13241.51,13427.58
2023-09-05,16,PT1H,MC-BajoPutumayo,13776.0,13670.28
2023-09-05,17,PT1H,MC-BajoPutumayo,13972.78,13533.73
2023-09-05,18,PT1H,MC-BajoPutumayo,13422.22,13475.92
2023-09-05,19,PT1H,MC-BajoPutumayo,14308.9,14532.81
2023-09-05,20,PT1H,MC-BajoPutumayo,14604.94,15509.02
2023-09-05,21,PT1H,MC-BajoPutumayo,13752.39,14200.35
2023-09-05,22,PT1H,MC-BajoPutumayo,12517.91,12866.51
2023-09-05,23,PT1H,MC-BajoPutumayo,10751.75,10676.85
2023-09-05,24,PT1H,MC-BajoPutumayo,9078.52,9233.0
2025-09-15,1,PT1H,MC-BajoPutumayo,10525.69,8046.8
2025-09-15,2,PT1H,MC-BajoPutumayo,9520.58,7626.8
2025-09-15,3,PT1H,MC-BajoPutumayo,9069.23,7242.8
2025-09-15,4,PT1H,MC-BajoPutumayo,8694.86,7067.7
2025-09-15,5,PT1H,MC-BajoPutumayo,8919.01,7141.8
2025-09-15,6,PT1H,MC-BajoPutumayo,9327.43,7805.1
2025-09-15,7,PT1H,MC-BajoPutumayo,10114.5,8674.8
2025-09-15,8,PT1H,MC-BajoPutumayo,10531.93,9412.7
2025-09-15,9,PT1H,MC-BajoPutumayo,11459.68,10571.6
2025-09-15,10,PT1H,MC-BajoPutumayo,11992.15,11263.6
2025-09-15,11,PT1H,MC-BajoPutumayo,12864.61,11851.0
2025-09-15,12,PT1H,MC-BajoPutumayo,13305.54,12423.6
2025-09-15,13,PT1H,MC-BajoPutumayo,13754.56,12232.0
2025-09-15,14,PT1H,MC-BajoPutumayo,13555.91,12380.9
2025-09-15,15,PT1H,MC-BajoPutumayo,14598.54,13337.6
2025-09-15,16,PT1H,MC-BajoPutumayo,14279.12,13857.4
2025-09-15,17,PT1H,MC-BajoPutumayo,14327.06,13845.7
2025-09-15,18,PT1H,MC-BajoPutumayo,14240.68,13563.4
2025-09-15,19,PT1H,MC-BajoPutumayo,15728.57,14802.5
2025-09-15,20,PT1H,MC-BajoPutumayo,15802.42,15159.1
2025-09-15,21,PT1H,MC-BajoPutumayo,14922.55,14235.2
2025-09-15,22,PT1H,MC-BajoPutumayo,13362.57,12744.4
2025-09-15,23,PT1H,MC-BajoPutumayo,11284.68,10797.7
2025-09-15,24,PT1H,MC-BajoPutumayo,9624.25,9237.3
2023-09-18,1,PT1H,MC-BajoPutumayo,7481.72,8507.77
2023-09-18,2,PT1H,MC-BajoPutumayo,7099.11,7943.21
2023-09-18,3,PT1H,MC-BajoPutumayo,6877.16,7626.38
2023-09-18,4,PT1H,MC-BajoPutumayo,6726.4,7421.79
2023-09-18,5,PT1H,MC-BajoPutumayo,6776.63,7481.71
2023-09-18,6,PT1H,MC-BajoPutumayo,7305.45,7559.12
2023-09-18,7,PT1H,MC-BajoPutumayo,8017.55,8012.3
2023-09-18,8,PT1H,MC-BajoPutumayo,8929.87,9561.28
2023-09-18,9,PT1H,MC-BajoPutumayo,10330.36,10539.78
2023-09-18,10,PT1H,MC-BajoPutumayo,11207.27,11348.97
2023-09-18,11,PT1H,MC-BajoPutumayo,11976.67,12139.05
2023-09-18,12,PT1H,MC-BajoPutumayo,12801.91,12395.59
2023-09-18,13,PT1H,MC-BajoPutumayo,12589.42,12402.17
2023-09-18,14,PT1H,MC-BajoPutumayo,12889.39,12586.63
2023-09-18,15,PT1H,MC-BajoPutumayo,13910.25,13185.49
2023-09-18,16,PT1H,MC-BajoPutumayo,13189.28,13180.61
2023-09-18,17,PT1H,MC-BajoPutumayo,13856.06,12963.59
2023-09-18,18,PT1H,MC-BajoPutumayo,13455.7,12711.95
2023-09-18,19,PT1H,MC-BajoPutumayo,14462.41,13586.06
2023-09-18,20,PT1H,MC-BajoPutumayo,14670.58,14119.65
2023-09-18,21,PT1H,MC-BajoPutumayo,11120.94,13273.08
2023-09-18,22,PT1H,MC-BajoPutumayo,12711.22,11782.22
2023-09-18,23,PT1H,MC-BajoPutumayo,10800.7,10144.61
2023-09-18,24,PT1H,MC-BajoPutumayo,9389.81,8758.44
2023-02-03,1,PT1H,MC-BajoPutumayo,8433.08,7412.11
2023-02-03,2,PT1H,MC-BajoPutumayo,7889.7,7692.96
2023-02-03,3,PT1H,MC-BajoPutumayo,7576.27,8134.78
2023-02-03,4,PT1H,MC-BajoPutumayo,7352.34,9392.47
2023-02-03,5,PT1H,MC-BajoPutumayo,7310.35,10567.83
2023-02-03,6,PT1H,MC-BajoPutumayo,7845.02,11506.07
2023-02-03,7,PT1H,MC-BajoPutumayo,8333.5,12507.3
2023-02-03,8,PT1H,MC-BajoPutumayo,9017.49,13092.99
2023-02-03,9,PT1H,MC-BajoPutumayo,10209.9,13025.66
2023-02-03,10,PT1H,MC-BajoPutumayo,10871.25,13000.46
2023-02-03,11,PT1H,MC-BajoPutumayo,11809.72,13314.51
2023-02-03,12,PT1H,MC-BajoPutumayo,12743.55,13360.84
2023-02-03,13,PT1H,MC-BajoPutumayo,12622.18,13258.73
2023-02-03,14,PT1H,MC-BajoPutumayo,12886.08,13140.19
2023-02-03,15,PT1H,MC-BajoPutumayo,13793.35,14134.06
2023-02-03,16,PT1H,MC-BajoPutumayo,14063.04,14918.57
2023-02-03,17,PT1H,MC-BajoPutumayo,14092.93,14055.72
2023-02-03,18,PT1H,MC-BajoPutumayo,13713.54,12937.96
2023-02-03,19,PT1H,MC-BajoPutumayo,14170.29,11205.52
2023-02-03,20,PT1H,MC-BajoPutumayo,14923.39,9738.59
2023-02-03,21,PT1H,MC-BajoPutumayo,14151.58,11613.57
2023-02-03,22,PT1H,MC-BajoPutumayo,13006.93,10690.03
2023-02-03,23,PT1H,MC-BajoPutumayo,11399.31,9258.59
2023-02-03,24,PT1H,MC-BajoPutumayo,9964.17,8046.53
2024-07-28,1,PT1H,MC-BajoPutumayo,8992.47,7782.1
2024-07-28,2,PT1H,MC-BajoPutumayo,8384.92,7207.4
2024-07-28,3,PT1H,MC-BajoPutumayo,7989.27,6865.7
2024-07-28,4,PT1H,MC-BajoPutumayo,7732.01,6680.8
2024-07-28,5,PT1H,MC-BajoPutumayo,7582.86,6536.8
2024-07-28,6,PT1H,MC-BajoPutumayo,7675.1,6593.6
2024-07-28,7,PT1H,MC-BajoPutumayo,7999.6,6850.2
2024-07-28,8,PT1H,MC-BajoPutumayo,9009.46,7745.3
2024-07-28,9,PT1H,MC-BajoPutumayo,9932.26,8660.8
2024-07-28,10,PT1H,MC-BajoPutumayo,10501.6,9238.2
2024-07-28,11,PT1H,MC-BajoPutumayo,11227.89,9550.0
2024-07-28,12,PT1H,MC-BajoPutumayo,11491.0,9900.5
2024-07-28,13,PT1H,MC-BajoPutumayo,11776.07,10016.7
2024-07-28,14,PT1H,MC-BajoPutumayo,11988.16,9978.6
2024-07-28,15,PT1H,MC-BajoPutumayo,11804.16,9998.2
2024-07-28,16,PT1H,MC-BajoPutumayo,11143.56,9916.8
2024-07-28,17,PT1H,MC-BajoPutumayo,10943.06,9976.5
2024-07-28,18,PT1H,MC-BajoPutumayo,11141.69,10087.5
2024-07-28,19,PT1H,MC-BajoPutumayo,12632.17,11312.0
2024-07-28,20,PT1H,MC-BajoPutumayo,13063.74,11496.7
2024-07-28,21,PT1H,MC-BajoPutumayo,12404.22,10899.9
2024-07-28,22,PT1H,MC-BajoPutumayo,11210.57,10167.6
2024-07-28,23,PT1H,MC-BajoPutumayo,9722.7,9158.0
2024-07-28,24,PT1H,MC-BajoPutumayo,8591.65,8140.7
2024-05-30,1,PT1H,MC-BajoPutumayo,6653.15,8250.55
2024-05-30,2,PT1H,MC-BajoPutumayo,6346.09,7704.91
2024-05-30,3,PT1H,MC-BajoPutumayo,6156.71,7482.58
2024-05-30,4,PT1H,MC-BajoPutumayo,6097.62,7267.04
2024-05-30,5,PT1H,MC-BajoPutumayo,6198.0,7195.72
2024-05-30,6,PT1H,MC-BajoPutumayo,6953.07,7580.13
2024-05-30,7,PT1H,MC-BajoPutumayo,7593.89,7990.11
2024-05-30,8,PT1H,MC-BajoPutumayo,8151.54,8839.31
2024-05-30,9,PT1H,MC-BajoPutumayo,8904.36,9828.26
2024-05-30,10,PT1H,MC-BajoPutumayo,9215.45,10554.58
2024-05-30,11,PT1H,MC-BajoPutumayo,9540.97,11160.59
2024-05-30,12,PT1H,MC-BajoPutumayo,9818.26,11678.48
2024-05-30,13,PT1H,MC-BajoPutumayo,9844.36,11746.8
2024-05-30,14,PT1H,MC-BajoPutumayo,9927.54,11374.94
2024-05-30,15,PT1H,MC-BajoPutumayo,10352.07,10795.7
2024-05-30,16,PT1H,MC-BajoPutumayo,10534.71,10114.45
2024-05-30,17,PT1H,MC-BajoPutumayo,10591.13,10470.97
2024-05-30,18,PT1H,MC-BajoPutumayo,11055.08,10923.67
2024-05-30,19,PT1H,MC-BajoPutumayo,12352.7,12904.2
2024-05-30,20,PT1H,MC-BajoPutumayo,12410.0,13657.73
2024-05-30,21,PT1H,MC-BajoPutumayo,11617.88,13285.21
2024-05-30,22,PT1H,MC-BajoPutumayo,10643.67,11987.62
2024-05-30,23,PT1H,MC-BajoPutumayo,8841.97,10141.54
2024-05-30,24,PT1H,MC-BajoPutumayo,7660.57,8588.34
2024-03-06,1,PT1H,MC-BajoPutumayo,7923.3,8365.7
2024-03-06,2,PT1H,MC-BajoPutumayo,7567.9,7844.75
2024-03-06,3,PT1H,MC-BajoPutumayo,7340.23,7528.45
2024-03-06,4,PT1H,MC-BajoPutumayo,7232.64,7290.68
2024-03-06,5,PT1H,MC-BajoPutumayo,7313.4,7227.02
2024-03-06,6,PT1H,MC-BajoPutumayo,7866.26,7504.63
2024-03-06,7,PT1H,MC-BajoPutumayo,8487.24,7795.28
2024-03-06,8,PT1H,MC-BajoPutumayo,9245.29,8720.07
2024-03-06,9,PT1H,MC-BajoPutumayo,10539.1,10027.95
2024-03-06,10,PT1H,MC-BajoPutumayo,11147.04,10884.28
2024-03-06,11,PT1H,MC-BajoPutumayo,11591.65,11669.14
2024-03-06,12,PT1H,MC-BajoPutumayo,12077.0,12370.02
2024-03-06,13,PT1H,MC-BajoPutumayo,11728.26,12129.34
2024-03-06,14,PT1H,MC-BajoPutumayo,11615.34,12142.37
2024-03-06,15,PT1H,MC-BajoPutumayo,11518.62,12558.04
2024-03-06,16,PT1H,MC-BajoPutumayo,11834.89,12541.08
2024-03-06,17,PT1H,MC-BajoPutumayo,11744.47,12607.76
2024-03-06,18,PT1H,MC-BajoPutumayo,11503.34,12373.81
2024-03-06,19,PT1H,MC-BajoPutumayo,12294.3,12925.31
2024-03-06,20,PT1H,MC-BajoPutumayo,13006.4,13530.41
2024-03-06,21,PT1H,MC-BajoPutumayo,12246.13,12869.08
2024-03-06,22,PT1H,MC-BajoPutumayo,11069.42,11880.1
2024-03-06,23,PT1H,MC-BajoPutumayo,9457.98,10389.0
2024-03-06,24,PT1H,MC-BajoPutumayo,8193.11,9084.54
2022-09-19,1,PT1H,MC-BajoPutumayo,8139.01,7604.47
2022-09-19,2,PT1H,MC-BajoPutumayo,7583.66,7137.26
2022-09-19,3,PT1H,MC-BajoPutumayo,7283.7,6704.92
2022-09-19,4,PT1H,MC-BajoPutumayo,7072.98,6777.49
2022-09-19,5,PT1H,MC-BajoPutumayo,6798.11,6806.67
2022-09-19,6,PT1H,MC-BajoPutumayo,7423.64,7619.44
2022-09-19,7,PT1H,MC-BajoPutumayo,8156.98,8703.92
2022-09-19,8,PT1H,MC-BajoPutumayo,9090.91,9766.95
2022-09-19,9,PT1H,MC-BajoPutumayo,10448.97,10771.62
2022-09-19,10,PT1H,MC-BajoPutumayo,11722.5,11578.45
2022-09-19,11,PT1H,MC-BajoPutumayo,12650.9,12210.69
2022-09-19,12,PT1H,MC-BajoPutumayo,13398.15,13011.32
2022-09-19,13,PT1H,MC-BajoPutumayo,13013.53,12775.01
2022-09-19,14,PT1H,MC-BajoPutumayo,13310.33,12276.55
2022-09-19,15,PT1H,MC-BajoPutumayo,14349.79,12260.79
2022-09-19,16,PT1H,MC-BajoPutumayo,14650.06,12485.75
2022-09-19,17,PT1H,MC-BajoPutumayo,14556.25,12120.04
2022-09-19,18,PT1H,MC-BajoPutumayo,14928.74,12323.55
2022-09-19,19,PT1H,MC-BajoPutumayo,15768.73,14192.38
2022-09-19,20,PT1H,MC-BajoPutumayo,16170.49,15090.13
2022-09-19,21,PT1H,MC-BajoPutumayo,15170.34,14283.04
2022-09-19,22,PT1H,MC-BajoPutumayo,13003.14,12583.89
2022-09-19,23,PT1H,MC-BajoPutumayo,11397.9,10489.84
2022-09-19,24,PT1H,MC-BajoPutumayo,9664.81,8691.26
2025-06-08,1,PT1H,MC-BajoPutumayo,8711.26,7928.0
2025-06-08,2,PT1H,MC-BajoPutumayo,8102.35,7434.7
2025-06-08,3,PT1H,MC-BajoPutumayo,7733.48,7144.7
2025-06-08,4,PT1H,MC-BajoPutumayo,7518.27,6934.8
2025-06-08,5,PT1H,MC-BajoPutumayo,7242.41,6908.7
2025-06-08,6,PT1H,MC-BajoPutumayo,7339.71,6976.3
2025-06-08,7,PT1H,MC-BajoPutumayo,7544.91,7112.6
2025-06-08,8,PT1H,MC-BajoPutumayo,8389.71,8013.6
2025-06-08,9,PT1H,MC-BajoPutumayo,9561.65,9067.1
2025-06-08,10,PT1H,MC-BajoPutumayo,10779.14,9780.7
2025-06-08,11,PT1H,MC-BajoPutumayo,11517.41,10328.1
2025-06-08,12,PT1H,MC-BajoPutumayo,12170.38,10784.1
2025-06-08,13,PT1H,MC-BajoPutumayo,12486.27,10998.5
2025-06-08,14,PT1H,MC-BajoPutumayo,12333.39,10800.7
2025-06-08,15,PT1H,MC-BajoPutumayo,12095.56,10825.3
2025-06-08,16,PT1H,MC-BajoPutumayo,11949.97,10837.1
2025-06-08,17,PT1H,MC-BajoPutumayo,12032.35,10786.5
2025-06-08,18,PT1H,MC-BajoPutumayo,12034.21,10891.8
2025-06-08,19,PT1H,MC-BajoPutumayo,12936.61,12213.9
2025-06-08,20,PT1H,MC-BajoPutumayo,13323.5,12651.3
2025-06-08,21,PT1H,MC-BajoPutumayo,12890.02,12105.4
2025-06-08,22,PT1H,MC-BajoPutumayo,11812.55,11192.5
2025-06-08,23,PT1H,MC-BajoPutumayo,10164.26,9884.4
2025-06-08,24,PT1H,MC-BajoPutumayo,8881.05,8741.5
2026-02-10,1,PT1H,MC-BajoPutumayo,8243.59,9014.7
2026-02-10,2,PT1H,MC-BajoPutumayo,7908.0,9014.5
2026-02-10,3,PT1H,MC-BajoPutumayo,7694.46,8518.5
2026-02-10,4,PT1H,MC-BajoPutumayo,7613.7,8100.5
2026-02-10,5,PT1H,MC-BajoPutumayo,7834.04,8121.1
2026-02-10,6,PT1H,MC-BajoPutumayo,8653.37,8806.3
2026-02-10,7,PT1H,MC-BajoPutumayo,8868.6,9514.4
2026-02-10,8,PT1H,MC-BajoPutumayo,10037.64,10265.8
2026-02-10,9,PT1H,MC-BajoPutumayo,11111.59,11598.1
2026-02-10,10,PT1H,MC-BajoPutumayo,12261.81,12529.4
2026-02-10,11,PT1H,MC-BajoPutumayo,13087.74,13279.5
2026-02-10,12,PT1H,MC-BajoPutumayo,14266.44,13346.6
2026-02-10,13,PT1H,MC-BajoPutumayo,13717.46,13172.3
2026-02-10,14,PT1H,MC-BajoPutumayo,14644.31,13269.6
2026-02-10,15,PT1H,MC-BajoPutumayo,15499.2,13826.3
2026-02-10,16,PT1H,MC-BajoPutumayo,15688.09,13559.0
2026-02-10,17,PT1H,MC-BajoPutumayo,15320.15,13780.6
2026-02-10,18,PT1H,MC-BajoPutumayo,14980.2,13704.7
2026-02-10,19,PT1H,MC-BajoPutumayo,16888.36,15608.8
2026-02-10,20,PT1H,MC-BajoPutumayo,16812.5,15290.9
2026-02-10,21,PT1H,MC-BajoPutumayo,15890.34,14302.9
2026-02-10,22,PT1H,MC-BajoPutumayo,14171.79,12789.5
2026-02-10,23,PT1H,MC-BajoPutumayo,12352.1,10961.9
2026-02-10,24,PT1H,MC-BajoPutumayo,10925.52,9769.8
2023-10-27,1,PT1H,MC-BajoPutumayo,7511.54,8074.91
2023-10-27,2,PT1H,MC-BajoPutumayo,7111.44,7642.29
2023-10-27,3,PT1H,MC-BajoPutumayo,6933.83,7337.4
2023-10-27,4,PT1H,MC-BajoPutumayo,6854.21,7131.89
2023-10-27,5,PT1H,MC-BajoPutumayo,6899.21,7099.73
2023-10-27,6,PT1H,MC-BajoPutumayo,7449.34,7404.36
2023-10-27,7,PT1H,MC-BajoPutumayo,8224.0,7834.1
2023-10-27,8,PT1H,MC-BajoPutumayo,9257.93,8806.61
2023-10-27,9,PT1H,MC-BajoPutumayo,10574.5,10289.14
2023-10-27,10,PT1H,MC-BajoPutumayo,11915.46,11375.59
2023-10-27,11,PT1H,MC-BajoPutumayo,12890.05,12247.87
2023-10-27,12,PT1H,MC-BajoPutumayo,13453.23,12943.87
2023-10-27,13,PT1H,MC-BajoPutumayo,13178.25,12501.38
2023-10-27,14,PT1H,MC-BajoPutumayo,13482.96,12175.99
2023-10-27,15,PT1H,MC-BajoPutumayo,14193.45,12330.46
2023-10-27,16,PT1H,MC-BajoPutumayo,14142.96,12031.38
2023-10-27,17,PT1H,MC-BajoPutumayo,13971.12,12046.39
2023-10-27,18,PT1H,MC-BajoPutumayo,13478.72,12260.89
2023-10-27,19,PT1H,MC-BajoPutumayo,14797.86,13379.89
2023-10-27,20,PT1H,MC-BajoPutumayo,14510.3,13221.79
2023-10-27,21,PT1H,MC-BajoPutumayo,13621.98,12223.56
2023-10-27,22,PT1H,MC-BajoPutumayo,12479.43,11209.7
2023-10-27,23,PT1H,MC-BajoPutumayo,11027.6,9888.61
2023-10-27,24,PT1H,MC-BajoPutumayo,9809.53,8810.14
2025-09-11,1,PT1H,MC-BajoPutumayo,7638.86,8203.5
2025-09-11,2,PT1H,MC-BajoPutumayo,7273.37,7873.1
2025-09-11,3,PT1H,MC-BajoPutumayo,7044.0,7368.1
2025-09-11,4,PT1H,MC-BajoPutumayo,6878.94,7268.3
2025-09-11,5,PT1H,MC-BajoPutumayo,6989.96,7343.8
2025-09-11,6,PT1H,MC-BajoPutumayo,7684.58,8078.9
2025-09-11,7,PT1H,MC-BajoPutumayo,8450.81,8922.6
2025-09-11,8,PT1H,MC-BajoPutumayo,9143.31,9668.1
2025-09-11,9,PT1H,MC-BajoPutumayo,10128.53,10832.2
2025-09-11,10,PT1H,MC-BajoPutumayo,9660.82,11497.9
2025-09-11,11,PT1H,MC-BajoPutumayo,12211.13,12390.7
2025-09-11,12,PT1H,MC-BajoPutumayo,12275.75,12944.1
2025-09-11,13,PT1H,MC-BajoPutumayo,11806.96,12482.8
2025-09-11,14,PT1H,MC-BajoPutumayo,11995.42,12476.4
2025-09-11,15,PT1H,MC-BajoPutumayo,13640.28,12848.0
2025-09-11,16,PT1H,MC-BajoPutumayo,13982.18,13011.9
2025-09-11,17,PT1H,MC-BajoPutumayo,13539.36,12890.1
2025-09-11,18,PT1H,MC-BajoPutumayo,13194.41,12957.1
2025-09-11,19,PT1H,MC-BajoPutumayo,14537.74,14781.3
2025-09-11,20,PT1H,MC-BajoPutumayo,14648.34,15468.6
2025-09-11,21,PT1H,MC-BajoPutumayo,13615.42,14312.3
2025-09-11,22,PT1H,MC-BajoPutumayo,12179.56,12912.3
2025-09-11,23,PT1H,MC-BajoPutumayo,10308.82,10959.5
2025-09-11,24,PT1H,MC-BajoPutumayo,8690.18,9425.8
2022-10-25,1,PT1H,MC-BajoPutumayo,7865.02,7958.9
2022-10-25,2,PT1H,MC-BajoPutumayo,7370.24,7402.41
2022-10-25,3,PT1H,MC-BajoPutumayo,7231.35,7140.84
2022-10-25,4,PT1H,MC-BajoPutumayo,7039.06,6966.24
2022-10-25,5,PT1H,MC-BajoPutumayo,7103.42,7069.13
2022-10-25,6,PT1H,MC-BajoPutumayo,7509.71,7501.95
2022-10-25,7,PT1H,MC-BajoPutumayo,8325.7,8060.96
2022-10-25,8,PT1H,MC-BajoPutumayo,9340.36,8989.16
2022-10-25,9,PT1H,MC-BajoPutumayo,10715.04,9703.62
2022-10-25,10,PT1H,MC-BajoPutumayo,11714.82,10696.84
2022-10-25,11,PT1H,MC-BajoPutumayo,12589.23,12243.1
2022-10-25,12,PT1H,MC-BajoPutumayo,13063.55,12566.67
2022-10-25,13,PT1H,MC-BajoPutumayo,12537.29,12066.43
2022-10-25,14,PT1H,MC-BajoPutumayo,12911.58,12618.23
2022-10-25,15,PT1H,MC-BajoPutumayo,14016.87,13568.4
2022-10-25,16,PT1H,MC-BajoPutumayo,14065.61,13590.22
2022-10-25,17,PT1H,MC-BajoPutumayo,13226.26,13227.79
2022-10-25,18,PT1H,MC-BajoPutumayo,12518.59,13076.41
2022-10-25,19,PT1H,MC-BajoPutumayo,15116.39,14669.46
2022-10-25,20,PT1H,MC-BajoPutumayo,14886.02,14705.6
2022-10-25,21,PT1H,MC-BajoPutumayo,13932.87,13634.65
2022-10-25,22,PT1H,MC-BajoPutumayo,12772.3,12483.88
2022-10-25,23,PT1H,MC-BajoPutumayo,11109.88,11011.35
2022-10-25,24,PT1H,MC-BajoPutumayo,9435.76,9503.78
2023-06-03,1,PT1H,MC-BajoPutumayo,7135.66,8145.35
2023-06-03,2,PT1H,MC-BajoPutumayo,6720.15,7648.09
2023-06-03,3,PT1H,MC-BajoPutumayo,6434.09,7258.66
2023-06-03,4,PT1H,MC-BajoPutumayo,6272.2,7081.73
2023-06-03,5,PT1H,MC-BajoPutumayo,6294.45,7025.88
2023-06-03,6,PT1H,MC-BajoPutumayo,6379.61,7235.4
2023-06-03,7,PT1H,MC-BajoPutumayo,6876.72,7583.8
2023-06-03,8,PT1H,MC-BajoPutumayo,8033.63,8591.76
2023-06-03,9,PT1H,MC-BajoPutumayo,9562.69,9627.86
2023-06-03,10,PT1H,MC-BajoPutumayo,11174.26,10372.86
2023-06-03,11,PT1H,MC-BajoPutumayo,11773.18,10809.75
2023-06-03,12,PT1H,MC-BajoPutumayo,12392.63,11178.24
2023-06-03,13,PT1H,MC-BajoPutumayo,12376.78,11069.05
2023-06-03,14,PT1H,MC-BajoPutumayo,12339.47,10766.97
2023-06-03,15,PT1H,MC-BajoPutumayo,12637.83,10650.98
2023-06-03,16,PT1H,MC-BajoPutumayo,12702.28,10684.17
2023-06-03,17,PT1H,MC-BajoPutumayo,12664.98,10790.16
2023-06-03,18,PT1H,MC-BajoPutumayo,12495.29,11103.61
2023-06-03,19,PT1H,MC-BajoPutumayo,13585.0,12495.24
2023-06-03,20,PT1H,MC-BajoPutumayo,13672.54,12650.35
2023-06-03,21,PT1H,MC-BajoPutumayo,12737.98,11954.4
2023-06-03,22,PT1H,MC-BajoPutumayo,11657.63,11042.93
2023-06-03,23,PT1H,MC-BajoPutumayo,10272.29,9789.91
2023-06-03,24,PT1H,MC-BajoPutumayo,9041.86,8668.46
2024-07-29,1,PT1H,MC-BajoPutumayo,7763.19,7131.3
2024-07-29,2,PT1H,MC-BajoPutumayo,7303.28,6732.0
2024-07-29,3,PT1H,MC-BajoPutumayo,7071.86,6614.4
2024-07-29,4,PT1H,MC-BajoPutumayo,6953.98,6330.4
2024-07-29,5,PT1H,MC-BajoPutumayo,7085.63,6613.9
2024-07-29,6,PT1H,MC-BajoPutumayo,7886.39,7544.9
2024-07-29,7,PT1H,MC-BajoPutumayo,8552.62,8667.0
2024-07-29,8,PT1H,MC-BajoPutumayo,9277.65,9214.5
2024-07-29,9,PT1H,MC-BajoPutumayo,10446.19,9884.3
2024-07-29,10,PT1H,MC-BajoPutumayo,11161.99,10620.7
2024-07-29,11,PT1H,MC-BajoPutumayo,11848.15,11307.2
2024-07-29,12,PT1H,MC-BajoPutumayo,12532.24,11694.8
2024-07-29,13,PT1H,MC-BajoPutumayo,12379.33,11116.4
2024-07-29,14,PT1H,MC-BajoPutumayo,12783.01,11367.0
2024-07-29,15,PT1H,MC-BajoPutumayo,13556.79,11702.1
2024-07-29,16,PT1H,MC-BajoPutumayo,13806.54,11760.0
2024-07-29,17,PT1H,MC-BajoPutumayo,13622.95,11720.5
2024-07-29,18,PT1H,MC-BajoPutumayo,13360.62,11718.8
2024-07-29,19,PT1H,MC-BajoPutumayo,14440.24,13316.1
2024-07-29,20,PT1H,MC-BajoPutumayo,14675.35,14326.1
2024-07-29,21,PT1H,MC-BajoPutumayo,13838.47,13571.2
2024-07-29,22,PT1H,MC-BajoPutumayo,12302.28,12006.2
2024-07-29,23,PT1H,MC-BajoPutumayo,10402.2,9762.5
2024-07-29,24,PT1H,MC-BajoPutumayo,8928.11,7858.4
2024-06-20,1,PT1H,MC-BajoPutumayo,7355.23,7375.4
2024-06-20,2,PT1H,MC-BajoPutumayo,6919.26,6819.4
2024-06-20,3,PT1H,MC-BajoPutumayo,6718.81,6664.5
2024-06-20,4,PT1H,MC-BajoPutumayo,6650.65,6304.4
2024-06-20,5,PT1H,MC-BajoPutumayo,6769.44,6493.8
2024-06-20,6,PT1H,MC-BajoPutumayo,7224.38,6990.1
2024-06-20,7,PT1H,MC-BajoPutumayo,7849.73,7567.8
2024-06-20,8,PT1H,MC-BajoPutumayo,9061.48,8741.8
2024-06-20,9,PT1H,MC-BajoPutumayo,10316.36,9757.6
2024-06-20,10,PT1H,MC-BajoPutumayo,10973.8,10612.5
2024-06-20,11,PT1H,MC-BajoPutumayo,11572.5,11366.4
2024-06-20,12,PT1H,MC-BajoPutumayo,12041.77,11783.9
2024-06-20,13,PT1H,MC-BajoPutumayo,11090.09,11526.2
2024-06-20,14,PT1H,MC-BajoPutumayo,10817.55,11408.2
2024-06-20,15,PT1H,MC-BajoPutumayo,11294.82,11272.8
2024-06-20,16,PT1H,MC-BajoPutumayo,11382.07,11183.7
2024-06-20,17,PT1H,MC-BajoPutumayo,11465.94,11180.3
2024-06-20,18,PT1H,MC-BajoPutumayo,11867.54,11299.2
2024-06-20,19,PT1H,MC-BajoPutumayo,12939.81,12955.8
2024-06-20,20,PT1H,MC-BajoPutumayo,12786.23,13875.6
2024-06-20,21,PT1H,MC-BajoPutumayo,11790.48,13128.6
2024-06-20,22,PT1H,MC-BajoPutumayo,10509.54,11853.5
2024-06-20,23,PT1H,MC-BajoPutumayo,8948.33,9928.7
2024-06-20,24,PT1H,MC-BajoPutumayo,7843.83,8474.5
2023-08-19,1,PT1H,MC-BajoPutumayo,9305.44,7348.5
2023-08-19,2,PT1H,MC-BajoPutumayo,8686.91,6882.84
2023-08-19,3,PT1H,MC-BajoPutumayo,7147.04,6582.52
2023-08-19,4,PT1H,MC-BajoPutumayo,8676.74,6413.67
2023-08-19,5,PT1H,MC-BajoPutumayo,8242.99,6368.37
2023-08-19,6,PT1H,MC-BajoPutumayo,8047.89,6618.3
2023-08-19,7,PT1H,MC-BajoPutumayo,7595.17,6948.69
2023-08-19,8,PT1H,MC-BajoPutumayo,9934.04,8052.51
2023-08-19,9,PT1H,MC-BajoPutumayo,11053.79,9316.51
2023-08-19,10,PT1H,MC-BajoPutumayo,12006.2,10088.11
2023-08-19,11,PT1H,MC-BajoPutumayo,12791.32,10780.02
2023-08-19,12,PT1H,MC-BajoPutumayo,13342.33,11184.71
2023-08-19,13,PT1H,MC-BajoPutumayo,12926.93,11034.98
2023-08-19,14,PT1H,MC-BajoPutumayo,12526.85,10976.36
2023-08-19,15,PT1H,MC-BajoPutumayo,12139.87,10988.22
2023-08-19,16,PT1H,MC-BajoPutumayo,11700.13,11194.68
2023-08-19,17,PT1H,MC-BajoPutumayo,11627.06,11173.62
2023-08-19,18,PT1H,MC-BajoPutumayo,11549.53,11073.99
2023-08-19,19,PT1H,MC-BajoPutumayo,13041.56,12178.88
2023-08-19,20,PT1H,MC-BajoPutumayo,13500.09,12698.32
2023-08-19,21,PT1H,MC-BajoPutumayo,12613.85,11861.75
2023-08-19,22,PT1H,MC-BajoPutumayo,11544.2,10822.32
2023-08-19,23,PT1H,MC-BajoPutumayo,10365.49,9390.34
2023-08-19,24,PT1H,MC-BajoPutumayo,9406.16,8249.25
2022-12-05,1,PT1H,MC-BajoPutumayo,6701.79,8231.67
2022-12-05,2,PT1H,MC-BajoPutumayo,6348.09,7692.39
2022-12-05,3,PT1H,MC-BajoPutumayo,6157.12,7363.62
2022-12-05,4,PT1H,MC-BajoPutumayo,6073.34,7160.59
2022-12-05,5,PT1H,MC-BajoPutumayo,6073.46,7110.97
2022-12-05,6,PT1H,MC-BajoPutumayo,5525.05,7381.6
2022-12-05,7,PT1H,MC-BajoPutumayo,5875.95,7908.44
2022-12-05,8,PT1H,MC-BajoPutumayo,8352.2,8931.46
2022-12-05,9,PT1H,MC-BajoPutumayo,9750.51,10419.99
2022-12-05,10,PT1H,MC-BajoPutumayo,10617.42,11566.65
2022-12-05,11,PT1H,MC-BajoPutumayo,12095.89,12458.11
2022-12-05,12,PT1H,MC-BajoPutumayo,12944.76,13159.61
2022-12-05,13,PT1H,MC-BajoPutumayo,12691.24,13017.19
2022-12-05,14,PT1H,MC-BajoPutumayo,13177.14,13033.14
2022-12-05,15,PT1H,MC-BajoPutumayo,13714.87,13192.33
2022-12-05,16,PT1H,MC-BajoPutumayo,13614.39,12996.73
2022-12-05,17,PT1H,MC-BajoPutumayo,13211.09,12792.76
2022-12-05,18,PT1H,MC-BajoPutumayo,12998.39,12709.53
2022-12-05,19,PT1H,MC-BajoPutumayo,13989.27,14099.85
2022-12-05,20,PT1H,MC-BajoPutumayo,13908.42,14198.18
2022-12-05,21,PT1H,MC-BajoPutumayo,12992.27,13283.76
2022-12-05,22,PT1H,MC-BajoPutumayo,11655.75,12101.05
2022-12-05,23,PT1H,MC-BajoPutumayo,10041.17,10424.77
2022-12-05,24,PT1H,MC-BajoPutumayo,8662.68,9152.6
2023-03-03,1,PT1H,MC-BajoPutumayo,7840.37,7125.55
2023-03-03,2,PT1H,MC-BajoPutumayo,7197.06,6697.92
2023-03-03,3,PT1H,MC-BajoPutumayo,6743.5,6479.58
2023-03-03,4,PT1H,MC-BajoPutumayo,6661.2,6331.3
2023-03-03,5,PT1H,MC-BajoPutumayo,6584.18,6330.79
2023-03-03,6,PT1H,MC-BajoPutumayo,7227.16,6885.01
2023-03-03,7,PT1H,MC-BajoPutumayo,7867.89,7455.23
2023-03-03,8,PT1H,MC-BajoPutumayo,8923.86,8121.27
2023-03-03,9,PT1H,MC-BajoPutumayo,11023.13,9172.08
2023-03-03,10,PT1H,MC-BajoPutumayo,11851.55,9979.16
2023-03-03,11,PT1H,MC-BajoPutumayo,12613.01,10728.82
2023-03-03,12,PT1H,MC-BajoPutumayo,13538.32,11047.61
2023-03-03,13,PT1H,MC-BajoPutumayo,13245.73,10861.8
2023-03-03,14,PT1H,MC-BajoPutumayo,13496.5,10991.09
2023-03-03,15,PT1H,MC-BajoPutumayo,13409.18,11563.93
2023-03-03,16,PT1H,MC-BajoPutumayo,13468.13,11920.25
2023-03-03,17,PT1H,MC-BajoPutumayo,13672.95,12048.92
2023-03-03,18,PT1H,MC-BajoPutumayo,13063.79,11777.34
2023-03-03,19,PT1H,MC-BajoPutumayo,13573.33,12328.0
2023-03-03,20,PT1H,MC-BajoPutumayo,14252.4,12994.74
2023-03-03,21,PT1H,MC-BajoPutumayo,13321.69,12224.24
2023-03-03,22,PT1H,MC-BajoPutumayo,12285.13,11160.94
2023-03-03,23,PT1H,MC-BajoPutumayo,10711.89,9724.81
2023-03-03,24,PT1H,MC-BajoPutumayo,9388.0,8506.33
2022-10-29,1,PT1H,MC-BajoPutumayo,7889.23,8565.9
2022-10-29,2,PT1H,MC-BajoPutumayo,7424.82,7959.69
2022-10-29,3,PT1H,MC-BajoPutumayo,7138.87,7551.04
2022-10-29,4,PT1H,MC-BajoPutumayo,6936.07,7317.1
2022-10-29,5,PT1H,MC-BajoPutumayo,6916.28,7395.25
2022-10-29,6,PT1H,MC-BajoPutumayo,7130.41,7527.0
2022-10-29,7,PT1H,MC-BajoPutumayo,7655.06,7904.65
2022-10-29,8,PT1H,MC-BajoPutumayo,8942.87,9001.29
2022-10-29,9,PT1H,MC-BajoPutumayo,10440.76,10055.82
2022-10-29,10,PT1H,MC-BajoPutumayo,11321.05,11066.7
2022-10-29,11,PT1H,MC-BajoPutumayo,12132.45,11500.12
2022-10-29,12,PT1H,MC-BajoPutumayo,12609.94,11720.94
2022-10-29,13,PT1H,MC-BajoPutumayo,12296.59,11789.48
2022-10-29,14,PT1H,MC-BajoPutumayo,12298.1,11694.81
2022-10-29,15,PT1H,MC-BajoPutumayo,12589.66,11938.46
2022-10-29,16,PT1H,MC-BajoPutumayo,12443.54,12210.79
2022-10-29,17,PT1H,MC-BajoPutumayo,12711.89,12022.64
2022-10-29,18,PT1H,MC-BajoPutumayo,12948.55,12206.13
2022-10-29,19,PT1H,MC-BajoPutumayo,14042.66,13447.51
2022-10-29,20,PT1H,MC-BajoPutumayo,13780.69,13547.51
2022-10-29,21,PT1H,MC-BajoPutumayo,13177.49,12823.63
2022-10-29,22,PT1H,MC-BajoPutumayo,12140.48,11615.88
2022-10-29,23,PT1H,MC-BajoPutumayo,10862.22,10283.58
2022-10-29,24,PT1H,MC-BajoPutumayo,9758.43,9219.17
2023-08-24,1,PT1H,MC-BajoPutumayo,7698.02,7530.92
2023-08-24,2,PT1H,MC-BajoPutumayo,7889.93,7061.38
2023-08-24,3,PT1H,MC-BajoPutumayo,7590.49,6784.39
2023-08-24,4,PT1H,MC-BajoPutumayo,7304.23,6629.62
2023-08-24,5,PT1H,MC-BajoPutumayo,7302.47,6643.58
2023-08-24,6,PT1H,MC-BajoPutumayo,7866.19,7226.39
2023-08-24,7,PT1H,MC-BajoPutumayo,8392.69,7889.72
2023-08-24,8,PT1H,MC-BajoPutumayo,9254.04,8617.93
2023-08-24,9,PT1H,MC-BajoPutumayo,10611.11,9723.16
2023-08-24,10,PT1H,MC-BajoPutumayo,11353.59,10459.05
2023-08-24,11,PT1H,MC-BajoPutumayo,12068.17,11128.96
2023-08-24,12,PT1H,MC-BajoPutumayo,12680.6,11677.15
2023-08-24,13,PT1H,MC-BajoPutumayo,12384.61,11346.89
2023-08-24,14,PT1H,MC-BajoPutumayo,13080.99,11440.06
2023-08-24,15,PT1H,MC-BajoPutumayo,13437.36,12336.31
2023-08-24,16,PT1H,MC-BajoPutumayo,13797.25,13184.08
2023-08-24,17,PT1H,MC-BajoPutumayo,13353.56,12864.13
2023-08-24,18,PT1H,MC-BajoPutumayo,12869.05,12487.58
2023-08-24,19,PT1H,MC-BajoPutumayo,13744.06,13328.41
2023-08-24,20,PT1H,MC-BajoPutumayo,14232.56,13708.55
2023-08-24,21,PT1H,MC-BajoPutumayo,13299.96,12889.09
2023-08-24,22,PT1H,MC-BajoPutumayo,12054.98,11526.82
2023-08-24,23,PT1H,MC-BajoPutumayo,10307.93,9641.62
2023-08-24,24,PT1H,MC-BajoPutumayo,8752.66,8124.64
2022-07-28,1,PT1H,MC-BajoPutumayo,5950.63,6977.68
2022-07-28,2,PT1H,MC-BajoPutumayo,5664.87,6491.83
2022-07-28,3,PT1H,MC-BajoPutumayo,5531.37,6285.08
2022-07-28,4,PT1H,MC-BajoPutumayo,5449.98,6150.7
2022-07-28,5,PT1H,MC-BajoPutumayo,5509.97,6202.38
2022-07-28,6,PT1H,MC-BajoPutumayo,6212.11,6657.23
2022-07-28,7,PT1H,MC-BajoPutumayo,7268.82,7205.1
2022-07-28,8,PT1H,MC-BajoPutumayo,8052.97,8207.82
2022-07-28,9,PT1H,MC-BajoPutumayo,8850.49,9272.56
2022-07-28,10,PT1H,MC-BajoPutumayo,9416.17,9965.16
2022-07-28,11,PT1H,MC-BajoPutumayo,10186.11,10637.09
2022-07-28,12,PT1H,MC-BajoPutumayo,10965.82,10926.53
2022-07-28,13,PT1H,MC-BajoPutumayo,10664.82,10895.52
2022-07-28,14,PT1H,MC-BajoPutumayo,11133.87,10905.86
2022-07-28,15,PT1H,MC-BajoPutumayo,11847.16,11195.3
2022-07-28,16,PT1H,MC-BajoPutumayo,12022.04,11319.35
2022-07-28,17,PT1H,MC-BajoPutumayo,12171.55,11298.68
2022-07-28,18,PT1H,MC-BajoPutumayo,11889.11,11474.41
2022-07-28,19,PT1H,MC-BajoPutumayo,12693.17,12291.06
2022-07-28,20,PT1H,MC-BajoPutumayo,13096.04,12704.55
2022-07-28,21,PT1H,MC-BajoPutumayo,12166.88,11898.24
2022-07-28,22,PT1H,MC-BajoPutumayo,10919.06,10740.46
2022-07-28,23,PT1H,MC-BajoPutumayo,9158.31,9076.16
2022-07-28,24,PT1H,MC-BajoPutumayo,7729.67,7742.64
2025-04-12,1,PT1H,MC-BajoPutumayo,8288.71,8443.2
2025-04-12,2,PT1H,MC-BajoPutumayo,7795.65,7875.1
2025-04-12,3,PT1H,MC-BajoPutumayo,7426.35,7532.1
2025-04-12,4,PT1H,MC-BajoPutumayo,7227.85,7425.9
2025-04-12,5,PT1H,MC-BajoPutumayo,7211.92,7493.3
2025-04-12,6,PT1H,MC-BajoPutumayo,7468.09,7740.7
2025-04-12,7,PT1H,MC-BajoPutumayo,7840.36,8214.8
2025-04-12,8,PT1H,MC-BajoPutumayo,9149.96,9337.1
2025-04-12,9,PT1H,MC-BajoPutumayo,10903.13,10774.9
2025-04-12,10,PT1H,MC-BajoPutumayo,12043.03,11763.4
2025-04-12,11,PT1H,MC-BajoPutumayo,12794.85,12618.8
2025-04-12,12,PT1H,MC-BajoPutumayo,13238.25,13099.4
2025-04-12,13,PT1H,MC-BajoPutumayo,12988.65,12987.9
2025-04-12,14,PT1H,MC-BajoPutumayo,12539.47,12887.2
2025-04-12,15,PT1H,MC-BajoPutumayo,12464.19,13162.9
2025-04-12,16,PT1H,MC-BajoPutumayo,12442.28,13239.9
2025-04-12,17,PT1H,MC-BajoPutumayo,12257.63,13017.4
2025-04-12,18,PT1H,MC-BajoPutumayo,12617.04,12984.5
2025-04-12,19,PT1H,MC-BajoPutumayo,14060.89,14179.7
2025-04-12,20,PT1H,MC-BajoPutumayo,14271.11,14345.2
2025-04-12,21,PT1H,MC-BajoPutumayo,13464.11,13265.5
2025-04-12,22,PT1H,MC-BajoPutumayo,12426.58,12517.5
2025-04-12,23,PT1H,MC-BajoPutumayo,11101.05,11143.5
2025-04-12,24,PT1H,MC-BajoPutumayo,9714.3,9845.0
2025-05-10,1,PT1H,MC-BajoPutumayo,8533.01,8334.8
2025-05-10,2,PT1H,MC-BajoPutumayo,7937.94,7781.4
2025-05-10,3,PT1H,MC-BajoPutumayo,7527.72,7430.7
2025-05-10,4,PT1H,MC-BajoPutumayo,7347.39,7227.5
2025-05-10,5,PT1H,MC-BajoPutumayo,7323.25,7158.5
2025-05-10,6,PT1H,MC-BajoPutumayo,7542.0,7322.9
2025-05-10,7,PT1H,MC-BajoPutumayo,8031.78,7592.3
2025-05-10,8,PT1H,MC-BajoPutumayo,9092.39,8670.0
2025-05-10,9,PT1H,MC-BajoPutumayo,10373.28,10102.1
2025-05-10,10,PT1H,MC-BajoPutumayo,11370.03,11225.8
2025-05-10,11,PT1H,MC-BajoPutumayo,12217.52,11882.6
2025-05-10,12,PT1H,MC-BajoPutumayo,12881.16,12364.4
2025-05-10,13,PT1H,MC-BajoPutumayo,13002.47,12291.3
2025-05-10,14,PT1H,MC-BajoPutumayo,13091.23,12062.4
2025-05-10,15,PT1H,MC-BajoPutumayo,13555.42,12088.1
2025-05-10,16,PT1H,MC-BajoPutumayo,13756.1,12092.4
2025-05-10,17,PT1H,MC-BajoPutumayo,13658.88,11970.5
2025-05-10,18,PT1H,MC-BajoPutumayo,13294.8,12066.7
2025-05-10,19,PT1H,MC-BajoPutumayo,14677.39,13320.2
2025-05-10,20,PT1H,MC-BajoPutumayo,15216.2,13570.4
2025-05-10,21,PT1H,MC-BajoPutumayo,14276.26,12770.9
2025-05-10,22,PT1H,MC-BajoPutumayo,13020.41,11817.3
2025-05-10,23,PT1H,MC-BajoPutumayo,11613.15,10635.8
2025-05-10,24,PT1H,MC-BajoPutumayo,10320.29,9455.5
2025-10-11,1,PT1H,MC-BajoPutumayo,15498.52,16739.9
2025-10-11,2,PT1H,MC-BajoPutumayo,14592.22,15597.0
2025-10-11,3,PT1H,MC-BajoPutumayo,14026.68,14769.2
2025-10-11,4,PT1H,MC-BajoPutumayo,13782.7,14304.2
2025-10-11,5,PT1H,MC-BajoPutumayo,13924.92,14193.4
2025-10-11,6,PT1H,MC-BajoPutumayo,14446.12,14598.9
2025-10-11,7,PT1H,MC-BajoPutumayo,15429.98,15480.1
2025-10-11,8,PT1H,MC-BajoPutumayo,17674.9,17873.6
2025-10-11,9,PT1H,MC-BajoPutumayo,21224.2,20761.7
2025-10-11,10,PT1H,MC-BajoPutumayo,23594.22,22823.7
2025-10-11,11,PT1H,MC-BajoPutumayo,25543.42,24092.0
2025-10-11,12,PT1H,MC-BajoPutumayo,27105.68,24845.0
2025-10-11,13,PT1H,MC-BajoPutumayo,27143.84,24643.0
2025-10-11,14,PT1H,MC-BajoPutumayo,27165.08,24716.1
2025-10-11,15,PT1H,MC-BajoPutumayo,27885.62,24998.9
2025-10-11,16,PT1H,MC-BajoPutumayo,28358.02,25263.4
2025-10-11,17,PT1H,MC-BajoPutumayo,28311.3,25134.0
2025-10-11,18,PT1H,MC-BajoPutumayo,28277.56,25550.1
2025-10-11,19,PT1H,MC-BajoPutumayo,31718.32,29045.2
2025-10-11,20,PT1H,MC-BajoPutumayo,31186.98,29098.6
2025-10-11,21,PT1H,MC-BajoPutumayo,29416.64,27084.9
2025-10-11,22,PT1H,MC-BajoPutumayo,27218.56,24632.8
2025-10-11,23,PT1H,MC-BajoPutumayo,24170.02,21530.5
2025-10-11,24,PT1H,MC-BajoPutumayo,21266.22,19067.9
2025-04-07,1,PT1H,MC-BajoPutumayo,7082.83,8015.0
2025-04-07,2,PT1H,MC-BajoPutumayo,6702.32,7493.5
2025-04-07,3,PT1H,MC-BajoPutumayo,6514.23,7197.7
2025-04-07,4,PT1H,MC-BajoPutumayo,6397.75,7027.2
2025-04-07,5,PT1H,MC-BajoPutumayo,6436.14,7083.9
2025-04-07,6,PT1H,MC-BajoPutumayo,7091.95,7615.7
2025-04-07,7,PT1H,MC-BajoPutumayo,7822.39,8157.7
2025-04-07,8,PT1H,MC-BajoPutumayo,8497.59,8925.9
2025-04-07,9,PT1H,MC-BajoPutumayo,9812.71,10036.6
2025-04-07,10,PT1H,MC-BajoPutumayo,10661.54,10763.8
2025-04-07,11,PT1H,MC-BajoPutumayo,11606.76,11377.6
2025-04-07,12,PT1H,MC-BajoPutumayo,12247.87,11947.6
2025-04-07,13,PT1H,MC-BajoPutumayo,11953.59,11909.9
2025-04-07,14,PT1H,MC-BajoPutumayo,12233.25,11966.3
2025-04-07,15,PT1H,MC-BajoPutumayo,13356.73,12401.8
2025-04-07,16,PT1H,MC-BajoPutumayo,13648.54,12549.1
2025-04-07,17,PT1H,MC-BajoPutumayo,13564.49,12265.5
2025-04-07,18,PT1H,MC-BajoPutumayo,13331.4,12215.6
2025-04-07,19,PT1H,MC-BajoPutumayo,14204.02,13298.6
2025-04-07,20,PT1H,MC-BajoPutumayo,14523.35,13512.1
2025-04-07,21,PT1H,MC-BajoPutumayo,13575.11,12779.4
2025-04-07,22,PT1H,MC-BajoPutumayo,12191.91,11483.6
2025-04-07,23,PT1H,MC-BajoPutumayo,10444.86,10038.2
2025-04-07,24,PT1H,MC-BajoPutumayo,9021.13,8590.8
2022-12-13,1,PT1H,MC-BajoPutumayo,7772.18,7720.77
2022-12-13,2,PT1H,MC-BajoPutumayo,7254.4,7323.23
2022-12-13,3,PT1H,MC-BajoPutumayo,6991.37,7022.64
2022-12-13,4,PT1H,MC-BajoPutumayo,6774.89,6807.28
2022-12-13,5,PT1H,MC-BajoPutumayo,6797.07,6856.53
2022-12-13,6,PT1H,MC-BajoPutumayo,7120.29,7316.85
2022-12-13,7,PT1H,MC-BajoPutumayo,7430.71,8013.45
2022-12-13,8,PT1H,MC-BajoPutumayo,8797.11,9144.08
2022-12-13,9,PT1H,MC-BajoPutumayo,9954.82,10460.22
2022-12-13,10,PT1H,MC-BajoPutumayo,11139.0,11558.96
2022-12-13,11,PT1H,MC-BajoPutumayo,12336.01,12344.87
2022-12-13,12,PT1H,MC-BajoPutumayo,12939.88,12796.51
2022-12-13,13,PT1H,MC-BajoPutumayo,12182.29,12246.12
2022-12-13,14,PT1H,MC-BajoPutumayo,12616.84,12666.12
2022-12-13,15,PT1H,MC-BajoPutumayo,13824.19,13170.83
2022-12-13,16,PT1H,MC-BajoPutumayo,14718.63,13008.04
2022-12-13,17,PT1H,MC-BajoPutumayo,13843.59,12446.93
2022-12-13,18,PT1H,MC-BajoPutumayo,13737.36,12662.04
2022-12-13,19,PT1H,MC-BajoPutumayo,14245.94,13851.1
2022-12-13,20,PT1H,MC-BajoPutumayo,14080.85,13790.63
2022-12-13,21,PT1H,MC-BajoPutumayo,13117.71,13083.31
2022-12-13,22,PT1H,MC-BajoPutumayo,11696.02,11826.37
2022-12-13,23,PT1H,MC-BajoPutumayo,9867.94,10192.55
2022-12-13,24,PT1H,MC-BajoPutumayo,8528.44,8852.17
2023-07-26,1,PT1H,MC-BajoPutumayo,7234.32,8011.95
2023-07-26,2,PT1H,MC-BajoPutumayo,6795.56,7453.49
2023-07-26,3,PT1H,MC-BajoPutumayo,6540.54,7183.5
2023-07-26,4,PT1H,MC-BajoPutumayo,6401.92,6979.38
2023-07-26,5,PT1H,MC-BajoPutumayo,6416.79,6977.64
2023-07-26,6,PT1H,MC-BajoPutumayo,6983.72,7392.17
2023-07-26,7,PT1H,MC-BajoPutumayo,7586.88,7868.09
2023-07-26,8,PT1H,MC-BajoPutumayo,8332.43,8726.3
2023-07-26,9,PT1H,MC-BajoPutumayo,9778.3,9745.25
2023-07-26,10,PT1H,MC-BajoPutumayo,10944.76,10645.72
2023-07-26,11,PT1H,MC-BajoPutumayo,11702.86,11178.85
2023-07-26,12,PT1H,MC-BajoPutumayo,12666.4,11683.16
2023-07-26,13,PT1H,MC-BajoPutumayo,12359.63,11506.83
2023-07-26,14,PT1H,MC-BajoPutumayo,12663.32,11596.4
2023-07-26,15,PT1H,MC-BajoPutumayo,13926.0,12341.88
2023-07-26,16,PT1H,MC-BajoPutumayo,14186.81,12831.08
2023-07-26,17,PT1H,MC-BajoPutumayo,13965.78,12831.32
2023-07-26,18,PT1H,MC-BajoPutumayo,13594.91,12694.23
2023-07-26,19,PT1H,MC-BajoPutumayo,14161.25,13507.13
2023-07-26,20,PT1H,MC-BajoPutumayo,14351.76,13915.13
2023-07-26,21,PT1H,MC-BajoPutumayo,13234.82,13099.74
2023-07-26,22,PT1H,MC-BajoPutumayo,12029.84,11672.49
2023-07-26,23,PT1H,MC-BajoPutumayo,10859.24,9865.5
2023-07-26,24,PT1H,MC-BajoPutumayo,9246.06,8531.39
2024-02-28,1,PT1H,MC-BajoPutumayo,7985.56,7855.96
2024-02-28,2,PT1H,MC-BajoPutumayo,7531.15,7350.05
2024-02-28,3,PT1H,MC-BajoPutumayo,7305.14,7032.44
2024-02-28,4,PT1H,MC-BajoPutumayo,7202.41,6784.28
2024-02-28,5,PT1H,MC-BajoPutumayo,7244.8,6709.71
2024-02-28,6,PT1H,MC-BajoPutumayo,7872.25,6986.18
2024-02-28,7,PT1H,MC-BajoPutumayo,8304.25,7357.27
2024-02-28,8,PT1H,MC-BajoPutumayo,8523.16,8205.79
2024-02-28,9,PT1H,MC-BajoPutumayo,9984.85,9395.52
2024-02-28,10,PT1H,MC-BajoPutumayo,9806.67,10315.83
2024-02-28,11,PT1H,MC-BajoPutumayo,11965.0,11186.23
2024-02-28,12,PT1H,MC-BajoPutumayo,12845.64,11880.05
2024-02-28,13,PT1H,MC-BajoPutumayo,12634.09,11637.92
2024-02-28,14,PT1H,MC-BajoPutumayo,12513.71,11890.99
2024-02-28,15,PT1H,MC-BajoPutumayo,13648.05,12226.07
2024-02-28,16,PT1H,MC-BajoPutumayo,13786.62,12262.97
2024-02-28,17,PT1H,MC-BajoPutumayo,13248.31,12181.12
2024-02-28,18,PT1H,MC-BajoPutumayo,13289.99,11952.33
2024-02-28,19,PT1H,MC-BajoPutumayo,13926.65,12417.26
2024-02-28,20,PT1H,MC-BajoPutumayo,14445.79,12979.84
2024-02-28,21,PT1H,MC-BajoPutumayo,13587.39,12308.51
2024-02-28,22,PT1H,MC-BajoPutumayo,12384.06,11289.2
2024-02-28,23,PT1H,MC-BajoPutumayo,10613.57,9699.8
2024-02-28,24,PT1H,MC-BajoPutumayo,9419.79,8753.55
2024-09-28,1,PT1H,MC-BajoPutumayo,8739.32,7496.1
2024-09-28,2,PT1H,MC-BajoPutumayo,8152.61,7159.0
2024-09-28,3,PT1H,MC-BajoPutumayo,7629.53,6966.1
2024-09-28,4,PT1H,MC-BajoPutumayo,7437.59,7021.8
2024-09-28,5,PT1H,MC-BajoPutumayo,7479.6,6944.4
2024-09-28,6,PT1H,MC-BajoPutumayo,7647.95,7614.2
2024-09-28,7,PT1H,MC-BajoPutumayo,8271.68,8444.2
2024-09-28,8,PT1H,MC-BajoPutumayo,9454.46,9198.2
2024-09-28,9,PT1H,MC-BajoPutumayo,10398.78,10115.2
2024-09-28,10,PT1H,MC-BajoPutumayo,10797.64,10663.7
2024-09-28,11,PT1H,MC-BajoPutumayo,11248.33,11354.8
2024-09-28,12,PT1H,MC-BajoPutumayo,11494.83,11693.7
2024-09-28,13,PT1H,MC-BajoPutumayo,11156.13,11349.1
2024-09-28,14,PT1H,MC-BajoPutumayo,10964.98,11503.7
2024-09-28,15,PT1H,MC-BajoPutumayo,11129.62,12325.2
2024-09-28,16,PT1H,MC-BajoPutumayo,11209.27,12468.0
2024-09-28,17,PT1H,MC-BajoPutumayo,11141.28,12068.1
2024-09-28,18,PT1H,MC-BajoPutumayo,12053.75,12003.5
2024-09-28,19,PT1H,MC-BajoPutumayo,13216.01,13997.1
2024-09-28,20,PT1H,MC-BajoPutumayo,12671.68,14245.3
2024-09-28,21,PT1H,MC-BajoPutumayo,11920.95,13581.6
2024-09-28,22,PT1H,MC-BajoPutumayo,10734.9,12051.9
2024-09-28,23,PT1H,MC-BajoPutumayo,9575.93,9989.7
2024-09-28,24,PT1H,MC-BajoPutumayo,8464.32,8310.3
2023-04-22,1,PT1H,MC-BajoPutumayo,7150.83,8052.24
2023-04-22,2,PT1H,MC-BajoPutumayo,6666.07,7569.56
2023-04-22,3,PT1H,MC-BajoPutumayo,6465.83,7193.4
2023-04-22,4,PT1H,MC-BajoPutumayo,6289.62,6969.93
2023-04-22,5,PT1H,MC-BajoPutumayo,6312.15,6858.53
2023-04-22,6,PT1H,MC-BajoPutumayo,6635.91,7090.67
2023-04-22,7,PT1H,MC-BajoPutumayo,7200.55,7502.2
2023-04-22,8,PT1H,MC-BajoPutumayo,8274.62,8582.57
2023-04-22,9,PT1H,MC-BajoPutumayo,9553.12,9959.21
2023-04-22,10,PT1H,MC-BajoPutumayo,10371.99,10773.95
2023-04-22,11,PT1H,MC-BajoPutumayo,11307.56,11458.64
2023-04-22,12,PT1H,MC-BajoPutumayo,11761.48,11842.83
2023-04-22,13,PT1H,MC-BajoPutumayo,11661.82,11835.6
2023-04-22,14,PT1H,MC-BajoPutumayo,11653.12,11651.23
2023-04-22,15,PT1H,MC-BajoPutumayo,11790.42,11650.23
2023-04-22,16,PT1H,MC-BajoPutumayo,12085.21,11588.65
2023-04-22,17,PT1H,MC-BajoPutumayo,12182.96,11649.04
2023-04-22,18,PT1H,MC-BajoPutumayo,12107.09,12053.67
2023-04-22,19,PT1H,MC-BajoPutumayo,13540.07,13095.69
2023-04-22,20,PT1H,MC-BajoPutumayo,13476.76,13384.53
2023-04-22,21,PT1H,MC-BajoPutumayo,12697.31,12419.36
2023-04-22,22,PT1H,MC-BajoPutumayo,11752.62,11293.26
2023-04-22,23,PT1H,MC-BajoPutumayo,10416.95,9972.92
2023-04-22,24,PT1H,MC-BajoPutumayo,9282.05,8767.26
2022-03-14,1,PT1H,MC-BajoPutumayo,6549.03,7005.27
2022-03-14,2,PT1H,MC-BajoPutumayo,6267.45,6567.74
2022-03-14,3,PT1H,MC-BajoPutumayo,6000.86,6354.93
2022-03-14,4,PT1H,MC-BajoPutumayo,5899.21,6199.36
2022-03-14,5,PT1H,MC-BajoPutumayo,5754.29,6201.71
2022-03-14,6,PT1H,MC-BajoPutumayo,6252.2,6772.96
2022-03-14,7,PT1H,MC-BajoPutumayo,6832.09,7610.51
2022-03-14,8,PT1H,MC-BajoPutumayo,7321.31,8004.59
2022-03-14,9,PT1H,MC-BajoPutumayo,8264.46,9086.22
2022-03-14,10,PT1H,MC-BajoPutumayo,9322.91,9747.35
2022-03-14,11,PT1H,MC-BajoPutumayo,10263.08,10263.52
2022-03-14,12,PT1H,MC-BajoPutumayo,10875.93,10681.62
2022-03-14,13,PT1H,MC-BajoPutumayo,10752.05,10439.6
2022-03-14,14,PT1H,MC-BajoPutumayo,10977.98,10646.1
2022-03-14,15,PT1H,MC-BajoPutumayo,11777.09,11161.92
2022-03-14,16,PT1H,MC-BajoPutumayo,12231.56,11225.12
2022-03-14,17,PT1H,MC-BajoPutumayo,12254.19,11151.8
2022-03-14,18,PT1H,MC-BajoPutumayo,11815.74,11053.11
2022-03-14,19,PT1H,MC-BajoPutumayo,12662.81,11824.49
2022-03-14,20,PT1H,MC-BajoPutumayo,13298.32,12478.02
2022-03-14,21,PT1H,MC-BajoPutumayo,12463.72,11844.43
2022-03-14,22,PT1H,MC-BajoPutumayo,11080.99,10834.18
2022-03-14,23,PT1H,MC-BajoPutumayo,9225.55,9313.51
2022-03-14,24,PT1H,MC-BajoPutumayo,7623.51,7843.94
2023-10-20,1,PT1H,MC-BajoPutumayo,7344.34,8269.98
2023-10-20,2,PT1H,MC-BajoPutumayo,6887.48,7814.06
2023-10-20,3,PT1H,MC-BajoPutumayo,6660.68,7570.95
2023-10-20,4,PT1H,MC-BajoPutumayo,6500.99,7396.88
2023-10-20,5,PT1H,MC-BajoPutumayo,6562.02,7453.91
2023-10-20,6,PT1H,MC-BajoPutumayo,7118.85,7907.19
2023-10-20,7,PT1H,MC-BajoPutumayo,8054.07,8574.63
2023-10-20,8,PT1H,MC-BajoPutumayo,8659.36,9525.62
2023-10-20,9,PT1H,MC-BajoPutumayo,9569.43,10869.52
2023-10-20,10,PT1H,MC-BajoPutumayo,10403.96,11962.51
2023-10-20,11,PT1H,MC-BajoPutumayo,11067.07,12758.6
2023-10-20,12,PT1H,MC-BajoPutumayo,11685.91,13448.02
2023-10-20,13,PT1H,MC-BajoPutumayo,11555.24,13016.17
2023-10-20,14,PT1H,MC-BajoPutumayo,11898.57,12884.68
2023-10-20,15,PT1H,MC-BajoPutumayo,12710.28,13363.81
2023-10-20,16,PT1H,MC-BajoPutumayo,13181.93,13534.5
2023-10-20,17,PT1H,MC-BajoPutumayo,13219.37,13724.28
2023-10-20,18,PT1H,MC-BajoPutumayo,13005.34,13554.57
2023-10-20,19,PT1H,MC-BajoPutumayo,14260.64,14707.57
2023-10-20,20,PT1H,MC-BajoPutumayo,14062.87,14803.63
2023-10-20,21,PT1H,MC-BajoPutumayo,13114.21,13816.47
2023-10-20,22,PT1H,MC-BajoPutumayo,11787.66,12578.13
2023-10-20,23,PT1H,MC-BajoPutumayo,10375.74,11053.37
2023-10-20,24,PT1H,MC-BajoPutumayo,9137.58,9661.45
2022-10-13,1,PT1H,MC-BajoPutumayo,7721.54,7936.86
2022-10-13,2,PT1H,MC-BajoPutumayo,7284.67,7485.01
2022-10-13,3,PT1H,MC-BajoPutumayo,7035.31,7179.01
2022-10-13,4,PT1H,MC-BajoPutumayo,6835.16,6617.22
2022-10-13,5,PT1H,MC-BajoPutumayo,6881.52,6617.22
2022-10-13,6,PT1H,MC-BajoPutumayo,7122.84,7694.19
2022-10-13,7,PT1H,MC-BajoPutumayo,7309.91,8260.44
2022-10-13,8,PT1H,MC-BajoPutumayo,8922.15,9360.27
2022-10-13,9,PT1H,MC-BajoPutumayo,9266.96,10657.96
2022-10-13,10,PT1H,MC-BajoPutumayo,11963.45,11602.11
2022-10-13,11,PT1H,MC-BajoPutumayo,13340.33,12467.65
2022-10-13,12,PT1H,MC-BajoPutumayo,13165.7,13042.09
2022-10-13,13,PT1H,MC-BajoPutumayo,13027.73,12865.97
2022-10-13,14,PT1H,MC-BajoPutumayo,12923.46,13097.52
2022-10-13,15,PT1H,MC-BajoPutumayo,13987.56,13708.41
2022-10-13,16,PT1H,MC-BajoPutumayo,13715.6,13732.54
2022-10-13,17,PT1H,MC-BajoPutumayo,13938.91,13695.78
2022-10-13,18,PT1H,MC-BajoPutumayo,13530.99,13601.38
2022-10-13,19,PT1H,MC-BajoPutumayo,14680.47,14977.82
2022-10-13,20,PT1H,MC-BajoPutumayo,14650.18,15251.97
2022-10-13,21,PT1H,MC-BajoPutumayo,13689.3,14436.05
2022-10-13,22,PT1H,MC-BajoPutumayo,12699.26,13144.88
2022-10-13,23,PT1H,MC-BajoPutumayo,11036.98,10923.66
2022-10-13,24,PT1H,MC-BajoPutumayo,9573.02,8875.48
2025-11-09,1,PT1H,MC-BajoPutumayo,9560.44,9456.6
2025-11-09,2,PT1H,MC-BajoPutumayo,8898.05,8886.9
2025-11-09,3,PT1H,MC-BajoPutumayo,8441.94,8505.8
2025-11-09,4,PT1H,MC-BajoPutumayo,8148.32,8288.4
2025-11-09,5,PT1H,MC-BajoPutumayo,8042.33,8203.3
2025-11-09,6,PT1H,MC-BajoPutumayo,8022.2,8173.5
2025-11-09,7,PT1H,MC-BajoPutumayo,8539.01,8496.6
2025-11-09,8,PT1H,MC-BajoPutumayo,9735.97,9448.0
2025-11-09,9,PT1H,MC-BajoPutumayo,11156.99,10558.1
2025-11-09,10,PT1H,MC-BajoPutumayo,11819.51,11355.3
2025-11-09,11,PT1H,MC-BajoPutumayo,12362.54,11852.4
2025-11-09,12,PT1H,MC-BajoPutumayo,12928.87,12143.3
2025-11-09,13,PT1H,MC-BajoPutumayo,13466.83,12204.1
2025-11-09,14,PT1H,MC-BajoPutumayo,13072.88,11924.4
2025-11-09,15,PT1H,MC-BajoPutumayo,13199.82,11440.6
2025-11-09,16,PT1H,MC-BajoPutumayo,12523.45,11352.5
2025-11-09,17,PT1H,MC-BajoPutumayo,12532.05,11409.4
2025-11-09,18,PT1H,MC-BajoPutumayo,13234.68,11822.8
2025-11-09,19,PT1H,MC-BajoPutumayo,14157.04,13546.2
2025-11-09,20,PT1H,MC-BajoPutumayo,13734.21,13499.3
2025-11-09,21,PT1H,MC-BajoPutumayo,12934.77,12762.7
2025-11-09,22,PT1H,MC-BajoPutumayo,11712.84,11462.2
2025-11-09,23,PT1H,MC-BajoPutumayo,10286.78,10016.6
2025-11-09,24,PT1H,MC-BajoPutumayo,9245.61,8825.6
2025-04-19,1,PT1H,MC-BajoPutumayo,8722.44,7830.9
2025-04-19,2,PT1H,MC-BajoPutumayo,8147.21,7284.8
2025-04-19,3,PT1H,MC-BajoPutumayo,7801.6,6955.8
2025-04-19,4,PT1H,MC-BajoPutumayo,7565.62,6856.4
2025-04-19,5,PT1H,MC-BajoPutumayo,7474.04,6917.9
2025-04-19,6,PT1H,MC-BajoPutumayo,7578.5,7156.5
2025-04-19,7,PT1H,MC-BajoPutumayo,7867.73,7584.0
2025-04-19,8,PT1H,MC-BajoPutumayo,8935.57,8532.3
2025-04-19,9,PT1H,MC-BajoPutumayo,10389.16,9886.3
2025-04-19,10,PT1H,MC-BajoPutumayo,11716.17,10862.6
2025-04-19,11,PT1H,MC-BajoPutumayo,12171.19,11618.5
2025-04-19,12,PT1H,MC-BajoPutumayo,12378.02,12150.9
2025-04-19,13,PT1H,MC-BajoPutumayo,12286.79,12149.7
2025-04-19,14,PT1H,MC-BajoPutumayo,12020.46,12143.5
2025-04-19,15,PT1H,MC-BajoPutumayo,11973.16,12372.5
2025-04-19,16,PT1H,MC-BajoPutumayo,11790.83,12347.6
2025-04-19,17,PT1H,MC-BajoPutumayo,11718.41,11982.2
2025-04-19,18,PT1H,MC-BajoPutumayo,11833.98,11788.0
2025-04-19,19,PT1H,MC-BajoPutumayo,13113.43,12899.9
2025-04-19,20,PT1H,MC-BajoPutumayo,13322.1,13109.4
2025-04-19,21,PT1H,MC-BajoPutumayo,12493.4,12178.8
2025-04-19,22,PT1H,MC-BajoPutumayo,11515.24,11475.8
2025-04-19,23,PT1H,MC-BajoPutumayo,10430.1,10260.8
2025-04-19,24,PT1H,MC-BajoPutumayo,9334.27,9020.5
2022-02-23,1,PT1H,MC-BajoPutumayo,8135.13,7391.18
2022-02-23,2,PT1H,MC-BajoPutumayo,7693.15,6981.21
2022-02-23,3,PT1H,MC-BajoPutumayo,7345.87,6626.69
2022-02-23,4,PT1H,MC-BajoPutumayo,7103.43,6454.44
2022-02-23,5,PT1H,MC-BajoPutumayo,7119.99,6512.8
2022-02-23,6,PT1H,MC-BajoPutumayo,7592.05,6932.19
2022-02-23,7,PT1H,MC-BajoPutumayo,8152.65,7450.09
2022-02-23,8,PT1H,MC-BajoPutumayo,8455.97,8040.17
2022-02-23,9,PT1H,MC-BajoPutumayo,9170.53,9020.0
2022-02-23,10,PT1H,MC-BajoPutumayo,9553.18,9818.04
2022-02-23,11,PT1H,MC-BajoPutumayo,9837.06,10514.29
2022-02-23,12,PT1H,MC-BajoPutumayo,10116.27,10899.09
2022-02-23,13,PT1H,MC-BajoPutumayo,9658.82,10693.46
2022-02-23,14,PT1H,MC-BajoPutumayo,9657.95,10835.13
2022-02-23,15,PT1H,MC-BajoPutumayo,9963.39,11369.51
2022-02-23,16,PT1H,MC-BajoPutumayo,10273.31,11190.57
2022-02-23,17,PT1H,MC-BajoPutumayo,10297.43,10931.44
2022-02-23,18,PT1H,MC-BajoPutumayo,10285.16,11045.47
2022-02-23,19,PT1H,MC-BajoPutumayo,11387.93,12008.19
2022-02-23,20,PT1H,MC-BajoPutumayo,12158.85,13002.01
2022-02-23,21,PT1H,MC-BajoPutumayo,11381.18,12346.47
2022-02-23,22,PT1H,MC-BajoPutumayo,10263.68,11126.8
2022-02-23,23,PT1H,MC-BajoPutumayo,8720.98,9868.41
2022-02-23,24,PT1H,MC-BajoPutumayo,7456.45,8401.76
2026-01-22,1,PT1H,MC-BajoPutumayo,8504.35,8052.9
2026-01-22,2,PT1H,MC-BajoPutumayo,8340.58,7597.8
2026-01-22,3,PT1H,MC-BajoPutumayo,7994.5,7258.3
2026-01-22,4,PT1H,MC-BajoPutumayo,7761.18,7050.4
2026-01-22,5,PT1H,MC-BajoPutumayo,7906.68,7003.2
2026-01-22,6,PT1H,MC-BajoPutumayo,8410.69,7279.6
2026-01-22,7,PT1H,MC-BajoPutumayo,8855.28,7946.4
2026-01-22,8,PT1H,MC-BajoPutumayo,10215.09,8672.3
2026-01-22,9,PT1H,MC-BajoPutumayo,11589.18,9684.2
2026-01-22,10,PT1H,MC-BajoPutumayo,12567.76,10264.0
2026-01-22,11,PT1H,MC-BajoPutumayo,13378.14,11029.9
2026-01-22,12,PT1H,MC-BajoPutumayo,13778.08,11537.3
2026-01-22,13,PT1H,MC-BajoPutumayo,13598.94,11598.1
2026-01-22,14,PT1H,MC-BajoPutumayo,13776.73,11801.5
2026-01-22,15,PT1H,MC-BajoPutumayo,14791.75,12192.4
2026-01-22,16,PT1H,MC-BajoPutumayo,14602.01,12137.1
2026-01-22,17,PT1H,MC-BajoPutumayo,14253.28,11990.0
2026-01-22,18,PT1H,MC-BajoPutumayo,14620.36,12090.7
2026-01-22,19,PT1H,MC-BajoPutumayo,15745.42,13816.0
2026-01-22,20,PT1H,MC-BajoPutumayo,15216.11,13898.8
2026-01-22,21,PT1H,MC-BajoPutumayo,14293.39,13274.5
2026-01-22,22,PT1H,MC-BajoPutumayo,12490.39,11762.9
2026-01-22,23,PT1H,MC-BajoPutumayo,10880.01,10307.5
2026-01-22,24,PT1H,MC-BajoPutumayo,9714.52,9170.0
2023-11-01,1,PT1H,MC-BajoPutumayo,8198.9,7195.19
2023-11-01,2,PT1H,MC-BajoPutumayo,7563.92,6747.7
2023-11-01,3,PT1H,MC-BajoPutumayo,7327.63,6433.09
2023-11-01,4,PT1H,MC-BajoPutumayo,7216.89,6239.74
2023-11-01,5,PT1H,MC-BajoPutumayo,7281.55,6257.69
2023-11-01,6,PT1H,MC-BajoPutumayo,6009.04,5234.35
2023-11-01,7,PT1H,MC-BajoPutumayo,8545.35,6847.64
2023-11-01,8,PT1H,MC-BajoPutumayo,9286.24,7769.9
2023-11-01,9,PT1H,MC-BajoPutumayo,10553.5,8872.65
2023-11-01,10,PT1H,MC-BajoPutumayo,11350.32,9931.56
2023-11-01,11,PT1H,MC-BajoPutumayo,11426.3,10609.27
2023-11-01,12,PT1H,MC-BajoPutumayo,12231.63,11055.23
2023-11-01,13,PT1H,MC-BajoPutumayo,8557.42,10818.28
2023-11-01,14,PT1H,MC-BajoPutumayo,11366.87,11128.18
2023-11-01,15,PT1H,MC-BajoPutumayo,12691.32,11335.31
2023-11-01,16,PT1H,MC-BajoPutumayo,12846.38,11831.41
2023-11-01,17,PT1H,MC-BajoPutumayo,12223.23,11985.46
2023-11-01,18,PT1H,MC-BajoPutumayo,12344.39,11475.38
2023-11-01,19,PT1H,MC-BajoPutumayo,14844.66,12382.05
2023-11-01,20,PT1H,MC-BajoPutumayo,14558.58,12469.77
2023-11-01,21,PT1H,MC-BajoPutumayo,13339.39,11707.23
2023-11-01,22,PT1H,MC-BajoPutumayo,11936.63,10790.2
2023-11-01,23,PT1H,MC-BajoPutumayo,10000.69,9379.28
2023-11-01,24,PT1H,MC-BajoPutumayo,8730.93,8227.7
2022-12-14,1,PT1H,MC-BajoPutumayo,7568.88,7630.49
2022-12-14,2,PT1H,MC-BajoPutumayo,7251.74,6942.34
2022-12-14,3,PT1H,MC-BajoPutumayo,6972.99,6879.72
2022-12-14,4,PT1H,MC-BajoPutumayo,6885.29,6681.37
2022-12-14,5,PT1H,MC-BajoPutumayo,6953.06,6950.87
2022-12-14,6,PT1H,MC-BajoPutumayo,7063.93,7375.84
2022-12-14,7,PT1H,MC-BajoPutumayo,7655.89,8008.92
2022-12-14,8,PT1H,MC-BajoPutumayo,8748.45,8909.79
2022-12-14,9,PT1H,MC-BajoPutumayo,9986.15,10038.01
2022-12-14,10,PT1H,MC-BajoPutumayo,10516.49,10878.69
2022-12-14,11,PT1H,MC-BajoPutumayo,11665.39,11609.48
2022-12-14,12,PT1H,MC-BajoPutumayo,11956.46,12230.12
2022-12-14,13,PT1H,MC-BajoPutumayo,11347.26,11853.16
2022-12-14,14,PT1H,MC-BajoPutumayo,11698.88,11939.66
2022-12-14,15,PT1H,MC-BajoPutumayo,12314.39,12309.32
2022-12-14,16,PT1H,MC-BajoPutumayo,12333.21,12432.62
2022-12-14,17,PT1H,MC-BajoPutumayo,12553.64,12049.32
2022-12-14,18,PT1H,MC-BajoPutumayo,12093.27,12212.34
2022-12-14,19,PT1H,MC-BajoPutumayo,12987.25,13231.88
2022-12-14,20,PT1H,MC-BajoPutumayo,13094.67,12947.26
2022-12-14,21,PT1H,MC-BajoPutumayo,12170.92,12150.69
2022-12-14,22,PT1H,MC-BajoPutumayo,10933.49,10867.24
2022-12-14,23,PT1H,MC-BajoPutumayo,9367.99,9407.62
2022-12-14,24,PT1H,MC-BajoPutumayo,8073.61,8136.85
2023-04-06,1,PT1H,MC-BajoPutumayo,7546.45,6321.68
2023-04-06,2,PT1H,MC-BajoPutumayo,7068.2,5957.43
2023-04-06,3,PT1H,MC-BajoPutumayo,6806.03,5777.73
2023-04-06,4,PT1H,MC-BajoPutumayo,6629.88,5682.47
2023-04-06,5,PT1H,MC-BajoPutumayo,4109.13,5784.11
2023-04-06,6,PT1H,MC-BajoPutumayo,3147.12,6284.62
2023-04-06,7,PT1H,MC-BajoPutumayo,3310.92,6850.44
2023-04-06,8,PT1H,MC-BajoPutumayo,3856.8,7597.53
2023-04-06,9,PT1H,MC-BajoPutumayo,4420.81,8547.63
2023-04-06,10,PT1H,MC-BajoPutumayo,4580.77,9271.46
2023-04-06,11,PT1H,MC-BajoPutumayo,4744.17,9742.57
2023-04-06,12,PT1H,MC-BajoPutumayo,9838.84,10067.17
2023-04-06,13,PT1H,MC-BajoPutumayo,10758.98,9809.69
2023-04-06,14,PT1H,MC-BajoPutumayo,10590.87,9987.42
2023-04-06,15,PT1H,MC-BajoPutumayo,10320.75,10581.56
2023-04-06,16,PT1H,MC-BajoPutumayo,9980.43,10769.38
2023-04-06,17,PT1H,MC-BajoPutumayo,9939.11,10787.7
2023-04-06,18,PT1H,MC-BajoPutumayo,9876.64,10629.32
2023-04-06,19,PT1H,MC-BajoPutumayo,11073.51,11491.35
2023-04-06,20,PT1H,MC-BajoPutumayo,11657.53,11752.71
2023-04-06,21,PT1H,MC-BajoPutumayo,11192.44,10891.89
2023-04-06,22,PT1H,MC-BajoPutumayo,9448.33,9668.49
2023-04-06,23,PT1H,MC-BajoPutumayo,9138.86,8214.94
2023-04-06,24,PT1H,MC-BajoPutumayo,8063.22,7180.69
2024-06-21,1,PT1H,MC-BajoPutumayo,7112.97,7850.4
2024-06-21,2,PT1H,MC-BajoPutumayo,6764.3,7280.5
2024-06-21,3,PT1H,MC-BajoPutumayo,6450.16,7036.8
2024-06-21,4,PT1H,MC-BajoPutumayo,6374.82,6603.7
2024-06-21,5,PT1H,MC-BajoPutumayo,6478.23,6735.3
2024-06-21,6,PT1H,MC-BajoPutumayo,6936.65,7059.7
2024-06-21,7,PT1H,MC-BajoPutumayo,7531.71,7380.1
2024-06-21,8,PT1H,MC-BajoPutumayo,8633.58,8423.4
2024-06-21,9,PT1H,MC-BajoPutumayo,9309.98,9395.2
2024-06-21,10,PT1H,MC-BajoPutumayo,10457.84,10170.2
2024-06-21,11,PT1H,MC-BajoPutumayo,10780.88,10759.0
2024-06-21,12,PT1H,MC-BajoPutumayo,10949.9,11146.2
2024-06-21,13,PT1H,MC-BajoPutumayo,10840.07,11169.3
2024-06-21,14,PT1H,MC-BajoPutumayo,11206.21,11051.8
2024-06-21,15,PT1H,MC-BajoPutumayo,11841.94,10836.2
2024-06-21,16,PT1H,MC-BajoPutumayo,11934.17,10701.9
2024-06-21,17,PT1H,MC-BajoPutumayo,11746.67,10693.3
2024-06-21,18,PT1H,MC-BajoPutumayo,11657.67,10745.5
2024-06-21,19,PT1H,MC-BajoPutumayo,12926.44,12347.1
2024-06-21,20,PT1H,MC-BajoPutumayo,13098.73,13366.7
2024-06-21,21,PT1H,MC-BajoPutumayo,12319.18,12849.7
2024-06-21,22,PT1H,MC-BajoPutumayo,11302.78,11646.6
2024-06-21,23,PT1H,MC-BajoPutumayo,9719.83,9537.1
2024-06-21,24,PT1H,MC-BajoPutumayo,8534.91,8101.3
2025-01-26,1,PT1H,MC-BajoPutumayo,8826.04,8441.6
2025-01-26,2,PT1H,MC-BajoPutumayo,8331.69,7871.8
2025-01-26,3,PT1H,MC-BajoPutumayo,7953.65,7360.6
2025-01-26,4,PT1H,MC-BajoPutumayo,7730.85,7131.8
2025-01-26,5,PT1H,MC-BajoPutumayo,7648.51,7160.2
2025-01-26,6,PT1H,MC-BajoPutumayo,7723.99,7168.5
2025-01-26,7,PT1H,MC-BajoPutumayo,7855.06,7210.8
2025-01-26,8,PT1H,MC-BajoPutumayo,8562.81,8038.0
2025-01-26,9,PT1H,MC-BajoPutumayo,9327.91,9037.1
2025-01-26,10,PT1H,MC-BajoPutumayo,9876.22,9986.3
2025-01-26,11,PT1H,MC-BajoPutumayo,10340.6,10724.0
2025-01-26,12,PT1H,MC-BajoPutumayo,10737.48,11283.0
2025-01-26,13,PT1H,MC-BajoPutumayo,11213.03,11328.2
2025-01-26,14,PT1H,MC-BajoPutumayo,11140.37,11763.6
2025-01-26,15,PT1H,MC-BajoPutumayo,10635.01,12002.1
2025-01-26,16,PT1H,MC-BajoPutumayo,10687.16,12083.5
2025-01-26,17,PT1H,MC-BajoPutumayo,10690.33,11962.0
2025-01-26,18,PT1H,MC-BajoPutumayo,10833.72,11965.8
2025-01-26,19,PT1H,MC-BajoPutumayo,12001.41,13128.1
2025-01-26,20,PT1H,MC-BajoPutumayo,12641.51,13619.4
2025-01-26,21,PT1H,MC-BajoPutumayo,12429.47,13102.2
2025-01-26,22,PT1H,MC-BajoPutumayo,11320.93,12300.7
2025-01-26,23,PT1H,MC-BajoPutumayo,9797.85,10978.4
2025-01-26,24,PT1H,MC-BajoPutumayo,8700.78,9673.7
2025-07-12,1,PT1H,MC-BajoPutumayo,6918.6,7275.7
2025-07-12,2,PT1H,MC-BajoPutumayo,6487.92,6826.8
2025-07-12,3,PT1H,MC-BajoPutumayo,6227.66,6535.0
2025-07-12,4,PT1H,MC-BajoPutumayo,6111.19,6325.4
2025-07-12,5,PT1H,MC-BajoPutumayo,6074.46,6221.6
2025-07-12,6,PT1H,MC-BajoPutumayo,6369.71,6404.3
2025-07-12,7,PT1H,MC-BajoPutumayo,6820.04,6802.6
2025-07-12,8,PT1H,MC-BajoPutumayo,7929.32,7407.8
2025-07-12,9,PT1H,MC-BajoPutumayo,9343.84,8374.5
2025-07-12,10,PT1H,MC-BajoPutumayo,10348.09,9067.7
2025-07-12,11,PT1H,MC-BajoPutumayo,10754.83,9335.4
2025-07-12,12,PT1H,MC-BajoPutumayo,11000.46,9877.7
2025-07-12,13,PT1H,MC-BajoPutumayo,10896.26,10197.7
2025-07-12,14,PT1H,MC-BajoPutumayo,10787.05,10126.7
2025-07-12,15,PT1H,MC-BajoPutumayo,10607.7,10339.5
2025-07-12,16,PT1H,MC-BajoPutumayo,11031.18,10600.6
2025-07-12,17,PT1H,MC-BajoPutumayo,11021.4,10595.4
2025-07-12,18,PT1H,MC-BajoPutumayo,11318.19,10625.1
2025-07-12,19,PT1H,MC-BajoPutumayo,12560.61,11454.5
2025-07-12,20,PT1H,MC-BajoPutumayo,13040.69,11777.7
2025-07-12,21,PT1H,MC-BajoPutumayo,12421.09,11014.4
2025-07-12,22,PT1H,MC-BajoPutumayo,11463.54,10190.2
2025-07-12,23,PT1H,MC-BajoPutumayo,10005.37,9139.3
2025-07-12,24,PT1H,MC-BajoPutumayo,8719.97,8116.0
2024-04-05,1,PT1H,MC-BajoPutumayo,7813.0,8245.04
2024-04-05,2,PT1H,MC-BajoPutumayo,7352.68,7811.47
2024-04-05,3,PT1H,MC-BajoPutumayo,7121.52,7537.51
2024-04-05,4,PT1H,MC-BajoPutumayo,6972.46,7397.32
2024-04-05,5,PT1H,MC-BajoPutumayo,7021.41,7434.6
2024-04-05,6,PT1H,MC-BajoPutumayo,7600.72,7923.8
2024-04-05,7,PT1H,MC-BajoPutumayo,8189.91,8309.21
2024-04-05,8,PT1H,MC-BajoPutumayo,8849.72,9117.86
2024-04-05,9,PT1H,MC-BajoPutumayo,9990.89,10323.16
2024-04-05,10,PT1H,MC-BajoPutumayo,10726.09,11260.27
2024-04-05,11,PT1H,MC-BajoPutumayo,11522.11,11810.73
2024-04-05,12,PT1H,MC-BajoPutumayo,11988.71,12323.68
2024-04-05,13,PT1H,MC-BajoPutumayo,11540.42,11937.72
2024-04-05,14,PT1H,MC-BajoPutumayo,11573.46,11963.52
2024-04-05,15,PT1H,MC-BajoPutumayo,12323.48,12128.04
2024-04-05,16,PT1H,MC-BajoPutumayo,12874.49,12226.05
2024-04-05,17,PT1H,MC-BajoPutumayo,12990.09,12279.17
2024-04-05,18,PT1H,MC-BajoPutumayo,12803.83,12165.76
2024-04-05,19,PT1H,MC-BajoPutumayo,13734.09,13196.75
2024-04-05,20,PT1H,MC-BajoPutumayo,13965.82,14162.44
2024-04-05,21,PT1H,MC-BajoPutumayo,13221.43,13409.33
2024-04-05,22,PT1H,MC-BajoPutumayo,12124.35,12297.45
2024-04-05,23,PT1H,MC-BajoPutumayo,10617.8,10741.93
2024-04-05,24,PT1H,MC-BajoPutumayo,9344.16,9254.66
2022-05-30,1,PT1H,MC-BajoPutumayo,6813.48,6852.76
2022-05-30,2,PT1H,MC-BajoPutumayo,6423.84,6388.69
2022-05-30,3,PT1H,MC-BajoPutumayo,6216.81,6154.66
2022-05-30,4,PT1H,MC-BajoPutumayo,6013.29,5863.56
2022-05-30,5,PT1H,MC-BajoPutumayo,6066.86,5892.71
2022-05-30,6,PT1H,MC-BajoPutumayo,6345.35,6578.26
2022-05-30,7,PT1H,MC-BajoPutumayo,6495.99,7102.61
2022-05-30,8,PT1H,MC-BajoPutumayo,7358.61,7678.25
2022-05-30,9,PT1H,MC-BajoPutumayo,8398.42,8436.43
2022-05-30,10,PT1H,MC-BajoPutumayo,8950.92,9009.21
2022-05-30,11,PT1H,MC-BajoPutumayo,9174.49,9641.57
2022-05-30,12,PT1H,MC-BajoPutumayo,10716.55,10040.97
2022-05-30,13,PT1H,MC-BajoPutumayo,10069.51,9527.31
2022-05-30,14,PT1H,MC-BajoPutumayo,9522.4,9389.86
2022-05-30,15,PT1H,MC-BajoPutumayo,10390.64,9818.41
2022-05-30,16,PT1H,MC-BajoPutumayo,10154.39,10077.65
2022-05-30,17,PT1H,MC-BajoPutumayo,10155.99,10152.16
2022-05-30,18,PT1H,MC-BajoPutumayo,10126.0,10326.61
2022-05-30,19,PT1H,MC-BajoPutumayo,11417.63,11390.75
2022-05-30,20,PT1H,MC-BajoPutumayo,11940.08,11747.3
2022-05-30,21,PT1H,MC-BajoPutumayo,11161.66,11160.88
2022-05-30,22,PT1H,MC-BajoPutumayo,9773.03,10066.53
2022-05-30,23,PT1H,MC-BajoPutumayo,8414.61,8487.0
2022-05-30,24,PT1H,MC-BajoPutumayo,7339.43,7111.25
2023-06-11,1,PT1H,MC-BajoPutumayo,7457.67,7906.5
2023-06-11,2,PT1H,MC-BajoPutumayo,6995.52,7393.56
2023-06-11,3,PT1H,MC-BajoPutumayo,6677.66,7015.98
2023-06-11,4,PT1H,MC-BajoPutumayo,6500.23,6734.62
2023-06-11,5,PT1H,MC-BajoPutumayo,6345.91,6589.87
2023-06-11,6,PT1H,MC-BajoPutumayo,6405.93,6616.84
2023-06-11,7,PT1H,MC-BajoPutumayo,6702.98,6805.49
2023-06-11,8,PT1H,MC-BajoPutumayo,7730.53,7491.6
2023-06-11,9,PT1H,MC-BajoPutumayo,8708.86,8499.27
2023-06-11,10,PT1H,MC-BajoPutumayo,9280.39,9221.46
2023-06-11,11,PT1H,MC-BajoPutumayo,9833.76,9936.74
2023-06-11,12,PT1H,MC-BajoPutumayo,10399.87,10358.45
2023-06-11,13,PT1H,MC-BajoPutumayo,10958.78,10239.86
2023-06-11,14,PT1H,MC-BajoPutumayo,10970.2,10279.72
2023-06-11,15,PT1H,MC-BajoPutumayo,10501.39,10382.88
2023-06-11,16,PT1H,MC-BajoPutumayo,10272.76,10771.13
2023-06-11,17,PT1H,MC-BajoPutumayo,10009.78,10504.15
2023-06-11,18,PT1H,MC-BajoPutumayo,10083.08,10600.52
2023-06-11,19,PT1H,MC-BajoPutumayo,11140.02,11921.43
2023-06-11,20,PT1H,MC-BajoPutumayo,11317.61,12263.33
2023-06-11,21,PT1H,MC-BajoPutumayo,10568.2,11676.75
2023-06-11,22,PT1H,MC-BajoPutumayo,9635.05,10809.35
2023-06-11,23,PT1H,MC-BajoPutumayo,8453.11,9643.25
2023-06-11,24,PT1H,MC-BajoPutumayo,7353.49,8487.26
2023-02-23,1,PT1H,MC-BajoPutumayo,7614.0,7926.72
2023-02-23,2,PT1H,MC-BajoPutumayo,7049.56,7452.52
2023-02-23,3,PT1H,MC-BajoPutumayo,6832.9,7196.02
2023-02-23,4,PT1H,MC-BajoPutumayo,6714.43,7019.79
2023-02-23,5,PT1H,MC-BajoPutumayo,6735.96,7037.73
2023-02-23,6,PT1H,MC-BajoPutumayo,7464.43,7580.38
2023-02-23,7,PT1H,MC-BajoPutumayo,8093.27,8099.61
2023-02-23,8,PT1H,MC-BajoPutumayo,8703.24,8974.77
2023-02-23,9,PT1H,MC-BajoPutumayo,9774.17,10112.16
2023-02-23,10,PT1H,MC-BajoPutumayo,10505.18,10874.61
2023-02-23,11,PT1H,MC-BajoPutumayo,10996.03,11658.17
2023-02-23,12,PT1H,MC-BajoPutumayo,11443.85,12107.41
2023-02-23,13,PT1H,MC-BajoPutumayo,10220.1,11762.96
2023-02-23,14,PT1H,MC-BajoPutumayo,10675.85,12091.93
2023-02-23,15,PT1H,MC-BajoPutumayo,11553.08,12896.05
2023-02-23,16,PT1H,MC-BajoPutumayo,11857.86,13136.75
2023-02-23,17,PT1H,MC-BajoPutumayo,11773.53,13151.26
2023-02-23,18,PT1H,MC-BajoPutumayo,11372.06,12785.94
2023-02-23,19,PT1H,MC-BajoPutumayo,11897.66,13454.08
2023-02-23,20,PT1H,MC-BajoPutumayo,13714.42,14102.53
2023-02-23,21,PT1H,MC-BajoPutumayo,13107.03,13268.42
2023-02-23,22,PT1H,MC-BajoPutumayo,11795.26,12102.46
2023-02-23,23,PT1H,MC-BajoPutumayo,10009.06,10420.93
2023-02-23,24,PT1H,MC-BajoPutumayo,8675.53,8951.69
2024-08-09,1,PT1H,MC-BajoPutumayo,8697.34,6572.2
2024-08-09,2,PT1H,MC-BajoPutumayo,8285.99,6233.6
2024-08-09,3,PT1H,MC-BajoPutumayo,8064.89,6092.7
2024-08-09,4,PT1H,MC-BajoPutumayo,7844.04,6092.3
2024-08-09,5,PT1H,MC-BajoPutumayo,7824.87,6243.9
2024-08-09,6,PT1H,MC-BajoPutumayo,8434.34,6678.3
2024-08-09,7,PT1H,MC-BajoPutumayo,8923.16,7398.3
2024-08-09,8,PT1H,MC-BajoPutumayo,9941.05,8307.4
2024-08-09,9,PT1H,MC-BajoPutumayo,10874.59,9200.4
2024-08-09,10,PT1H,MC-BajoPutumayo,11537.68,10061.6
2024-08-09,11,PT1H,MC-BajoPutumayo,11899.61,10756.7
2024-08-09,12,PT1H,MC-BajoPutumayo,12093.26,11031.2
2024-08-09,13,PT1H,MC-BajoPutumayo,12275.32,11170.3
2024-08-09,14,PT1H,MC-BajoPutumayo,12970.22,11460.4
2024-08-09,15,PT1H,MC-BajoPutumayo,13071.27,12176.1
2024-08-09,16,PT1H,MC-BajoPutumayo,11205.21,12224.9
2024-08-09,17,PT1H,MC-BajoPutumayo,11963.26,12220.6
2024-08-09,18,PT1H,MC-BajoPutumayo,12135.59,12127.5
2024-08-09,19,PT1H,MC-BajoPutumayo,12725.84,13222.9
2024-08-09,20,PT1H,MC-BajoPutumayo,12578.12,13171.3
2024-08-09,21,PT1H,MC-BajoPutumayo,11888.4,12318.2
2024-08-09,22,PT1H,MC-BajoPutumayo,10594.86,11050.1
2024-08-09,23,PT1H,MC-BajoPutumayo,9062.27,9639.4
2024-08-09,24,PT1H,MC-BajoPutumayo,8020.67,8410.9
2023-03-26,1,PT1H,MC-BajoPutumayo,8175.38,7726.94
2023-03-26,2,PT1H,MC-BajoPutumayo,7501.55,7179.1
2023-03-26,3,PT1H,MC-BajoPutumayo,7164.68,6774.36
2023-03-26,4,PT1H,MC-BajoPutumayo,6971.97,6612.33
2023-03-26,5,PT1H,MC-BajoPutumayo,6807.96,6474.74
2023-03-26,6,PT1H,MC-BajoPutumayo,6974.02,6580.82
2023-03-26,7,PT1H,MC-BajoPutumayo,7243.47,6810.71
2023-03-26,8,PT1H,MC-BajoPutumayo,8386.27,7745.21
2023-03-26,9,PT1H,MC-BajoPutumayo,9327.96,8866.01
2023-03-26,10,PT1H,MC-BajoPutumayo,9895.34,9464.17
2023-03-26,11,PT1H,MC-BajoPutumayo,10282.87,10169.02
2023-03-26,12,PT1H,MC-BajoPutumayo,10680.51,10658.61
2023-03-26,13,PT1H,MC-BajoPutumayo,10665.69,10710.92
2023-03-26,14,PT1H,MC-BajoPutumayo,10542.85,10594.2
2023-03-26,15,PT1H,MC-BajoPutumayo,10299.64,10606.97
2023-03-26,16,PT1H,MC-BajoPutumayo,10222.1,10527.41
2023-03-26,17,PT1H,MC-BajoPutumayo,10148.16,10517.24
2023-03-26,18,PT1H,MC-BajoPutumayo,10517.95,10488.21
2023-03-26,19,PT1H,MC-BajoPutumayo,11706.69,11668.84
2023-03-26,20,PT1H,MC-BajoPutumayo,11800.95,12584.13
2023-03-26,21,PT1H,MC-BajoPutumayo,11069.86,11931.47
2023-03-26,22,PT1H,MC-BajoPutumayo,10368.33,10830.01
2023-03-26,23,PT1H,MC-BajoPutumayo,8875.72,9435.28
2023-03-26,24,PT1H,MC-BajoPutumayo,7821.44,8277.82
2025-12-15,1,PT1H,MC-BajoPutumayo,10129.53,9889.9
2025-12-15,2,PT1H,MC-BajoPutumayo,9383.55,9406.1
2025-12-15,3,PT1H,MC-BajoPutumayo,8990.03,9050.0
2025-12-15,4,PT1H,MC-BajoPutumayo,8961.4,8778.3
2025-12-15,5,PT1H,MC-BajoPutumayo,8872.32,8737.4
2025-12-15,6,PT1H,MC-BajoPutumayo,9082.61,8924.1
2025-12-15,7,PT1H,MC-BajoPutumayo,9636.19,9773.4
2025-12-15,8,PT1H,MC-BajoPutumayo,11361.62,10802.1
2025-12-15,9,PT1H,MC-BajoPutumayo,13631.28,12125.7
2025-12-15,10,PT1H,MC-BajoPutumayo,13791.25,13037.9
2025-12-15,11,PT1H,MC-BajoPutumayo,14261.86,13477.9
2025-12-15,12,PT1H,MC-BajoPutumayo,14841.28,13988.7
2025-12-15,13,PT1H,MC-BajoPutumayo,14584.86,14038.3
2025-12-15,14,PT1H,MC-BajoPutumayo,15048.06,14244.3
2025-12-15,15,PT1H,MC-BajoPutumayo,15877.49,14662.5
2025-12-15,16,PT1H,MC-BajoPutumayo,16145.99,14618.5
2025-12-15,17,PT1H,MC-BajoPutumayo,16052.61,14544.9
2025-12-15,18,PT1H,MC-BajoPutumayo,15876.33,15094.4
2025-12-15,19,PT1H,MC-BajoPutumayo,16868.53,16650.4
2025-12-15,20,PT1H,MC-BajoPutumayo,17089.45,16425.7
2025-12-15,21,PT1H,MC-BajoPutumayo,16347.32,15670.9
2025-12-15,22,PT1H,MC-BajoPutumayo,14476.78,14224.2
2025-12-15,23,PT1H,MC-BajoPutumayo,12741.76,12318.0
2025-12-15,24,PT1H,MC-BajoPutumayo,11252.47,10761.7
2023-07-04,1,PT1H,MC-BajoPutumayo,7607.88,7219.47
2023-07-04,2,PT1H,MC-BajoPutumayo,7042.22,6828.79
2023-07-04,3,PT1H,MC-BajoPutumayo,6782.02,6681.68
2023-07-04,4,PT1H,MC-BajoPutumayo,6611.0,6454.26
2023-07-04,5,PT1H,MC-BajoPutumayo,6626.13,6634.7
2023-07-04,6,PT1H,MC-BajoPutumayo,6921.31,6716.66
2023-07-04,7,PT1H,MC-BajoPutumayo,7293.91,7547.18
2023-07-04,8,PT1H,MC-BajoPutumayo,8340.9,8777.0
2023-07-04,9,PT1H,MC-BajoPutumayo,9882.26,9486.85
2023-07-04,10,PT1H,MC-BajoPutumayo,10880.55,10056.42
2023-07-04,11,PT1H,MC-BajoPutumayo,11971.94,10532.58
2023-07-04,12,PT1H,MC-BajoPutumayo,12563.49,11090.95
2023-07-04,13,PT1H,MC-BajoPutumayo,12166.19,11078.02
2023-07-04,14,PT1H,MC-BajoPutumayo,12303.51,11368.27
2023-07-04,15,PT1H,MC-BajoPutumayo,12943.72,11925.76
2023-07-04,16,PT1H,MC-BajoPutumayo,13052.6,12174.9
2023-07-04,17,PT1H,MC-BajoPutumayo,12985.84,11767.88
2023-07-04,18,PT1H,MC-BajoPutumayo,12642.47,11447.43
2023-07-04,19,PT1H,MC-BajoPutumayo,13372.14,13520.69
2023-07-04,20,PT1H,MC-BajoPutumayo,13587.25,14364.3
2023-07-04,21,PT1H,MC-BajoPutumayo,12752.23,13499.93
2023-07-04,22,PT1H,MC-BajoPutumayo,11581.75,11920.97
2023-07-04,23,PT1H,MC-BajoPutumayo,9927.05,10046.33
2023-07-04,24,PT1H,MC-BajoPutumayo,8612.19,8426.78
2022-02-15,1,PT1H,MC-BajoPutumayo,6388.41,7344.26
2022-02-15,2,PT1H,MC-BajoPutumayo,6070.64,6957.66
2022-02-15,3,PT1H,MC-BajoPutumayo,5889.24,6638.52
2022-02-15,4,PT1H,MC-BajoPutumayo,5837.41,6547.27
2022-02-15,5,PT1H,MC-BajoPutumayo,5909.38,6584.7
2022-02-15,6,PT1H,MC-BajoPutumayo,6253.6,6992.29
2022-02-15,7,PT1H,MC-BajoPutumayo,7107.65,7463.48
2022-02-15,8,PT1H,MC-BajoPutumayo,7725.31,8192.38
2022-02-15,9,PT1H,MC-BajoPutumayo,8810.96,9417.95
2022-02-15,10,PT1H,MC-BajoPutumayo,9372.93,10146.25
2022-02-15,11,PT1H,MC-BajoPutumayo,9935.98,10581.73
2022-02-15,12,PT1H,MC-BajoPutumayo,10509.61,11068.87
2022-02-15,13,PT1H,MC-BajoPutumayo,10312.18,10674.07
2022-02-15,14,PT1H,MC-BajoPutumayo,10565.81,10502.97
2022-02-15,15,PT1H,MC-BajoPutumayo,11309.44,10684.59
2022-02-15,16,PT1H,MC-BajoPutumayo,11686.57,11113.19
2022-02-15,17,PT1H,MC-BajoPutumayo,11874.03,11159.65
2022-02-15,18,PT1H,MC-BajoPutumayo,11659.46,11596.61
2022-02-15,19,PT1H,MC-BajoPutumayo,12370.11,12508.27
2022-02-15,20,PT1H,MC-BajoPutumayo,13087.0,12964.67
2022-02-15,21,PT1H,MC-BajoPutumayo,12347.86,12247.26
2022-02-15,22,PT1H,MC-BajoPutumayo,11188.76,11343.24
2022-02-15,23,PT1H,MC-BajoPutumayo,9760.88,9775.8
2022-02-15,24,PT1H,MC-BajoPutumayo,8054.4,8059.11
2023-06-09,1,PT1H,MC-BajoPutumayo,7126.99,7807.12
2023-06-09,2,PT1H,MC-BajoPutumayo,6679.72,7309.85
2023-06-09,3,PT1H,MC-BajoPutumayo,6482.53,7057.14
2023-06-09,4,PT1H,MC-BajoPutumayo,6399.8,6791.11
2023-06-09,5,PT1H,MC-BajoPutumayo,6397.15,6811.08
2023-06-09,6,PT1H,MC-BajoPutumayo,6939.44,7172.52
2023-06-09,7,PT1H,MC-BajoPutumayo,7691.4,7751.83
2023-06-09,8,PT1H,MC-BajoPutumayo,8493.35,8544.84
2023-06-09,9,PT1H,MC-BajoPutumayo,9505.58,9647.3
2023-06-09,10,PT1H,MC-BajoPutumayo,10205.44,10251.99
2023-06-09,11,PT1H,MC-BajoPutumayo,11220.09,10682.76
2023-06-09,12,PT1H,MC-BajoPutumayo,11728.75,10851.02
2023-06-09,13,PT1H,MC-BajoPutumayo,11327.41,10368.39
2023-06-09,14,PT1H,MC-BajoPutumayo,11413.82,10382.34
2023-06-09,15,PT1H,MC-BajoPutumayo,12368.04,11134.58
2023-06-09,16,PT1H,MC-BajoPutumayo,12970.84,11594.53
2023-06-09,17,PT1H,MC-BajoPutumayo,12969.07,11676.35
2023-06-09,18,PT1H,MC-BajoPutumayo,12594.78,11589.46
2023-06-09,19,PT1H,MC-BajoPutumayo,13457.17,12683.63
2023-06-09,20,PT1H,MC-BajoPutumayo,13686.95,12926.63
2023-06-09,21,PT1H,MC-BajoPutumayo,12723.9,12172.94
2023-06-09,22,PT1H,MC-BajoPutumayo,11543.11,11061.84
2023-06-09,23,PT1H,MC-BajoPutumayo,9989.48,9603.77
2023-06-09,24,PT1H,MC-BajoPutumayo,8820.12,8363.18
2022-06-20,1,PT1H,MC-BajoPutumayo,7112.56,6779.68
2022-06-20,2,PT1H,MC-BajoPutumayo,6639.73,6351.5
2022-06-20,3,PT1H,MC-BajoPutumayo,6466.32,6138.23
2022-06-20,4,PT1H,MC-BajoPutumayo,6297.01,5981.09
2022-06-20,5,PT1H,MC-BajoPutumayo,6273.82,5984.11
2022-06-20,6,PT1H,MC-BajoPutumayo,6435.11,6395.73
2022-06-20,7,PT1H,MC-BajoPutumayo,6228.26,6982.23
2022-06-20,8,PT1H,MC-BajoPutumayo,7471.55,7554.1
2022-06-20,9,PT1H,MC-BajoPutumayo,7917.7,8442.94
2022-06-20,10,PT1H,MC-BajoPutumayo,9645.94,8734.82
2022-06-20,11,PT1H,MC-BajoPutumayo,9465.63,9675.93
2022-06-20,12,PT1H,MC-BajoPutumayo,9878.43,9991.89
2022-06-20,13,PT1H,MC-BajoPutumayo,9912.94,9728.36
2022-06-20,14,PT1H,MC-BajoPutumayo,9873.26,9895.5
2022-06-20,15,PT1H,MC-BajoPutumayo,9738.3,10134.05
2022-06-20,16,PT1H,MC-BajoPutumayo,9790.74,10082.61
2022-06-20,17,PT1H,MC-BajoPutumayo,9778.14,10385.24
2022-06-20,18,PT1H,MC-BajoPutumayo,9861.88,10317.97
2022-06-20,19,PT1H,MC-BajoPutumayo,11051.05,11448.18
2022-06-20,20,PT1H,MC-BajoPutumayo,11664.02,11851.33
2022-06-20,21,PT1H,MC-BajoPutumayo,10532.23,11164.18
2022-06-20,22,PT1H,MC-BajoPutumayo,10124.48,9860.79
2022-06-20,23,PT1H,MC-BajoPutumayo,8432.58,8489.35
2022-06-20,24,PT1H,MC-BajoPutumayo,7603.45,7192.3
2023-03-24,1,PT1H,MC-BajoPutumayo,8062.25,7165.67
2023-03-24,2,PT1H,MC-BajoPutumayo,7710.17,6787.11
2023-03-24,3,PT1H,MC-BajoPutumayo,7396.55,6629.43
2023-03-24,4,PT1H,MC-BajoPutumayo,7160.08,6541.84
2023-03-24,5,PT1H,MC-BajoPutumayo,7097.03,6575.81
2023-03-24,6,PT1H,MC-BajoPutumayo,7623.52,7437.88
2023-03-24,7,PT1H,MC-BajoPutumayo,8301.21,8277.52
2023-03-24,8,PT1H,MC-BajoPutumayo,8937.7,9150.98
2023-03-24,9,PT1H,MC-BajoPutumayo,6683.91,9670.64
2023-03-24,10,PT1H,MC-BajoPutumayo,4951.07,10507.25
2023-03-24,11,PT1H,MC-BajoPutumayo,4536.93,11571.18
2023-03-24,12,PT1H,MC-BajoPutumayo,5185.59,13006.19
2023-03-24,13,PT1H,MC-BajoPutumayo,5121.7,12376.63
2023-03-24,14,PT1H,MC-BajoPutumayo,11304.57,12367.61
2023-03-24,15,PT1H,MC-BajoPutumayo,13275.69,13204.99
2023-03-24,16,PT1H,MC-BajoPutumayo,13375.63,13286.1
2023-03-24,17,PT1H,MC-BajoPutumayo,13319.59,12983.22
2023-03-24,18,PT1H,MC-BajoPutumayo,12831.38,12718.26
2023-03-24,19,PT1H,MC-BajoPutumayo,13806.47,13455.77
2023-03-24,20,PT1H,MC-BajoPutumayo,14010.14,13492.15
2023-03-24,21,PT1H,MC-BajoPutumayo,13149.73,12275.81
2023-03-24,22,PT1H,MC-BajoPutumayo,11882.72,10974.75
2023-03-24,23,PT1H,MC-BajoPutumayo,10432.42,9544.12
2023-03-24,24,PT1H,MC-BajoPutumayo,9177.2,8203.0
2025-02-18,1,PT1H,MC-BajoPutumayo,8926.07,7818.3
2025-02-18,2,PT1H,MC-BajoPutumayo,8438.03,7386.6
2025-02-18,3,PT1H,MC-BajoPutumayo,8150.89,6823.2
2025-02-18,4,PT1H,MC-BajoPutumayo,7965.76,6734.1
2025-02-18,5,PT1H,MC-BajoPutumayo,7988.96,6965.7
2025-02-18,6,PT1H,MC-BajoPutumayo,8384.32,7341.1
2025-02-18,7,PT1H,MC-BajoPutumayo,9013.33,7749.6
2025-02-18,8,PT1H,MC-BajoPutumayo,9697.71,8472.5
2025-02-18,9,PT1H,MC-BajoPutumayo,10472.66,9746.7
2025-02-18,10,PT1H,MC-BajoPutumayo,10731.53,10496.1
2025-02-18,11,PT1H,MC-BajoPutumayo,10739.64,11357.4
2025-02-18,12,PT1H,MC-BajoPutumayo,10703.37,11880.9
2025-02-18,13,PT1H,MC-BajoPutumayo,10367.99,11521.3
2025-02-18,14,PT1H,MC-BajoPutumayo,10784.31,11743.7
2025-02-18,15,PT1H,MC-BajoPutumayo,11962.22,12489.1
2025-02-18,16,PT1H,MC-BajoPutumayo,12413.97,12705.4
2025-02-18,17,PT1H,MC-BajoPutumayo,12325.7,12594.4
2025-02-18,18,PT1H,MC-BajoPutumayo,12143.94,12234.9
2025-02-18,19,PT1H,MC-BajoPutumayo,13176.18,12882.9
2025-02-18,20,PT1H,MC-BajoPutumayo,13816.44,13315.7
2025-02-18,21,PT1H,MC-BajoPutumayo,12994.81,12598.1
2025-02-18,22,PT1H,MC-BajoPutumayo,11606.51,11498.3
2025-02-18,23,PT1H,MC-BajoPutumayo,9982.08,10039.7
2025-02-18,24,PT1H,MC-BajoPutumayo,8321.89,8836.5
2023-05-13,1,PT1H,MC-BajoPutumayo,7568.51,6661.19
2023-05-13,2,PT1H,MC-BajoPutumayo,7113.39,6356.71
2023-05-13,3,PT1H,MC-BajoPutumayo,6839.55,6182.25
2023-05-13,4,PT1H,MC-BajoPutumayo,6651.38,6207.8
2023-05-13,5,PT1H,MC-BajoPutumayo,6650.83,6233.35
2023-05-13,6,PT1H,MC-BajoPutumayo,6839.07,6557.64
2023-05-13,7,PT1H,MC-BajoPutumayo,7103.61,7191.51
2023-05-13,8,PT1H,MC-BajoPutumayo,8012.48,8352.92
2023-05-13,9,PT1H,MC-BajoPutumayo,9306.75,9144.43
2023-05-13,10,PT1H,MC-BajoPutumayo,10109.35,9868.84
2023-05-13,11,PT1H,MC-BajoPutumayo,10493.78,10347.5
2023-05-13,12,PT1H,MC-BajoPutumayo,10826.49,10826.29
2023-05-13,13,PT1H,MC-BajoPutumayo,10643.24,10677.98
2023-05-13,14,PT1H,MC-BajoPutumayo,10185.21,10863.67
2023-05-13,15,PT1H,MC-BajoPutumayo,9907.68,11430.62
2023-05-13,16,PT1H,MC-BajoPutumayo,9943.36,11759.85
2023-05-13,17,PT1H,MC-BajoPutumayo,10156.57,11355.46
2023-05-13,18,PT1H,MC-BajoPutumayo,10587.73,11149.49
2023-05-13,19,PT1H,MC-BajoPutumayo,12053.62,13074.86
2023-05-13,20,PT1H,MC-BajoPutumayo,12167.49,13761.88
2023-05-13,21,PT1H,MC-BajoPutumayo,11459.82,12850.66
2023-05-13,22,PT1H,MC-BajoPutumayo,10576.04,11366.08
2023-05-13,23,PT1H,MC-BajoPutumayo,9475.86,9406.6
2023-05-13,24,PT1H,MC-BajoPutumayo,8411.7,7834.79
2023-03-11,1,PT1H,MC-BajoPutumayo,7194.97,7434.98
2023-03-11,2,PT1H,MC-BajoPutumayo,6826.16,6882.8
2023-03-11,3,PT1H,MC-BajoPutumayo,6602.0,6351.75
2023-03-11,4,PT1H,MC-BajoPutumayo,6475.9,6462.23
2023-03-11,5,PT1H,MC-BajoPutumayo,6427.92,6322.34
2023-03-11,6,PT1H,MC-BajoPutumayo,6655.24,6496.91
2023-03-11,7,PT1H,MC-BajoPutumayo,7063.66,6843.52
2023-03-11,8,PT1H,MC-BajoPutumayo,7990.58,7863.82
2023-03-11,9,PT1H,MC-BajoPutumayo,9239.21,9172.39
2023-03-11,10,PT1H,MC-BajoPutumayo,9882.33,9999.52
2023-03-11,11,PT1H,MC-BajoPutumayo,10291.17,10726.74
2023-03-11,12,PT1H,MC-BajoPutumayo,10383.52,11292.25
2023-03-11,13,PT1H,MC-BajoPutumayo,10318.93,11151.44
2023-03-11,14,PT1H,MC-BajoPutumayo,10173.1,11015.23
2023-03-11,15,PT1H,MC-BajoPutumayo,10139.5,11220.58
2023-03-11,16,PT1H,MC-BajoPutumayo,10192.1,11364.83
2023-03-11,17,PT1H,MC-BajoPutumayo,10111.77,11364.6
2023-03-11,18,PT1H,MC-BajoPutumayo,10374.46,11137.66
2023-03-11,19,PT1H,MC-BajoPutumayo,11568.84,11988.68
2023-03-11,20,PT1H,MC-BajoPutumayo,11953.13,12752.42
2023-03-11,21,PT1H,MC-BajoPutumayo,11197.84,12054.83
2023-03-11,22,PT1H,MC-BajoPutumayo,10239.44,11117.45
2023-03-11,23,PT1H,MC-BajoPutumayo,8979.05,9897.08
2023-03-11,24,PT1H,MC-BajoPutumayo,7881.91,8777.78
2022-04-16,1,PT1H,MC-BajoPutumayo,7382.76,7267.79
2022-04-16,2,PT1H,MC-BajoPutumayo,7097.16,6741.24
2022-04-16,3,PT1H,MC-BajoPutumayo,6589.93,6515.15
2022-04-16,4,PT1H,MC-BajoPutumayo,6429.46,6348.85
2022-04-16,5,PT1H,MC-BajoPutumayo,6359.62,6302.62
2022-04-16,6,PT1H,MC-BajoPutumayo,6575.51,6597.51
2022-04-16,7,PT1H,MC-BajoPutumayo,6538.48,7098.8
2022-04-16,8,PT1H,MC-BajoPutumayo,7038.43,8006.25
2022-04-16,9,PT1H,MC-BajoPutumayo,9509.25,9029.88
2022-04-16,10,PT1H,MC-BajoPutumayo,9782.51,9797.15
2022-04-16,11,PT1H,MC-BajoPutumayo,10435.17,10188.46
2022-04-16,12,PT1H,MC-BajoPutumayo,10700.85,10388.62
2022-04-16,13,PT1H,MC-BajoPutumayo,10234.26,10238.16
2022-04-16,14,PT1H,MC-BajoPutumayo,10177.98,10267.73
2022-04-16,15,PT1H,MC-BajoPutumayo,10212.14,10405.42
2022-04-16,16,PT1H,MC-BajoPutumayo,7828.22,10443.89
2022-04-16,17,PT1H,MC-BajoPutumayo,5688.45,10413.94
2022-04-16,18,PT1H,MC-BajoPutumayo,10874.41,10441.2
2022-04-16,19,PT1H,MC-BajoPutumayo,12010.06,11510.6
2022-04-16,20,PT1H,MC-BajoPutumayo,12149.09,12166.05
2022-04-16,21,PT1H,MC-BajoPutumayo,11397.37,11371.73
2022-04-16,22,PT1H,MC-BajoPutumayo,10631.21,10327.13
2022-04-16,23,PT1H,MC-BajoPutumayo,9405.96,9124.6
2022-04-16,24,PT1H,MC-BajoPutumayo,8299.96,8063.71
2025-03-21,1,PT1H,MC-BajoPutumayo,7735.61,7478.3
2025-03-21,2,PT1H,MC-BajoPutumayo,7342.44,7024.5
2025-03-21,3,PT1H,MC-BajoPutumayo,7058.1,6753.6
2025-03-21,4,PT1H,MC-BajoPutumayo,6966.6,6711.6
2025-03-21,5,PT1H,MC-BajoPutumayo,7016.2,6787.3
2025-03-21,6,PT1H,MC-BajoPutumayo,7632.2,7402.0
2025-03-21,7,PT1H,MC-BajoPutumayo,8238.46,8136.6
2025-03-21,8,PT1H,MC-BajoPutumayo,9073.11,8887.6
2025-03-21,9,PT1H,MC-BajoPutumayo,10540.38,9950.8
2025-03-21,10,PT1H,MC-BajoPutumayo,11307.24,10550.1
2025-03-21,11,PT1H,MC-BajoPutumayo,11940.98,11292.9
2025-03-21,12,PT1H,MC-BajoPutumayo,12509.01,11809.4
2025-03-21,13,PT1H,MC-BajoPutumayo,11806.98,11797.7
2025-03-21,14,PT1H,MC-BajoPutumayo,11436.1,12150.3
2025-03-21,15,PT1H,MC-BajoPutumayo,12254.06,12951.2
2025-03-21,16,PT1H,MC-BajoPutumayo,12434.54,13100.9
2025-03-21,17,PT1H,MC-BajoPutumayo,11917.77,13319.4
2025-03-21,18,PT1H,MC-BajoPutumayo,11868.21,13055.5
2025-03-21,19,PT1H,MC-BajoPutumayo,13110.12,13683.9
2025-03-21,20,PT1H,MC-BajoPutumayo,13430.02,14206.1
2025-03-21,21,PT1H,MC-BajoPutumayo,12701.47,13297.4
2025-03-21,22,PT1H,MC-BajoPutumayo,11311.66,12062.0
2025-03-21,23,PT1H,MC-BajoPutumayo,9743.59,10489.9
2025-03-21,24,PT1H,MC-BajoPutumayo,8535.36,9171.0
2024-01-10,1,PT1H,MC-BajoPutumayo,8187.6,8027.29
2024-01-10,2,PT1H,MC-BajoPutumayo,7659.95,7459.26
2024-01-10,3,PT1H,MC-BajoPutumayo,7371.82,7169.19
2024-01-10,4,PT1H,MC-BajoPutumayo,7233.32,7008.39
2024-01-10,5,PT1H,MC-BajoPutumayo,7251.85,7075.41
2024-01-10,6,PT1H,MC-BajoPutumayo,7512.95,7317.6
2024-01-10,7,PT1H,MC-BajoPutumayo,3813.02,3259.19
2024-01-10,8,PT1H,MC-BajoPutumayo,4188.51,3860.91
2024-01-10,9,PT1H,MC-BajoPutumayo,4663.25,9202.59
2024-01-10,10,PT1H,MC-BajoPutumayo,6618.93,10299.05
2024-01-10,11,PT1H,MC-BajoPutumayo,10376.89,10819.91
2024-01-10,12,PT1H,MC-BajoPutumayo,10936.59,11574.16
2024-01-10,13,PT1H,MC-BajoPutumayo,10465.54,12514.91
2024-01-10,14,PT1H,MC-BajoPutumayo,10905.27,12600.56
2024-01-10,15,PT1H,MC-BajoPutumayo,13933.29,13111.12
2024-01-10,16,PT1H,MC-BajoPutumayo,14161.82,13177.05
2024-01-10,17,PT1H,MC-BajoPutumayo,11901.59,13391.39
2024-01-10,18,PT1H,MC-BajoPutumayo,11336.63,13078.87
2024-01-10,19,PT1H,MC-BajoPutumayo,13861.07,14114.63
2024-01-10,20,PT1H,MC-BajoPutumayo,13132.45,14245.15
2024-01-10,21,PT1H,MC-BajoPutumayo,14267.98,13588.16
2024-01-10,22,PT1H,MC-BajoPutumayo,13063.77,12450.76
2024-01-10,23,PT1H,MC-BajoPutumayo,11600.1,10999.92
2024-01-10,24,PT1H,MC-BajoPutumayo,10281.34,9565.19
2023-12-13,1,PT1H,MC-BajoPutumayo,8546.83,7494.85
2023-12-13,2,PT1H,MC-BajoPutumayo,7921.29,6942.62
2023-12-13,3,PT1H,MC-BajoPutumayo,7622.42,6684.87
2023-12-13,4,PT1H,MC-BajoPutumayo,7433.31,6568.47
2023-12-13,5,PT1H,MC-BajoPutumayo,7510.11,6612.28
2023-12-13,6,PT1H,MC-BajoPutumayo,7826.68,7044.97
2023-12-13,7,PT1H,MC-BajoPutumayo,517.25,0.0
2023-12-13,8,PT1H,MC-BajoPutumayo,0.02,0.0
2023-12-13,9,PT1H,MC-BajoPutumayo,0.01,0.0
2023-12-13,10,PT1H,MC-BajoPutumayo,0.0,0.0
2023-12-13,11,PT1H,MC-BajoPutumayo,2.94,0.0
2023-12-13,12,PT1H,MC-BajoPutumayo,6132.12,0.0
2023-12-13,13,PT1H,MC-BajoPutumayo,8937.31,0.0
2023-12-13,14,PT1H,MC-BajoPutumayo,9227.76,0.0
2023-12-13,15,PT1H,MC-BajoPutumayo,10031.37,0.0
2023-12-13,16,PT1H,MC-BajoPutumayo,10770.11,12204.84
2023-12-13,17,PT1H,MC-BajoPutumayo,13711.67,12081.93
2023-12-13,18,PT1H,MC-BajoPutumayo,13271.68,11907.34
2023-12-13,19,PT1H,MC-BajoPutumayo,14292.86,12938.34
2023-12-13,20,PT1H,MC-BajoPutumayo,14517.15,12741.77
2023-12-13,21,PT1H,MC-BajoPutumayo,13801.46,11933.66
2023-12-13,22,PT1H,MC-BajoPutumayo,12579.8,10806.63
2023-12-13,23,PT1H,MC-BajoPutumayo,11078.39,9297.51
2023-12-13,24,PT1H,MC-BajoPutumayo,9677.62,8009.56
2024-01-04,1,PT1H,MC-BajoPutumayo,8929.15,8773.63
2024-01-04,2,PT1H,MC-BajoPutumayo,8416.91,8102.23
2024-01-04,3,PT1H,MC-BajoPutumayo,8115.82,7830.7
2024-01-04,4,PT1H,MC-BajoPutumayo,7949.19,7656.52
2024-01-04,5,PT1H,MC-BajoPutumayo,7863.11,7663.86
2024-01-04,6,PT1H,MC-BajoPutumayo,7917.22,7904.83
2024-01-04,7,PT1H,MC-BajoPutumayo,8071.14,8286.48
2024-01-04,8,PT1H,MC-BajoPutumayo,9089.11,9527.02
2024-01-04,9,PT1H,MC-BajoPutumayo,10563.14,11034.19
2024-01-04,10,PT1H,MC-BajoPutumayo,11891.99,11934.22
2024-01-04,11,PT1H,MC-BajoPutumayo,12732.3,12323.04
2024-01-04,12,PT1H,MC-BajoPutumayo,13327.15,12789.4
2024-01-04,13,PT1H,MC-BajoPutumayo,13287.29,12443.78
2024-01-04,14,PT1H,MC-BajoPutumayo,13050.13,12392.97
2024-01-04,15,PT1H,MC-BajoPutumayo,13279.31,13043.84
2024-01-04,16,PT1H,MC-BajoPutumayo,13379.71,13228.13
2024-01-04,17,PT1H,MC-BajoPutumayo,13257.81,13225.65
2024-01-04,18,PT1H,MC-BajoPutumayo,13034.87,13011.97
2024-01-04,19,PT1H,MC-BajoPutumayo,13854.22,14090.75
2024-01-04,20,PT1H,MC-BajoPutumayo,14389.94,14060.75
2024-01-04,21,PT1H,MC-BajoPutumayo,13463.53,13276.57
2024-01-04,22,PT1H,MC-BajoPutumayo,12361.18,12124.37
2024-01-04,23,PT1H,MC-BajoPutumayo,11090.94,10844.22
2024-01-04,24,PT1H,MC-BajoPutumayo,10483.31,9662.28
2025-05-25,1,PT1H,MC-BajoPutumayo,7938.55,9075.2
2025-05-25,2,PT1H,MC-BajoPutumayo,7500.45,8482.2
2025-05-25,3,PT1H,MC-BajoPutumayo,7203.07,8007.1
2025-05-25,4,PT1H,MC-BajoPutumayo,6973.36,7734.1
2025-05-25,5,PT1H,MC-BajoPutumayo,6839.61,7543.9
2025-05-25,6,PT1H,MC-BajoPutumayo,6953.39,7465.6
2025-05-25,7,PT1H,MC-BajoPutumayo,7205.94,7512.9
2025-05-25,8,PT1H,MC-BajoPutumayo,8119.18,8311.3
2025-05-25,9,PT1H,MC-BajoPutumayo,9110.03,9365.0
2025-05-25,10,PT1H,MC-BajoPutumayo,9659.46,10205.6
2025-05-25,11,PT1H,MC-BajoPutumayo,9987.5,10725.0
2025-05-25,12,PT1H,MC-BajoPutumayo,10260.78,10950.9
2025-05-25,13,PT1H,MC-BajoPutumayo,10617.29,10906.5
2025-05-25,14,PT1H,MC-BajoPutumayo,10414.1,10745.1
2025-05-25,15,PT1H,MC-BajoPutumayo,10604.85,10696.4
2025-05-25,16,PT1H,MC-BajoPutumayo,10709.17,10675.6
2025-05-25,17,PT1H,MC-BajoPutumayo,10666.02,10819.6
2025-05-25,18,PT1H,MC-BajoPutumayo,10840.63,10756.7
2025-05-25,19,PT1H,MC-BajoPutumayo,12315.18,12157.7
2025-05-25,20,PT1H,MC-BajoPutumayo,12653.09,12596.4
2025-05-25,21,PT1H,MC-BajoPutumayo,11976.8,12077.5
2025-05-25,22,PT1H,MC-BajoPutumayo,10847.22,11160.0
2025-05-25,23,PT1H,MC-BajoPutumayo,9362.37,9870.3
2025-05-25,24,PT1H,MC-BajoPutumayo,8238.08,8708.1
2025-10-20,1,PT1H,MC-BajoPutumayo,15734.2,17827.8
2025-10-20,2,PT1H,MC-BajoPutumayo,15043.26,17101.4
2025-10-20,3,PT1H,MC-BajoPutumayo,14606.02,15871.0
2025-10-20,4,PT1H,MC-BajoPutumayo,14417.92,15329.1
2025-10-20,5,PT1H,MC-BajoPutumayo,14644.52,15009.4
2025-10-20,6,PT1H,MC-BajoPutumayo,16056.34,15597.3
2025-10-20,7,PT1H,MC-BajoPutumayo,17585.6,17326.7
2025-10-20,8,PT1H,MC-BajoPutumayo,19582.38,19831.6
2025-10-20,9,PT1H,MC-BajoPutumayo,22352.52,22746.2
2025-10-20,10,PT1H,MC-BajoPutumayo,24595.2,24704.9
2025-10-20,11,PT1H,MC-BajoPutumayo,26040.4,25683.4
2025-10-20,12,PT1H,MC-BajoPutumayo,27099.64,25788.8
2025-10-20,13,PT1H,MC-BajoPutumayo,26419.32,25169.2
2025-10-20,14,PT1H,MC-BajoPutumayo,27111.32,23926.8
2025-10-20,15,PT1H,MC-BajoPutumayo,28981.52,26112.5
2025-10-20,16,PT1H,MC-BajoPutumayo,29455.94,27939.6
2025-10-20,17,PT1H,MC-BajoPutumayo,29031.72,28013.4
2025-10-20,18,PT1H,MC-BajoPutumayo,28269.22,28034.8
2025-10-20,19,PT1H,MC-BajoPutumayo,31351.6,28763.1
2025-10-20,20,PT1H,MC-BajoPutumayo,30649.92,28749.1
2025-10-20,21,PT1H,MC-BajoPutumayo,28699.06,27021.4
2025-10-20,22,PT1H,MC-BajoPutumayo,25649.18,24292.5
2025-10-20,23,PT1H,MC-BajoPutumayo,21579.54,21499.3
2025-10-20,24,PT1H,MC-BajoPutumayo,18822.0,18391.4
2022-09-09,1,PT1H,MC-BajoPutumayo,7083.59,6719.74
2022-09-09,2,PT1H,MC-BajoPutumayo,6538.77,6299.5
2022-09-09,3,PT1H,MC-BajoPutumayo,6300.88,6081.45
2022-09-09,4,PT1H,MC-BajoPutumayo,6156.98,5964.79
2022-09-09,5,PT1H,MC-BajoPutumayo,6171.86,5943.63
2022-09-09,6,PT1H,MC-BajoPutumayo,6787.87,6457.42
2022-09-09,7,PT1H,MC-BajoPutumayo,7680.47,7082.81
2022-09-09,8,PT1H,MC-BajoPutumayo,8571.22,7910.85
2022-09-09,9,PT1H,MC-BajoPutumayo,9656.97,8920.01
2022-09-09,10,PT1H,MC-BajoPutumayo,10774.06,9755.24
2022-09-09,11,PT1H,MC-BajoPutumayo,11918.47,10535.28
2022-09-09,12,PT1H,MC-BajoPutumayo,12474.7,11053.93
2022-09-09,13,PT1H,MC-BajoPutumayo,12158.32,10812.64
2022-09-09,14,PT1H,MC-BajoPutumayo,12573.41,10967.44
2022-09-09,15,PT1H,MC-BajoPutumayo,11768.12,11747.71
2022-09-09,16,PT1H,MC-BajoPutumayo,9853.09,11925.4
2022-09-09,17,PT1H,MC-BajoPutumayo,9112.73,11764.12
2022-09-09,18,PT1H,MC-BajoPutumayo,10818.12,11364.26
2022-09-09,19,PT1H,MC-BajoPutumayo,11777.55,12061.61
2022-09-09,20,PT1H,MC-BajoPutumayo,11881.44,12364.45
2022-09-09,21,PT1H,MC-BajoPutumayo,11337.92,11530.07
2022-09-09,22,PT1H,MC-BajoPutumayo,10035.48,10440.57
2022-09-09,23,PT1H,MC-BajoPutumayo,8633.1,9048.06
2022-09-09,24,PT1H,MC-BajoPutumayo,7445.42,7872.58
2022-04-01,1,PT1H,MC-BajoPutumayo,7002.22,6542.97
2022-04-01,2,PT1H,MC-BajoPutumayo,6595.6,6236.37
2022-04-01,3,PT1H,MC-BajoPutumayo,6335.36,6051.29
2022-04-01,4,PT1H,MC-BajoPutumayo,6378.42,5836.24
2022-04-01,5,PT1H,MC-BajoPutumayo,6269.56,5852.4
2022-04-01,6,PT1H,MC-BajoPutumayo,6704.75,6498.4
2022-04-01,7,PT1H,MC-BajoPutumayo,7556.89,7311.54
2022-04-01,8,PT1H,MC-BajoPutumayo,7793.5,7928.31
2022-04-01,9,PT1H,MC-BajoPutumayo,8761.1,8839.8
2022-04-01,10,PT1H,MC-BajoPutumayo,9208.51,9390.49
2022-04-01,11,PT1H,MC-BajoPutumayo,9645.38,10027.47
2022-04-01,12,PT1H,MC-BajoPutumayo,10026.99,10507.96
2022-04-01,13,PT1H,MC-BajoPutumayo,9747.71,10367.49
2022-04-01,14,PT1H,MC-BajoPutumayo,10168.22,10485.51
2022-04-01,15,PT1H,MC-BajoPutumayo,11069.41,11057.83
2022-04-01,16,PT1H,MC-BajoPutumayo,11368.87,11203.15
2022-04-01,17,PT1H,MC-BajoPutumayo,11330.87,11164.81
2022-04-01,18,PT1H,MC-BajoPutumayo,11047.07,10914.11
2022-04-01,19,PT1H,MC-BajoPutumayo,12066.37,11725.54
2022-04-01,20,PT1H,MC-BajoPutumayo,12614.16,12446.75
2022-04-01,21,PT1H,MC-BajoPutumayo,11919.54,11788.23
2022-04-01,22,PT1H,MC-BajoPutumayo,10837.15,10833.75
2022-04-01,23,PT1H,MC-BajoPutumayo,9385.99,9464.41
2022-04-01,24,PT1H,MC-BajoPutumayo,7946.53,8101.74
2024-02-27,1,PT1H,MC-BajoPutumayo,8726.73,8494.73
2024-02-27,2,PT1H,MC-BajoPutumayo,8275.61,8069.16
2024-02-27,3,PT1H,MC-BajoPutumayo,8024.22,7788.63
2024-02-27,4,PT1H,MC-BajoPutumayo,7614.33,7674.3
2024-02-27,5,PT1H,MC-BajoPutumayo,7489.43,7710.44
2024-02-27,6,PT1H,MC-BajoPutumayo,7917.73,8038.34
2024-02-27,7,PT1H,MC-BajoPutumayo,8626.77,8847.92
2024-02-27,8,PT1H,MC-BajoPutumayo,9195.35,9485.35
2024-02-27,9,PT1H,MC-BajoPutumayo,10221.34,10633.47
2024-02-27,10,PT1H,MC-BajoPutumayo,10710.53,11384.4
2024-02-27,11,PT1H,MC-BajoPutumayo,11016.64,12062.83
2024-02-27,12,PT1H,MC-BajoPutumayo,11325.89,12719.86
2024-02-27,13,PT1H,MC-BajoPutumayo,11132.14,12367.63
2024-02-27,14,PT1H,MC-BajoPutumayo,11344.37,12418.88
2024-02-27,15,PT1H,MC-BajoPutumayo,12254.94,13175.86
2024-02-27,16,PT1H,MC-BajoPutumayo,12600.27,13510.16
2024-02-27,17,PT1H,MC-BajoPutumayo,12631.69,13548.48
2024-02-27,18,PT1H,MC-BajoPutumayo,12367.46,13289.29
2024-02-27,19,PT1H,MC-BajoPutumayo,13192.56,13868.35
2024-02-27,20,PT1H,MC-BajoPutumayo,13856.8,14558.47
2024-02-27,21,PT1H,MC-BajoPutumayo,12991.87,13833.28
2024-02-27,22,PT1H,MC-BajoPutumayo,11780.8,12669.86
2024-02-27,23,PT1H,MC-BajoPutumayo,10202.45,11041.88
2024-02-27,24,PT1H,MC-BajoPutumayo,8852.77,9669.97
2024-04-23,1,PT1H,MC-BajoPutumayo,7904.1,8329.82
2024-04-23,2,PT1H,MC-BajoPutumayo,7597.18,7871.27
2024-04-23,3,PT1H,MC-BajoPutumayo,7203.37,7548.56
2024-04-23,4,PT1H,MC-BajoPutumayo,7061.74,7335.71
2024-04-23,5,PT1H,MC-BajoPutumayo,7043.27,7322.55
2024-04-23,6,PT1H,MC-BajoPutumayo,7384.24,7703.56
2024-04-23,7,PT1H,MC-BajoPutumayo,7842.75,8136.98
2024-04-23,8,PT1H,MC-BajoPutumayo,9059.67,9123.43
2024-04-23,9,PT1H,MC-BajoPutumayo,11001.5,10377.52
2024-04-23,10,PT1H,MC-BajoPutumayo,12002.85,11138.16
2024-04-23,11,PT1H,MC-BajoPutumayo,12691.73,12095.37
2024-04-23,12,PT1H,MC-BajoPutumayo,12932.2,12370.97
2024-04-23,13,PT1H,MC-BajoPutumayo,13189.6,12254.87
2024-04-23,14,PT1H,MC-BajoPutumayo,13265.21,12298.67
2024-04-23,15,PT1H,MC-BajoPutumayo,15007.7,13142.83
2024-04-23,16,PT1H,MC-BajoPutumayo,15399.13,13361.96
2024-04-23,17,PT1H,MC-BajoPutumayo,15434.39,13109.71
2024-04-23,18,PT1H,MC-BajoPutumayo,14129.12,12724.82
2024-04-23,19,PT1H,MC-BajoPutumayo,14605.27,12349.14
2024-04-23,20,PT1H,MC-BajoPutumayo,15134.68,13851.42
2024-04-23,21,PT1H,MC-BajoPutumayo,14476.43,12977.71
2024-04-23,22,PT1H,MC-BajoPutumayo,13018.48,11718.85
2024-04-23,23,PT1H,MC-BajoPutumayo,11333.86,10222.54
2024-04-23,24,PT1H,MC-BajoPutumayo,9618.05,9053.37
2024-02-19,1,PT1H,MC-BajoPutumayo,7941.32,8421.48
2024-02-19,2,PT1H,MC-BajoPutumayo,7465.0,7947.19
2024-02-19,3,PT1H,MC-BajoPutumayo,7062.51,7691.35
2024-02-19,4,PT1H,MC-BajoPutumayo,6830.92,7504.56
2024-02-19,5,PT1H,MC-BajoPutumayo,6830.38,7521.48
2024-02-19,6,PT1H,MC-BajoPutumayo,7476.25,8012.41
2024-02-19,7,PT1H,MC-BajoPutumayo,8100.26,8566.06
2024-02-19,8,PT1H,MC-BajoPutumayo,9041.05,9352.83
2024-02-19,9,PT1H,MC-BajoPutumayo,10454.56,10484.55
2024-02-19,10,PT1H,MC-BajoPutumayo,11402.62,11324.16
2024-02-19,11,PT1H,MC-BajoPutumayo,12250.27,12063.32
2024-02-19,12,PT1H,MC-BajoPutumayo,12884.31,13019.07
2024-02-19,13,PT1H,MC-BajoPutumayo,12833.45,12744.77
2024-02-19,14,PT1H,MC-BajoPutumayo,13259.06,12872.62
2024-02-19,15,PT1H,MC-BajoPutumayo,14409.87,13745.26
2024-02-19,16,PT1H,MC-BajoPutumayo,14465.11,13900.87
2024-02-19,17,PT1H,MC-BajoPutumayo,14303.77,13800.03
2024-02-19,18,PT1H,MC-BajoPutumayo,13993.15,13412.02
2024-02-19,19,PT1H,MC-BajoPutumayo,13001.37,13899.17
2024-02-19,20,PT1H,MC-BajoPutumayo,15061.44,14676.46
2024-02-19,21,PT1H,MC-BajoPutumayo,14477.48,13964.94
2024-02-19,22,PT1H,MC-BajoPutumayo,13461.18,12791.65
2024-02-19,23,PT1H,MC-BajoPutumayo,11776.05,11074.05
2024-02-19,24,PT1H,MC-BajoPutumayo,10191.38,9449.84
2022-09-15,1,PT1H,MC-BajoPutumayo,7122.33,6842.82
2022-09-15,2,PT1H,MC-BajoPutumayo,6763.67,6478.93
2022-09-15,3,PT1H,MC-BajoPutumayo,6459.7,6221.41
2022-09-15,4,PT1H,MC-BajoPutumayo,6396.55,6096.82
2022-09-15,5,PT1H,MC-BajoPutumayo,6476.35,6108.95
2022-09-15,6,PT1H,MC-BajoPutumayo,7270.63,6641.69
2022-09-15,7,PT1H,MC-BajoPutumayo,8144.69,7260.31
2022-09-15,8,PT1H,MC-BajoPutumayo,8849.98,8089.96
2022-09-15,9,PT1H,MC-BajoPutumayo,9781.2,9277.75
2022-09-15,10,PT1H,MC-BajoPutumayo,10584.53,10285.27
2022-09-15,11,PT1H,MC-BajoPutumayo,11341.83,11218.67
2022-09-15,12,PT1H,MC-BajoPutumayo,11801.4,11736.91
2022-09-15,13,PT1H,MC-BajoPutumayo,11894.77,11495.21
2022-09-15,14,PT1H,MC-BajoPutumayo,12414.39,11909.78
2022-09-15,15,PT1H,MC-BajoPutumayo,13611.33,12689.08
2022-09-15,16,PT1H,MC-BajoPutumayo,13508.44,12793.45
2022-09-15,17,PT1H,MC-BajoPutumayo,13317.92,12637.58
2022-09-15,18,PT1H,MC-BajoPutumayo,12937.76,12404.25
2022-09-15,19,PT1H,MC-BajoPutumayo,14470.14,13396.16
2022-09-15,20,PT1H,MC-BajoPutumayo,14366.54,13586.33
2022-09-15,21,PT1H,MC-BajoPutumayo,13279.57,12654.66
2022-09-15,22,PT1H,MC-BajoPutumayo,11978.64,11453.34
2022-09-15,23,PT1H,MC-BajoPutumayo,10226.88,9821.96
2022-09-15,24,PT1H,MC-BajoPutumayo,5330.06,8455.26
2023-08-08,1,PT1H,MC-BajoPutumayo,7576.24,7472.7
2023-08-08,2,PT1H,MC-BajoPutumayo,7153.37,6969.57
2023-08-08,3,PT1H,MC-BajoPutumayo,6861.54,6738.96
2023-08-08,4,PT1H,MC-BajoPutumayo,6768.01,6550.74
2023-08-08,5,PT1H,MC-BajoPutumayo,6852.88,6541.29
2023-08-08,6,PT1H,MC-BajoPutumayo,7315.47,7100.51
2023-08-08,7,PT1H,MC-BajoPutumayo,7835.05,7702.23
2023-08-08,8,PT1H,MC-BajoPutumayo,8844.5,8549.28
2023-08-08,9,PT1H,MC-BajoPutumayo,9903.16,9925.79
2023-08-08,10,PT1H,MC-BajoPutumayo,10803.37,10742.51
2023-08-08,11,PT1H,MC-BajoPutumayo,11813.31,11561.97
2023-08-08,12,PT1H,MC-BajoPutumayo,12558.55,12163.16
2023-08-08,13,PT1H,MC-BajoPutumayo,12261.0,11953.01
2023-08-08,14,PT1H,MC-BajoPutumayo,12638.21,12121.22
2023-08-08,15,PT1H,MC-BajoPutumayo,13452.2,12799.53
2023-08-08,16,PT1H,MC-BajoPutumayo,13441.02,13024.52
2023-08-08,17,PT1H,MC-BajoPutumayo,13333.24,12975.93
2023-08-08,18,PT1H,MC-BajoPutumayo,13054.13,12578.87
2023-08-08,19,PT1H,MC-BajoPutumayo,13770.81,13179.82
2023-08-08,20,PT1H,MC-BajoPutumayo,14177.05,13475.55
2023-08-08,21,PT1H,MC-BajoPutumayo,13319.2,12707.83
2023-08-08,22,PT1H,MC-BajoPutumayo,12186.23,11506.44
2023-08-08,23,PT1H,MC-BajoPutumayo,10263.89,9833.33
2023-08-08,24,PT1H,MC-BajoPutumayo,8747.6,8386.47
2024-03-24,1,PT1H,MC-BajoPutumayo,8058.06,7269.22
2024-03-24,2,PT1H,MC-BajoPutumayo,7472.58,6826.7
2024-03-24,3,PT1H,MC-BajoPutumayo,7087.91,6602.22
2024-03-24,4,PT1H,MC-BajoPutumayo,6915.83,6399.15
2024-03-24,5,PT1H,MC-BajoPutumayo,6843.43,6399.84
2024-03-24,6,PT1H,MC-BajoPutumayo,6904.61,6932.81
2024-03-24,7,PT1H,MC-BajoPutumayo,7121.22,7406.47
2024-03-24,8,PT1H,MC-BajoPutumayo,7852.65,7982.49
2024-03-24,9,PT1H,MC-BajoPutumayo,8923.22,9060.87
2024-03-24,10,PT1H,MC-BajoPutumayo,9573.04,9743.45
2024-03-24,11,PT1H,MC-BajoPutumayo,10414.89,10502.26
2024-03-24,12,PT1H,MC-BajoPutumayo,9676.54,10719.55
2024-03-24,13,PT1H,MC-BajoPutumayo,10845.42,10526.19
2024-03-24,14,PT1H,MC-BajoPutumayo,11729.91,10884.74
2024-03-24,15,PT1H,MC-BajoPutumayo,11830.33,11684.31
2024-03-24,16,PT1H,MC-BajoPutumayo,11905.25,11953.7
2024-03-24,17,PT1H,MC-BajoPutumayo,11849.35,11924.0
2024-03-24,18,PT1H,MC-BajoPutumayo,11986.34,11401.53
2024-03-24,19,PT1H,MC-BajoPutumayo,13217.43,11971.13
2024-03-24,20,PT1H,MC-BajoPutumayo,13463.06,12382.6
2024-03-24,21,PT1H,MC-BajoPutumayo,12991.58,11797.89
2024-03-24,22,PT1H,MC-BajoPutumayo,12376.58,10736.2
2024-03-24,23,PT1H,MC-BajoPutumayo,11293.87,9173.82
2024-03-24,24,PT1H,MC-BajoPutumayo,10166.34,7993.26
2025-06-23,1,PT1H,MC-BajoPutumayo,8571.21,7743.1
2025-06-23,2,PT1H,MC-BajoPutumayo,7871.12,7275.2
2025-06-23,3,PT1H,MC-BajoPutumayo,7425.83,7118.7
2025-06-23,4,PT1H,MC-BajoPutumayo,7171.21,7050.9
2025-06-23,5,PT1H,MC-BajoPutumayo,7052.93,7168.9
2025-06-23,6,PT1H,MC-BajoPutumayo,7324.44,7862.6
2025-06-23,7,PT1H,MC-BajoPutumayo,7603.71,8362.4
2025-06-23,8,PT1H,MC-BajoPutumayo,8475.69,9141.6
2025-06-23,9,PT1H,MC-BajoPutumayo,9848.81,10042.3
2025-06-23,10,PT1H,MC-BajoPutumayo,10905.61,10678.8
2025-06-23,11,PT1H,MC-BajoPutumayo,12014.42,11178.0
2025-06-23,12,PT1H,MC-BajoPutumayo,12666.44,11715.5
2025-06-23,13,PT1H,MC-BajoPutumayo,12502.54,11610.0
2025-06-23,14,PT1H,MC-BajoPutumayo,12521.28,11729.6
2025-06-23,15,PT1H,MC-BajoPutumayo,12871.69,12597.6
2025-06-23,16,PT1H,MC-BajoPutumayo,12849.08,12986.6
2025-06-23,17,PT1H,MC-BajoPutumayo,12620.43,12904.3
2025-06-23,18,PT1H,MC-BajoPutumayo,12485.85,12596.9
2025-06-23,19,PT1H,MC-BajoPutumayo,13630.65,14568.5
2025-06-23,20,PT1H,MC-BajoPutumayo,14475.45,15502.8
2025-06-23,21,PT1H,MC-BajoPutumayo,13928.57,14523.3
2025-06-23,22,PT1H,MC-BajoPutumayo,12554.18,13310.1
2025-06-23,23,PT1H,MC-BajoPutumayo,10907.57,11079.0
2025-06-23,24,PT1H,MC-BajoPutumayo,9425.83,9468.7
2025-08-14,1,PT1H,MC-BajoPutumayo,7345.95,8027.9
2025-08-14,2,PT1H,MC-BajoPutumayo,6902.76,7477.5
2025-08-14,3,PT1H,MC-BajoPutumayo,6682.17,7116.0
2025-08-14,4,PT1H,MC-BajoPutumayo,6590.92,6988.5
2025-08-14,5,PT1H,MC-BajoPutumayo,6663.53,6984.1
2025-08-14,6,PT1H,MC-BajoPutumayo,7339.21,7630.5
2025-08-14,7,PT1H,MC-BajoPutumayo,7974.03,8422.0
2025-08-14,8,PT1H,MC-BajoPutumayo,8554.46,9066.6
2025-08-14,9,PT1H,MC-BajoPutumayo,9591.87,10137.1
2025-08-14,10,PT1H,MC-BajoPutumayo,9867.58,10754.9
2025-08-14,11,PT1H,MC-BajoPutumayo,10570.56,11318.9
2025-08-14,12,PT1H,MC-BajoPutumayo,10786.48,11870.6
2025-08-14,13,PT1H,MC-BajoPutumayo,10203.75,11577.5
2025-08-14,14,PT1H,MC-BajoPutumayo,10419.75,11516.1
2025-08-14,15,PT1H,MC-BajoPutumayo,11623.56,11753.0
2025-08-14,16,PT1H,MC-BajoPutumayo,12200.11,11963.5
2025-08-14,17,PT1H,MC-BajoPutumayo,12328.99,12111.1
2025-08-14,18,PT1H,MC-BajoPutumayo,12188.21,12324.3
2025-08-14,19,PT1H,MC-BajoPutumayo,13368.37,13257.3
2025-08-14,20,PT1H,MC-BajoPutumayo,14334.26,13771.0
2025-08-14,21,PT1H,MC-BajoPutumayo,13501.08,12905.0
2025-08-14,22,PT1H,MC-BajoPutumayo,12236.89,11528.7
2025-08-14,23,PT1H,MC-BajoPutumayo,10555.58,9724.2
2025-08-14,24,PT1H,MC-BajoPutumayo,9249.04,8322.8
2022-09-28,1,PT1H,MC-BajoPutumayo,7144.47,7886.4
2022-09-28,2,PT1H,MC-BajoPutumayo,7225.89,7483.35
2022-09-28,3,PT1H,MC-BajoPutumayo,7001.39,7263.17
2022-09-28,4,PT1H,MC-BajoPutumayo,6565.88,7142.5
2022-09-28,5,PT1H,MC-BajoPutumayo,6766.83,7239.36
2022-09-28,6,PT1H,MC-BajoPutumayo,6978.86,8052.97
2022-09-28,7,PT1H,MC-BajoPutumayo,7580.29,8887.16
2022-09-28,8,PT1H,MC-BajoPutumayo,8768.03,9771.76
2022-09-28,9,PT1H,MC-BajoPutumayo,10175.27,10928.85
2022-09-28,10,PT1H,MC-BajoPutumayo,11805.91,11788.41
2022-09-28,11,PT1H,MC-BajoPutumayo,12290.31,12378.91
2022-09-28,12,PT1H,MC-BajoPutumayo,11823.55,12921.11
2022-09-28,13,PT1H,MC-BajoPutumayo,11549.19,12605.17
2022-09-28,14,PT1H,MC-BajoPutumayo,12153.61,13076.99
2022-09-28,15,PT1H,MC-BajoPutumayo,13172.35,13696.27
2022-09-28,16,PT1H,MC-BajoPutumayo,13380.93,13897.86
2022-09-28,17,PT1H,MC-BajoPutumayo,13198.06,13846.43
2022-09-28,18,PT1H,MC-BajoPutumayo,13458.91,13644.86
2022-09-28,19,PT1H,MC-BajoPutumayo,14417.68,14952.17
2022-09-28,20,PT1H,MC-BajoPutumayo,15188.37,14919.56
2022-09-28,21,PT1H,MC-BajoPutumayo,14879.84,13897.4
2022-09-28,22,PT1H,MC-BajoPutumayo,13468.04,12248.89
2022-09-28,23,PT1H,MC-BajoPutumayo,11516.35,10283.72
2022-09-28,24,PT1H,MC-BajoPutumayo,10165.76,8747.83
2023-10-05,1,PT1H,MC-BajoPutumayo,9903.19,9408.0
2023-10-05,2,PT1H,MC-BajoPutumayo,9156.9,8850.82
2023-10-05,3,PT1H,MC-BajoPutumayo,8710.81,8530.8
2023-10-05,4,PT1H,MC-BajoPutumayo,8411.91,8323.86
2023-10-05,5,PT1H,MC-BajoPutumayo,8322.91,8299.17
2023-10-05,6,PT1H,MC-BajoPutumayo,8530.95,8839.55
2023-10-05,7,PT1H,MC-BajoPutumayo,9216.96,9524.19
2023-10-05,8,PT1H,MC-BajoPutumayo,9991.6,10395.03
2023-10-05,9,PT1H,MC-BajoPutumayo,11315.3,11022.14
2023-10-05,10,PT1H,MC-BajoPutumayo,12418.65,11943.16
2023-10-05,11,PT1H,MC-BajoPutumayo,13483.86,12670.36
2023-10-05,12,PT1H,MC-BajoPutumayo,14054.87,12835.59
2023-10-05,13,PT1H,MC-BajoPutumayo,13669.31,12567.03
2023-10-05,14,PT1H,MC-BajoPutumayo,14276.79,12731.34
2023-10-05,15,PT1H,MC-BajoPutumayo,14752.86,13407.34
2023-10-05,16,PT1H,MC-BajoPutumayo,14674.66,14031.13
2023-10-05,17,PT1H,MC-BajoPutumayo,14433.54,14106.66
2023-10-05,18,PT1H,MC-BajoPutumayo,14148.82,14727.31
2023-10-05,19,PT1H,MC-BajoPutumayo,15114.44,15887.84
2023-10-05,20,PT1H,MC-BajoPutumayo,15014.16,16017.07
2023-10-05,21,PT1H,MC-BajoPutumayo,13944.54,14999.42
2023-10-05,22,PT1H,MC-BajoPutumayo,12866.04,13278.68
2023-10-05,23,PT1H,MC-BajoPutumayo,11362.35,11722.49
2023-10-05,24,PT1H,MC-BajoPutumayo,10007.57,10132.58
2024-02-22,1,PT1H,MC-BajoPutumayo,10230.94,9588.91
2024-02-22,2,PT1H,MC-BajoPutumayo,9534.83,9210.18
2024-02-22,3,PT1H,MC-BajoPutumayo,9150.9,8895.37
2024-02-22,4,PT1H,MC-BajoPutumayo,8858.77,8689.99
2024-02-22,5,PT1H,MC-BajoPutumayo,8729.03,8698.78
2024-02-22,6,PT1H,MC-BajoPutumayo,9125.72,9151.2
2024-02-22,7,PT1H,MC-BajoPutumayo,9411.17,9811.61
2024-02-22,8,PT1H,MC-BajoPutumayo,10073.5,10810.02
2024-02-22,9,PT1H,MC-BajoPutumayo,11614.08,11337.22
2024-02-22,10,PT1H,MC-BajoPutumayo,13206.57,11906.52
2024-02-22,11,PT1H,MC-BajoPutumayo,14256.72,12116.64
2024-02-22,12,PT1H,MC-BajoPutumayo,15202.26,12692.6
2024-02-22,13,PT1H,MC-BajoPutumayo,14873.94,12590.15
2024-02-22,14,PT1H,MC-BajoPutumayo,15019.53,13034.1
2024-02-22,15,PT1H,MC-BajoPutumayo,15739.69,13534.98
2024-02-22,16,PT1H,MC-BajoPutumayo,15731.14,13728.5
2024-02-22,17,PT1H,MC-BajoPutumayo,15615.22,13147.94
2024-02-22,18,PT1H,MC-BajoPutumayo,15249.64,12970.52
2024-02-22,19,PT1H,MC-BajoPutumayo,15715.17,13743.19
2024-02-22,20,PT1H,MC-BajoPutumayo,16433.96,14650.82
2024-02-22,21,PT1H,MC-BajoPutumayo,15734.34,13873.53
2024-02-22,22,PT1H,MC-BajoPutumayo,14752.45,12553.47
2024-02-22,23,PT1H,MC-BajoPutumayo,7575.65,10871.67
2024-02-22,24,PT1H,MC-BajoPutumayo,11462.07,9561.01
2023-10-01,1,PT1H,MC-BajoPutumayo,8977.77,7384.55
2023-10-01,2,PT1H,MC-BajoPutumayo,8397.42,7214.15
2023-10-01,3,PT1H,MC-BajoPutumayo,7818.37,6911.56
2023-10-01,4,PT1H,MC-BajoPutumayo,7485.71,6803.99
2023-10-01,5,PT1H,MC-BajoPutumayo,7217.64,6902.3
2023-10-01,6,PT1H,MC-BajoPutumayo,7148.99,7804.21
2023-10-01,7,PT1H,MC-BajoPutumayo,7234.23,8965.43
2023-10-01,8,PT1H,MC-BajoPutumayo,8083.55,9598.49
2023-10-01,9,PT1H,MC-BajoPutumayo,9228.31,10336.37
2023-10-01,10,PT1H,MC-BajoPutumayo,10076.27,10984.98
2023-10-01,11,PT1H,MC-BajoPutumayo,10992.07,11853.25
2023-10-01,12,PT1H,MC-BajoPutumayo,11811.32,12419.52
2023-10-01,13,PT1H,MC-BajoPutumayo,12172.36,12090.15
2023-10-01,14,PT1H,MC-BajoPutumayo,12159.85,12378.56
2023-10-01,15,PT1H,MC-BajoPutumayo,12158.96,13046.95
2023-10-01,16,PT1H,MC-BajoPutumayo,12079.8,13338.09
2023-10-01,17,PT1H,MC-BajoPutumayo,12071.87,13165.07
2023-10-01,18,PT1H,MC-BajoPutumayo,11956.46,12843.78
2023-10-01,19,PT1H,MC-BajoPutumayo,13397.04,14470.11
2023-10-01,20,PT1H,MC-BajoPutumayo,13734.74,15392.43
2023-10-01,21,PT1H,MC-BajoPutumayo,12965.34,14663.85
2023-10-01,22,PT1H,MC-BajoPutumayo,9188.1,12991.08
2023-10-01,23,PT1H,MC-BajoPutumayo,10574.92,10584.64
2023-10-01,24,PT1H,MC-BajoPutumayo,9423.79,8716.52
2024-10-22,1,PT1H,MC-BajoPutumayo,8608.47,7689.3
2024-10-22,2,PT1H,MC-BajoPutumayo,8091.04,7401.8
2024-10-22,3,PT1H,MC-BajoPutumayo,7694.63,6771.7
2024-10-22,4,PT1H,MC-BajoPutumayo,8020.83,6565.7
2024-10-22,5,PT1H,MC-BajoPutumayo,8166.25,6765.7
2024-10-22,6,PT1H,MC-BajoPutumayo,8666.87,7268.6
2024-10-22,7,PT1H,MC-BajoPutumayo,9181.55,7779.6
2024-10-22,8,PT1H,MC-BajoPutumayo,10525.26,8961.5
2024-10-22,9,PT1H,MC-BajoPutumayo,11650.16,10378.6
2024-10-22,10,PT1H,MC-BajoPutumayo,12917.57,11012.5
2024-10-22,11,PT1H,MC-BajoPutumayo,13917.5,12042.0
2024-10-22,12,PT1H,MC-BajoPutumayo,13561.53,12578.1
2024-10-22,13,PT1H,MC-BajoPutumayo,12399.02,12461.7
2024-10-22,14,PT1H,MC-BajoPutumayo,13866.93,13228.7
2024-10-22,15,PT1H,MC-BajoPutumayo,13448.74,13829.5
2024-10-22,16,PT1H,MC-BajoPutumayo,13666.29,13766.4
2024-10-22,17,PT1H,MC-BajoPutumayo,13323.44,13357.2
2024-10-22,18,PT1H,MC-BajoPutumayo,14034.18,13649.1
2024-10-22,19,PT1H,MC-BajoPutumayo,14718.13,14914.2
2024-10-22,20,PT1H,MC-BajoPutumayo,14263.42,14414.4
2024-10-22,21,PT1H,MC-BajoPutumayo,13159.12,13551.2
2024-10-22,22,PT1H,MC-BajoPutumayo,11431.04,12175.4
2024-10-22,23,PT1H,MC-BajoPutumayo,9722.95,10511.1
2024-10-22,24,PT1H,MC-BajoPutumayo,8384.98,9247.4
2022-11-15,1,PT1H,MC-BajoPutumayo,8294.11,7747.33
2022-11-15,2,PT1H,MC-BajoPutumayo,7813.89,7450.44
2022-11-15,3,PT1H,MC-BajoPutumayo,7479.45,7119.51
2022-11-15,4,PT1H,MC-BajoPutumayo,7298.16,6994.1
2022-11-15,5,PT1H,MC-BajoPutumayo,7277.3,7069.6
2022-11-15,6,PT1H,MC-BajoPutumayo,7683.33,7689.23
2022-11-15,7,PT1H,MC-BajoPutumayo,8324.58,8489.05
2022-11-15,8,PT1H,MC-BajoPutumayo,9427.49,9546.08
2022-11-15,9,PT1H,MC-BajoPutumayo,11029.06,10312.63
2022-11-15,10,PT1H,MC-BajoPutumayo,11980.05,11410.62
2022-11-15,11,PT1H,MC-BajoPutumayo,12732.99,12034.6
2022-11-15,12,PT1H,MC-BajoPutumayo,13242.03,12321.51
2022-11-15,13,PT1H,MC-BajoPutumayo,12672.46,11908.93
2022-11-15,14,PT1H,MC-BajoPutumayo,12493.38,11592.59
2022-11-15,15,PT1H,MC-BajoPutumayo,12502.63,12148.75
2022-11-15,16,PT1H,MC-BajoPutumayo,12407.21,12478.66
2022-11-15,17,PT1H,MC-BajoPutumayo,12291.38,12690.83
2022-11-15,18,PT1H,MC-BajoPutumayo,12579.24,12884.83
2022-11-15,19,PT1H,MC-BajoPutumayo,13472.04,14139.97
2022-11-15,20,PT1H,MC-BajoPutumayo,13018.97,14565.86
2022-11-15,21,PT1H,MC-BajoPutumayo,11953.06,13791.63
2022-11-15,22,PT1H,MC-BajoPutumayo,10655.47,12311.01
2022-11-15,23,PT1H,MC-BajoPutumayo,9233.51,10387.36
2022-11-15,24,PT1H,MC-BajoPutumayo,7921.67,8852.74
2024-02-05,1,PT1H,MC-BajoPutumayo,8139.23,8212.84
2024-02-05,2,PT1H,MC-BajoPutumayo,7698.64,7586.25
2024-02-05,3,PT1H,MC-BajoPutumayo,7482.16,7165.82
2024-02-05,4,PT1H,MC-BajoPutumayo,7299.48,7042.76
2024-02-05,5,PT1H,MC-BajoPutumayo,7284.86,6943.27
2024-02-05,6,PT1H,MC-BajoPutumayo,7708.97,7130.41
2024-02-05,7,PT1H,MC-BajoPutumayo,8259.83,7402.87
2024-02-05,8,PT1H,MC-BajoPutumayo,9250.21,8445.65
2024-02-05,9,PT1H,MC-BajoPutumayo,10967.93,9675.93
2024-02-05,10,PT1H,MC-BajoPutumayo,12388.31,10568.95
2024-02-05,11,PT1H,MC-BajoPutumayo,13037.72,11266.11
2024-02-05,12,PT1H,MC-BajoPutumayo,13286.97,11926.06
2024-02-05,13,PT1H,MC-BajoPutumayo,12621.79,11606.83
2024-02-05,14,PT1H,MC-BajoPutumayo,12116.21,11615.91
2024-02-05,15,PT1H,MC-BajoPutumayo,12148.05,11983.24
2024-02-05,16,PT1H,MC-BajoPutumayo,11928.23,12375.17
2024-02-05,17,PT1H,MC-BajoPutumayo,11700.9,12288.74
2024-02-05,18,PT1H,MC-BajoPutumayo,11892.67,12031.29
2024-02-05,19,PT1H,MC-BajoPutumayo,12274.79,12519.25
2024-02-05,20,PT1H,MC-BajoPutumayo,12220.72,12850.84
2024-02-05,21,PT1H,MC-BajoPutumayo,11469.25,12148.53
2024-02-05,22,PT1H,MC-BajoPutumayo,10280.7,11223.92
2024-02-05,23,PT1H,MC-BajoPutumayo,8598.09,9761.01
2024-02-05,24,PT1H,MC-BajoPutumayo,7557.02,8459.86
2025-10-25,1,PT1H,MC-BajoPutumayo,8100.2,7725.1
2025-10-25,2,PT1H,MC-BajoPutumayo,7549.65,7192.3
2025-10-25,3,PT1H,MC-BajoPutumayo,7233.08,6882.2
2025-10-25,4,PT1H,MC-BajoPutumayo,7030.13,6755.2
2025-10-25,5,PT1H,MC-BajoPutumayo,7064.44,6784.8
2025-10-25,6,PT1H,MC-BajoPutumayo,7160.5,7036.4
2025-10-25,7,PT1H,MC-BajoPutumayo,8399.33,7669.0
2025-10-25,8,PT1H,MC-BajoPutumayo,9126.52,8686.9
2025-10-25,9,PT1H,MC-BajoPutumayo,10903.74,10189.6
2025-10-25,10,PT1H,MC-BajoPutumayo,12242.19,11287.4
2025-10-25,11,PT1H,MC-BajoPutumayo,13169.06,12161.9
2025-10-25,12,PT1H,MC-BajoPutumayo,13963.57,12909.9
2025-10-25,13,PT1H,MC-BajoPutumayo,14020.53,12985.4
2025-10-25,14,PT1H,MC-BajoPutumayo,14124.0,13031.9
2025-10-25,15,PT1H,MC-BajoPutumayo,14436.34,13377.0
2025-10-25,16,PT1H,MC-BajoPutumayo,14492.24,13519.2
2025-10-25,17,PT1H,MC-BajoPutumayo,14436.02,13486.5
2025-10-25,18,PT1H,MC-BajoPutumayo,14573.48,13513.6
2025-10-25,19,PT1H,MC-BajoPutumayo,16239.66,15213.3
2025-10-25,20,PT1H,MC-BajoPutumayo,15766.83,15007.7
2025-10-25,21,PT1H,MC-BajoPutumayo,14636.35,14022.8
2025-10-25,22,PT1H,MC-BajoPutumayo,13477.62,12856.9
2025-10-25,23,PT1H,MC-BajoPutumayo,12047.23,11395.4
2025-10-25,24,PT1H,MC-BajoPutumayo,10622.94,10091.9
2022-05-27,1,PT1H,MC-BajoPutumayo,6361.83,6704.2
2022-05-27,2,PT1H,MC-BajoPutumayo,6359.66,6306.27
2022-05-27,3,PT1H,MC-BajoPutumayo,6080.52,6029.63
2022-05-27,4,PT1H,MC-BajoPutumayo,5947.64,6011.79
2022-05-27,5,PT1H,MC-BajoPutumayo,5913.39,6039.92
2022-05-27,6,PT1H,MC-BajoPutumayo,6453.52,6469.88
2022-05-27,7,PT1H,MC-BajoPutumayo,7237.33,7122.6
2022-05-27,8,PT1H,MC-BajoPutumayo,7943.48,7811.29
2022-05-27,9,PT1H,MC-BajoPutumayo,8916.85,8549.5
2022-05-27,10,PT1H,MC-BajoPutumayo,9620.06,9404.56
2022-05-27,11,PT1H,MC-BajoPutumayo,9609.07,9922.54
2022-05-27,12,PT1H,MC-BajoPutumayo,10893.74,10475.37
2022-05-27,13,PT1H,MC-BajoPutumayo,10663.91,9914.97
2022-05-27,14,PT1H,MC-BajoPutumayo,10673.62,9869.01
2022-05-27,15,PT1H,MC-BajoPutumayo,11217.41,10281.22
2022-05-27,16,PT1H,MC-BajoPutumayo,11790.08,10436.93
2022-05-27,17,PT1H,MC-BajoPutumayo,11788.28,10597.58
2022-05-27,18,PT1H,MC-BajoPutumayo,11442.54,10650.93
2022-05-27,19,PT1H,MC-BajoPutumayo,12491.26,11732.4
2022-05-27,20,PT1H,MC-BajoPutumayo,12738.44,12226.41
2022-05-27,21,PT1H,MC-BajoPutumayo,11938.8,11325.59
2022-05-27,22,PT1H,MC-BajoPutumayo,10761.79,10474.19
2022-05-27,23,PT1H,MC-BajoPutumayo,9369.23,9050.61
2022-05-27,24,PT1H,MC-BajoPutumayo,8024.17,7752.31
2025-09-04,1,PT1H,MC-BajoPutumayo,8186.43,8106.8
2025-09-04,2,PT1H,MC-BajoPutumayo,7603.57,7746.8
2025-09-04,3,PT1H,MC-BajoPutumayo,7257.48,7262.6
2025-09-04,4,PT1H,MC-BajoPutumayo,7126.61,7141.2
2025-09-04,5,PT1H,MC-BajoPutumayo,7185.2,7143.9
2025-09-04,6,PT1H,MC-BajoPutumayo,7837.46,7694.5
2025-09-04,7,PT1H,MC-BajoPutumayo,8485.28,8280.9
2025-09-04,8,PT1H,MC-BajoPutumayo,9216.47,9094.4
2025-09-04,9,PT1H,MC-BajoPutumayo,10274.87,10332.9
2025-09-04,10,PT1H,MC-BajoPutumayo,11103.37,11193.0
2025-09-04,11,PT1H,MC-BajoPutumayo,11989.13,12205.4
2025-09-04,12,PT1H,MC-BajoPutumayo,12790.15,12781.9
2025-09-04,13,PT1H,MC-BajoPutumayo,12681.59,12426.2
2025-09-04,14,PT1H,MC-BajoPutumayo,13020.12,12384.8
2025-09-04,15,PT1H,MC-BajoPutumayo,14246.85,12597.2
2025-09-04,16,PT1H,MC-BajoPutumayo,14663.88,12679.0
2025-09-04,17,PT1H,MC-BajoPutumayo,14539.01,12489.3
2025-09-04,18,PT1H,MC-BajoPutumayo,14407.52,12450.7
2025-09-04,19,PT1H,MC-BajoPutumayo,15667.29,14212.1
2025-09-04,20,PT1H,MC-BajoPutumayo,15756.5,14985.4
2025-09-04,21,PT1H,MC-BajoPutumayo,14560.14,13995.7
2025-09-04,22,PT1H,MC-BajoPutumayo,13026.12,12743.8
2025-09-04,23,PT1H,MC-BajoPutumayo,11306.71,10923.9
2025-09-04,24,PT1H,MC-BajoPutumayo,9800.81,9449.3
2023-02-08,1,PT1H,MC-BajoPutumayo,7117.56,7155.73
2023-02-08,2,PT1H,MC-BajoPutumayo,6811.99,6694.49
2023-02-08,3,PT1H,MC-BajoPutumayo,6596.89,6489.36
2023-02-08,4,PT1H,MC-BajoPutumayo,6680.3,6386.17
2023-02-08,5,PT1H,MC-BajoPutumayo,6573.67,6408.05
2023-02-08,6,PT1H,MC-BajoPutumayo,7266.32,6805.39
2023-02-08,7,PT1H,MC-BajoPutumayo,8073.37,7347.43
2023-02-08,8,PT1H,MC-BajoPutumayo,8613.37,8695.83
2023-02-08,9,PT1H,MC-BajoPutumayo,9501.43,9733.91
2023-02-08,10,PT1H,MC-BajoPutumayo,10123.89,10614.12
2023-02-08,11,PT1H,MC-BajoPutumayo,10595.73,11481.38
2023-02-08,12,PT1H,MC-BajoPutumayo,11039.37,12137.56
2023-02-08,13,PT1H,MC-BajoPutumayo,10719.51,11914.52
2023-02-08,14,PT1H,MC-BajoPutumayo,11055.69,12144.77
2023-02-08,15,PT1H,MC-BajoPutumayo,12071.76,12977.97
2023-02-08,16,PT1H,MC-BajoPutumayo,12553.41,13291.51
2023-02-08,17,PT1H,MC-BajoPutumayo,12262.08,13282.56
2023-02-08,18,PT1H,MC-BajoPutumayo,11971.14,12918.05
2023-02-08,19,PT1H,MC-BajoPutumayo,12729.22,13464.57
2023-02-08,20,PT1H,MC-BajoPutumayo,13551.37,14192.85
2023-02-08,21,PT1H,MC-BajoPutumayo,12642.82,13219.41
2023-02-08,22,PT1H,MC-BajoPutumayo,11413.5,12026.66
2023-02-08,23,PT1H,MC-BajoPutumayo,9765.81,10399.78
2023-02-08,24,PT1H,MC-BajoPutumayo,8431.93,8858.94
2025-04-13,1,PT1H,MC-BajoPutumayo,8819.29,8394.6
2025-04-13,2,PT1H,MC-BajoPutumayo,8288.92,7886.1
2025-04-13,3,PT1H,MC-BajoPutumayo,7580.44,7445.9
2025-04-13,4,PT1H,MC-BajoPutumayo,7280.49,7227.5
2025-04-13,5,PT1H,MC-BajoPutumayo,7112.1,7065.3
2025-04-13,6,PT1H,MC-BajoPutumayo,7184.2,7193.3
2025-04-13,7,PT1H,MC-BajoPutumayo,7320.92,7367.9
2025-04-13,8,PT1H,MC-BajoPutumayo,8163.16,8332.4
2025-04-13,9,PT1H,MC-BajoPutumayo,9197.03,9443.6
2025-04-13,10,PT1H,MC-BajoPutumayo,10021.88,10202.1
2025-04-13,11,PT1H,MC-BajoPutumayo,10763.83,10635.2
2025-04-13,12,PT1H,MC-BajoPutumayo,11714.29,11055.8
2025-04-13,13,PT1H,MC-BajoPutumayo,11873.22,11282.1
2025-04-13,14,PT1H,MC-BajoPutumayo,11630.3,11110.5
2025-04-13,15,PT1H,MC-BajoPutumayo,11631.34,11163.8
2025-04-13,16,PT1H,MC-BajoPutumayo,11773.92,11305.2
2025-04-13,17,PT1H,MC-BajoPutumayo,11679.82,11431.1
2025-04-13,18,PT1H,MC-BajoPutumayo,11660.09,11571.4
2025-04-13,19,PT1H,MC-BajoPutumayo,12822.03,13000.1
2025-04-13,20,PT1H,MC-BajoPutumayo,13304.85,13545.3
2025-04-13,21,PT1H,MC-BajoPutumayo,12677.23,12978.6
2025-04-13,22,PT1H,MC-BajoPutumayo,11768.13,11947.1
2025-04-13,23,PT1H,MC-BajoPutumayo,10480.56,10214.1
2025-04-13,24,PT1H,MC-BajoPutumayo,9300.35,8927.1
2024-09-04,1,PT1H,MC-BajoPutumayo,8247.85,7894.3
2024-09-04,2,PT1H,MC-BajoPutumayo,7942.34,7517.7
2024-09-04,3,PT1H,MC-BajoPutumayo,7423.67,7345.1
2024-09-04,4,PT1H,MC-BajoPutumayo,7375.93,7181.6
2024-09-04,5,PT1H,MC-BajoPutumayo,7456.35,7176.4
2024-09-04,6,PT1H,MC-BajoPutumayo,8028.68,7841.6
2024-09-04,7,PT1H,MC-BajoPutumayo,8639.72,8378.2
2024-09-04,8,PT1H,MC-BajoPutumayo,9736.43,9445.2
2024-09-04,9,PT1H,MC-BajoPutumayo,9478.37,8793.4
2024-09-04,10,PT1H,MC-BajoPutumayo,9396.72,9980.9
2024-09-04,11,PT1H,MC-BajoPutumayo,10040.7,10668.3
2024-09-04,12,PT1H,MC-BajoPutumayo,10426.63,10921.4
2024-09-04,13,PT1H,MC-BajoPutumayo,10516.16,10767.2
2024-09-04,14,PT1H,MC-BajoPutumayo,11074.4,11232.6
2024-09-04,15,PT1H,MC-BajoPutumayo,11341.76,11841.5
2024-09-04,16,PT1H,MC-BajoPutumayo,10781.0,11871.1
2024-09-04,17,PT1H,MC-BajoPutumayo,11307.56,13600.3
2024-09-04,18,PT1H,MC-BajoPutumayo,13278.71,13870.8
2024-09-04,19,PT1H,MC-BajoPutumayo,15764.23,15292.6
2024-09-04,20,PT1H,MC-BajoPutumayo,15663.18,15277.3
2024-09-04,21,PT1H,MC-BajoPutumayo,14603.23,14390.8
2024-09-04,22,PT1H,MC-BajoPutumayo,13271.26,12831.7
2024-09-04,23,PT1H,MC-BajoPutumayo,11506.56,10934.8
2024-09-04,24,PT1H,MC-BajoPutumayo,9858.07,9388.4
2022-10-20,1,PT1H,MC-BajoPutumayo,6795.59,8032.95
2022-10-20,2,PT1H,MC-BajoPutumayo,6459.16,7546.41
2022-10-20,3,PT1H,MC-BajoPutumayo,6310.8,7163.39
2022-10-20,4,PT1H,MC-BajoPutumayo,6212.94,6956.1
2022-10-20,5,PT1H,MC-BajoPutumayo,6317.6,6882.78
2022-10-20,6,PT1H,MC-BajoPutumayo,6821.68,7159.26
2022-10-20,7,PT1H,MC-BajoPutumayo,7803.85,7833.93
2022-10-20,8,PT1H,MC-BajoPutumayo,8275.96,8836.64
2022-10-20,9,PT1H,MC-BajoPutumayo,9053.2,9525.33
2022-10-20,10,PT1H,MC-BajoPutumayo,9706.51,9995.93
2022-10-20,11,PT1H,MC-BajoPutumayo,10644.96,10578.49
2022-10-20,12,PT1H,MC-BajoPutumayo,11589.64,11181.89
2022-10-20,13,PT1H,MC-BajoPutumayo,11325.38,11301.83
2022-10-20,14,PT1H,MC-BajoPutumayo,11607.73,11087.18
2022-10-20,15,PT1H,MC-BajoPutumayo,12464.2,11459.73
2022-10-20,16,PT1H,MC-BajoPutumayo,12360.45,11589.12
2022-10-20,17,PT1H,MC-BajoPutumayo,12641.32,11536.17
2022-10-20,18,PT1H,MC-BajoPutumayo,12547.17,11791.24
2022-10-20,19,PT1H,MC-BajoPutumayo,13996.53,13745.36
2022-10-20,20,PT1H,MC-BajoPutumayo,13892.64,14633.59
2022-10-20,21,PT1H,MC-BajoPutumayo,12856.61,13846.5
2022-10-20,22,PT1H,MC-BajoPutumayo,11553.9,12239.6
2022-10-20,23,PT1H,MC-BajoPutumayo,9958.86,10160.75
2022-10-20,24,PT1H,MC-BajoPutumayo,8579.23,8456.82
2025-05-11,1,PT1H,MC-BajoPutumayo,9366.02,8658.3
2025-05-11,2,PT1H,MC-BajoPutumayo,8778.45,8107.2
2025-05-11,3,PT1H,MC-BajoPutumayo,8381.52,7579.8
2025-05-11,4,PT1H,MC-BajoPutumayo,8027.41,7307.2
2025-05-11,5,PT1H,MC-BajoPutumayo,7791.01,7166.3
2025-05-11,6,PT1H,MC-BajoPutumayo,7458.44,7234.1
2025-05-11,7,PT1H,MC-BajoPutumayo,7408.74,7323.9
2025-05-11,8,PT1H,MC-BajoPutumayo,8301.07,8035.1
2025-05-11,9,PT1H,MC-BajoPutumayo,9339.2,9007.6
2025-05-11,10,PT1H,MC-BajoPutumayo,10089.42,9797.9
2025-05-11,11,PT1H,MC-BajoPutumayo,10775.21,10393.4
2025-05-11,12,PT1H,MC-BajoPutumayo,11213.26,10944.3
2025-05-11,13,PT1H,MC-BajoPutumayo,10978.53,11026.6
2025-05-11,14,PT1H,MC-BajoPutumayo,10521.31,10897.0
2025-05-11,15,PT1H,MC-BajoPutumayo,10179.98,10957.9
2025-05-11,16,PT1H,MC-BajoPutumayo,10086.81,11049.0
2025-05-11,17,PT1H,MC-BajoPutumayo,10110.33,11055.8
2025-05-11,18,PT1H,MC-BajoPutumayo,10435.96,11072.8
2025-05-11,19,PT1H,MC-BajoPutumayo,11746.17,12348.2
2025-05-11,20,PT1H,MC-BajoPutumayo,12179.84,12757.5
2025-05-11,21,PT1H,MC-BajoPutumayo,11648.4,12208.2
2025-05-11,22,PT1H,MC-BajoPutumayo,10886.63,11328.5
2025-05-11,23,PT1H,MC-BajoPutumayo,9778.95,10019.3
2025-05-11,24,PT1H,MC-BajoPutumayo,8740.9,8828.5
2025-08-01,1,PT1H,MC-BajoPutumayo,7722.53,8087.5
2025-08-01,2,PT1H,MC-BajoPutumayo,7323.28,7581.1
2025-08-01,3,PT1H,MC-BajoPutumayo,7958.47,7343.2
2025-08-01,4,PT1H,MC-BajoPutumayo,6877.4,7237.3
2025-08-01,5,PT1H,MC-BajoPutumayo,6846.42,7304.2
2025-08-01,6,PT1H,MC-BajoPutumayo,7489.92,7931.5
2025-08-01,7,PT1H,MC-BajoPutumayo,8324.74,8986.2
2025-08-01,8,PT1H,MC-BajoPutumayo,9147.68,9913.7
2025-08-01,9,PT1H,MC-BajoPutumayo,10208.29,10867.2
2025-08-01,10,PT1H,MC-BajoPutumayo,10830.85,11513.1
2025-08-01,11,PT1H,MC-BajoPutumayo,11455.22,12013.6
2025-08-01,12,PT1H,MC-BajoPutumayo,11912.56,12585.6
2025-08-01,13,PT1H,MC-BajoPutumayo,11774.11,12394.3
2025-08-01,14,PT1H,MC-BajoPutumayo,12053.63,12192.8
2025-08-01,15,PT1H,MC-BajoPutumayo,13187.09,12667.0
2025-08-01,16,PT1H,MC-BajoPutumayo,13708.81,12856.6
2025-08-01,17,PT1H,MC-BajoPutumayo,13644.27,12991.7
2025-08-01,18,PT1H,MC-BajoPutumayo,13508.07,13262.3
2025-08-01,19,PT1H,MC-BajoPutumayo,14694.33,14814.7
2025-08-01,20,PT1H,MC-BajoPutumayo,15415.12,15291.1
2025-08-01,21,PT1H,MC-BajoPutumayo,14607.91,14326.1
2025-08-01,22,PT1H,MC-BajoPutumayo,13319.64,12786.5
2025-08-01,23,PT1H,MC-BajoPutumayo,11312.45,10915.9
2025-08-01,24,PT1H,MC-BajoPutumayo,9721.14,9502.2
2022-08-31,1,PT1H,MC-BajoPutumayo,6730.33,7276.22
2022-08-31,2,PT1H,MC-BajoPutumayo,6398.95,6851.75
2022-08-31,3,PT1H,MC-BajoPutumayo,6223.06,6554.56
2022-08-31,4,PT1H,MC-BajoPutumayo,6157.37,6407.29
2022-08-31,5,PT1H,MC-BajoPutumayo,6235.58,6419.12
2022-08-31,6,PT1H,MC-BajoPutumayo,6960.08,6789.33
2022-08-31,7,PT1H,MC-BajoPutumayo,7802.97,7638.42
2022-08-31,8,PT1H,MC-BajoPutumayo,8359.02,8322.85
2022-08-31,9,PT1H,MC-BajoPutumayo,9174.09,9530.82
2022-08-31,10,PT1H,MC-BajoPutumayo,9946.67,10108.59
2022-08-31,11,PT1H,MC-BajoPutumayo,10587.24,10652.93
2022-08-31,12,PT1H,MC-BajoPutumayo,11005.31,11032.9
2022-08-31,13,PT1H,MC-BajoPutumayo,10874.23,10777.86
2022-08-31,14,PT1H,MC-BajoPutumayo,11398.79,10967.42
2022-08-31,15,PT1H,MC-BajoPutumayo,12272.09,11861.45
2022-08-31,16,PT1H,MC-BajoPutumayo,12521.55,12158.58
2022-08-31,17,PT1H,MC-BajoPutumayo,12531.42,12217.3
2022-08-31,18,PT1H,MC-BajoPutumayo,12229.35,11990.38
2022-08-31,19,PT1H,MC-BajoPutumayo,13428.78,12836.85
2022-08-31,20,PT1H,MC-BajoPutumayo,13382.98,13199.96
2022-08-31,21,PT1H,MC-BajoPutumayo,12446.65,12412.14
2022-08-31,22,PT1H,MC-BajoPutumayo,11003.46,11098.21
2022-08-31,23,PT1H,MC-BajoPutumayo,9185.25,9348.54
2022-08-31,24,PT1H,MC-BajoPutumayo,7750.3,7903.94
2024-04-04,1,PT1H,MC-BajoPutumayo,8143.53,8613.62
2024-04-04,2,PT1H,MC-BajoPutumayo,7632.58,8146.8
2024-04-04,3,PT1H,MC-BajoPutumayo,7374.11,7866.37
2024-04-04,4,PT1H,MC-BajoPutumayo,7233.24,7680.15
2024-04-04,5,PT1H,MC-BajoPutumayo,7302.81,7630.29
2024-04-04,6,PT1H,MC-BajoPutumayo,7924.88,7978.27
2024-04-04,7,PT1H,MC-BajoPutumayo,8432.74,8237.85
2024-04-04,8,PT1H,MC-BajoPutumayo,9254.05,9231.85
2024-04-04,9,PT1H,MC-BajoPutumayo,10385.92,10421.61
2024-04-04,10,PT1H,MC-BajoPutumayo,10786.05,11259.52
2024-04-04,11,PT1H,MC-BajoPutumayo,11051.55,11841.52
2024-04-04,12,PT1H,MC-BajoPutumayo,11566.57,12458.75
2024-04-04,13,PT1H,MC-BajoPutumayo,11321.52,12285.53
2024-04-04,14,PT1H,MC-BajoPutumayo,11830.86,12292.26
2024-04-04,15,PT1H,MC-BajoPutumayo,12842.68,12627.92
2024-04-04,16,PT1H,MC-BajoPutumayo,13311.7,12601.46
2024-04-04,17,PT1H,MC-BajoPutumayo,13336.73,12443.6
2024-04-04,18,PT1H,MC-BajoPutumayo,12961.59,12410.49
2024-04-04,19,PT1H,MC-BajoPutumayo,13943.52,13637.15
2024-04-04,20,PT1H,MC-BajoPutumayo,13809.56,14518.39
2024-04-04,21,PT1H,MC-BajoPutumayo,12856.85,13747.04
2024-04-04,22,PT1H,MC-BajoPutumayo,11379.71,12613.99
2024-04-04,23,PT1H,MC-BajoPutumayo,9727.3,11096.58
2024-04-04,24,PT1H,MC-BajoPutumayo,8548.73,9626.12
2025-10-16,1,PT1H,MC-BajoPutumayo,17268.36,15726.9
2025-10-16,2,PT1H,MC-BajoPutumayo,16041.04,14967.7
2025-10-16,3,PT1H,MC-BajoPutumayo,15510.5,14273.6
2025-10-16,4,PT1H,MC-BajoPutumayo,15240.12,14092.4
2025-10-16,5,PT1H,MC-BajoPutumayo,15769.84,14198.0
2025-10-16,6,PT1H,MC-BajoPutumayo,16509.4,15488.0
2025-10-16,7,PT1H,MC-BajoPutumayo,17704.96,16873.2
2025-10-16,8,PT1H,MC-BajoPutumayo,19581.78,18298.3
2025-10-16,9,PT1H,MC-BajoPutumayo,21395.9,19920.1
2025-10-16,10,PT1H,MC-BajoPutumayo,23050.74,21193.7
2025-10-16,11,PT1H,MC-BajoPutumayo,23873.74,22622.7
2025-10-16,12,PT1H,MC-BajoPutumayo,24688.38,23793.3
2025-10-16,13,PT1H,MC-BajoPutumayo,23836.66,24417.0
2025-10-16,14,PT1H,MC-BajoPutumayo,22501.44,25319.8
2025-10-16,15,PT1H,MC-BajoPutumayo,22944.8,27136.1
2025-10-16,16,PT1H,MC-BajoPutumayo,23671.42,27279.8
2025-10-16,17,PT1H,MC-BajoPutumayo,23467.6,26634.3
2025-10-16,18,PT1H,MC-BajoPutumayo,24740.66,26610.6
2025-10-16,19,PT1H,MC-BajoPutumayo,28292.34,29428.5
2025-10-16,20,PT1H,MC-BajoPutumayo,28040.74,28878.5
2025-10-16,21,PT1H,MC-BajoPutumayo,26010.82,27337.1
2025-10-16,22,PT1H,MC-BajoPutumayo,23222.62,24694.0
2025-10-16,23,PT1H,MC-BajoPutumayo,19501.32,21066.9
2025-10-16,24,PT1H,MC-BajoPutumayo,17131.42,18309.1
2023-12-21,1,PT1H,MC-BajoPutumayo,8841.13,7127.52
2023-12-21,2,PT1H,MC-BajoPutumayo,8218.7,6693.2
2023-12-21,3,PT1H,MC-BajoPutumayo,7923.71,6503.25
2023-12-21,4,PT1H,MC-BajoPutumayo,7758.38,6372.42
2023-12-21,5,PT1H,MC-BajoPutumayo,7774.15,6441.67
2023-12-21,6,PT1H,MC-BajoPutumayo,7972.56,6852.43
2023-12-21,7,PT1H,MC-BajoPutumayo,8165.7,7212.88
2023-12-21,8,PT1H,MC-BajoPutumayo,9430.56,8194.97
2023-12-21,9,PT1H,MC-BajoPutumayo,11204.09,9601.89
2023-12-21,10,PT1H,MC-BajoPutumayo,12549.12,10325.23
2023-12-21,11,PT1H,MC-BajoPutumayo,13456.06,11125.26
2023-12-21,12,PT1H,MC-BajoPutumayo,14195.48,11720.92
2023-12-21,13,PT1H,MC-BajoPutumayo,14049.85,11431.02
2023-12-21,14,PT1H,MC-BajoPutumayo,13943.03,11528.62
2023-12-21,15,PT1H,MC-BajoPutumayo,14519.81,12139.86
2023-12-21,16,PT1H,MC-BajoPutumayo,14530.9,12284.77
2023-12-21,17,PT1H,MC-BajoPutumayo,14122.3,12101.65
2023-12-21,18,PT1H,MC-BajoPutumayo,13663.56,11860.86
2023-12-21,19,PT1H,MC-BajoPutumayo,14619.51,12746.47
2023-12-21,20,PT1H,MC-BajoPutumayo,14563.09,12665.43
2023-12-21,21,PT1H,MC-BajoPutumayo,13900.88,11865.92
2023-12-21,22,PT1H,MC-BajoPutumayo,12776.44,10681.62
2023-12-21,23,PT1H,MC-BajoPutumayo,11453.22,9427.32
2023-12-21,24,PT1H,MC-BajoPutumayo,10182.51,8339.84
2023-06-15,1,PT1H,MC-BajoPutumayo,6915.12,6846.03
2023-06-15,2,PT1H,MC-BajoPutumayo,6501.83,6464.48
2023-06-15,3,PT1H,MC-BajoPutumayo,6298.17,6260.59
2023-06-15,4,PT1H,MC-BajoPutumayo,6235.48,6128.57
2023-06-15,5,PT1H,MC-BajoPutumayo,6282.61,6170.13
2023-06-15,6,PT1H,MC-BajoPutumayo,6943.78,6640.88
2023-06-15,7,PT1H,MC-BajoPutumayo,7726.67,6974.38
2023-06-15,8,PT1H,MC-BajoPutumayo,8395.89,7452.05
2023-06-15,9,PT1H,MC-BajoPutumayo,9121.52,8573.08
2023-06-15,10,PT1H,MC-BajoPutumayo,9492.2,9525.59
2023-06-15,11,PT1H,MC-BajoPutumayo,9721.02,9678.8
2023-06-15,12,PT1H,MC-BajoPutumayo,9867.55,10109.09
2023-06-15,13,PT1H,MC-BajoPutumayo,9398.08,9859.02
2023-06-15,14,PT1H,MC-BajoPutumayo,9236.71,9983.81
2023-06-15,15,PT1H,MC-BajoPutumayo,9405.84,10680.85
2023-06-15,16,PT1H,MC-BajoPutumayo,9492.87,10864.99
2023-06-15,17,PT1H,MC-BajoPutumayo,9630.55,10840.24
2023-06-15,18,PT1H,MC-BajoPutumayo,9935.73,11168.8
2023-06-15,19,PT1H,MC-BajoPutumayo,11090.77,12129.45
2023-06-15,20,PT1H,MC-BajoPutumayo,11130.44,12452.7
2023-06-15,21,PT1H,MC-BajoPutumayo,10173.09,11740.55
2023-06-15,22,PT1H,MC-BajoPutumayo,8855.11,10606.12
2023-06-15,23,PT1H,MC-BajoPutumayo,7272.26,9179.13
2023-06-15,24,PT1H,MC-BajoPutumayo,6264.17,7906.25
2024-01-19,1,PT1H,MC-BajoPutumayo,7805.73,7409.93
2024-01-19,2,PT1H,MC-BajoPutumayo,7272.92,6939.06
2024-01-19,3,PT1H,MC-BajoPutumayo,7041.21,6741.54
2024-01-19,4,PT1H,MC-BajoPutumayo,6895.0,6747.97
2024-01-19,5,PT1H,MC-BajoPutumayo,6896.92,6618.22
2024-01-19,6,PT1H,MC-BajoPutumayo,7107.47,7172.51
2024-01-19,7,PT1H,MC-BajoPutumayo,7443.05,7437.26
2024-01-19,8,PT1H,MC-BajoPutumayo,8451.15,8431.96
2024-01-19,9,PT1H,MC-BajoPutumayo,9505.55,9724.58
2024-01-19,10,PT1H,MC-BajoPutumayo,10716.43,10352.73
2024-01-19,11,PT1H,MC-BajoPutumayo,11708.64,10772.81
2024-01-19,12,PT1H,MC-BajoPutumayo,12319.05,11299.88
2024-01-19,13,PT1H,MC-BajoPutumayo,11530.2,11116.96
2024-01-19,14,PT1H,MC-BajoPutumayo,11438.57,11139.19
2024-01-19,15,PT1H,MC-BajoPutumayo,12842.05,11695.24
2024-01-19,16,PT1H,MC-BajoPutumayo,13131.87,11790.94
2024-01-19,17,PT1H,MC-BajoPutumayo,12777.71,11774.66
2024-01-19,18,PT1H,MC-BajoPutumayo,11980.68,11455.89
2024-01-19,19,PT1H,MC-BajoPutumayo,12498.19,12876.4
2024-01-19,20,PT1H,MC-BajoPutumayo,12988.78,13071.23
2024-01-19,21,PT1H,MC-BajoPutumayo,12234.24,12203.79
2024-01-19,22,PT1H,MC-BajoPutumayo,11288.72,11404.67
2024-01-19,23,PT1H,MC-BajoPutumayo,9938.73,9101.25
2024-01-19,24,PT1H,MC-BajoPutumayo,8737.42,7966.8
2024-12-02,1,PT1H,MC-BajoPutumayo,8378.85,8632.5
2024-12-02,2,PT1H,MC-BajoPutumayo,7971.73,8189.6
2024-12-02,3,PT1H,MC-BajoPutumayo,7534.02,7871.1
2024-12-02,4,PT1H,MC-BajoPutumayo,7506.8,7796.9
2024-12-02,5,PT1H,MC-BajoPutumayo,7192.1,7925.4
2024-12-02,6,PT1H,MC-BajoPutumayo,7395.0,8375.7
2024-12-02,7,PT1H,MC-BajoPutumayo,8804.01,9225.7
2024-12-02,8,PT1H,MC-BajoPutumayo,10208.94,10517.5
2024-12-02,9,PT1H,MC-BajoPutumayo,11403.81,10949.2
2024-12-02,10,PT1H,MC-BajoPutumayo,12054.23,11354.0
2024-12-02,11,PT1H,MC-BajoPutumayo,13795.97,12472.3
2024-12-02,12,PT1H,MC-BajoPutumayo,14497.25,13115.9
2024-12-02,13,PT1H,MC-BajoPutumayo,13595.04,12580.2
2024-12-02,14,PT1H,MC-BajoPutumayo,14363.1,12760.5
2024-12-02,15,PT1H,MC-BajoPutumayo,14827.4,13424.8
2024-12-02,16,PT1H,MC-BajoPutumayo,14625.99,13800.8
2024-12-02,17,PT1H,MC-BajoPutumayo,14419.5,13316.8
2024-12-02,18,PT1H,MC-BajoPutumayo,14602.94,14421.9
2024-12-02,19,PT1H,MC-BajoPutumayo,15774.92,15474.4
2024-12-02,20,PT1H,MC-BajoPutumayo,14878.54,14883.0
2024-12-02,21,PT1H,MC-BajoPutumayo,13773.51,13877.4
2024-12-02,22,PT1H,MC-BajoPutumayo,12196.92,12304.5
2024-12-02,23,PT1H,MC-BajoPutumayo,10693.55,10452.2
2024-12-02,24,PT1H,MC-BajoPutumayo,9111.83,8733.7
2025-10-10,1,PT1H,MC-BajoPutumayo,16776.74,15130.7
2025-10-10,2,PT1H,MC-BajoPutumayo,15652.1,14295.6
2025-10-10,3,PT1H,MC-BajoPutumayo,15026.34,13786.0
2025-10-10,4,PT1H,MC-BajoPutumayo,14732.34,13573.5
2025-10-10,5,PT1H,MC-BajoPutumayo,14966.92,13700.2
2025-10-10,6,PT1H,MC-BajoPutumayo,15735.96,14391.5
2025-10-10,7,PT1H,MC-BajoPutumayo,16796.7,16297.3
2025-10-10,8,PT1H,MC-BajoPutumayo,19189.28,17804.0
2025-10-10,9,PT1H,MC-BajoPutumayo,21627.34,19891.3
2025-10-10,10,PT1H,MC-BajoPutumayo,22691.76,21173.3
2025-10-10,11,PT1H,MC-BajoPutumayo,23286.32,22472.0
2025-10-10,12,PT1H,MC-BajoPutumayo,23711.1,23619.5
2025-10-10,13,PT1H,MC-BajoPutumayo,22583.88,23301.1
2025-10-10,14,PT1H,MC-BajoPutumayo,22226.46,23852.1
2025-10-10,15,PT1H,MC-BajoPutumayo,22631.5,25955.7
2025-10-10,16,PT1H,MC-BajoPutumayo,23219.88,26406.5
2025-10-10,17,PT1H,MC-BajoPutumayo,23649.4,25708.6
2025-10-10,18,PT1H,MC-BajoPutumayo,24755.64,25537.2
2025-10-10,19,PT1H,MC-BajoPutumayo,27764.1,28392.8
2025-10-10,20,PT1H,MC-BajoPutumayo,27267.08,28302.1
2025-10-10,21,PT1H,MC-BajoPutumayo,25337.6,26388.4
2025-10-10,22,PT1H,MC-BajoPutumayo,22451.0,23831.3
2025-10-10,23,PT1H,MC-BajoPutumayo,19247.52,20007.4
2025-10-10,24,PT1H,MC-BajoPutumayo,16905.78,17326.9
2024-11-26,1,PT1H,MC-BajoPutumayo,7942.41,7939.6
2024-11-26,2,PT1H,MC-BajoPutumayo,7632.36,7643.7
2024-11-26,3,PT1H,MC-BajoPutumayo,7265.45,7373.7
2024-11-26,4,PT1H,MC-BajoPutumayo,7256.26,7275.0
2024-11-26,5,PT1H,MC-BajoPutumayo,7508.01,7450.2
2024-11-26,6,PT1H,MC-BajoPutumayo,7661.62,6240.0
2024-11-26,7,PT1H,MC-BajoPutumayo,8847.35,8763.3
2024-11-26,8,PT1H,MC-BajoPutumayo,9995.38,9790.0
2024-11-26,9,PT1H,MC-BajoPutumayo,11539.83,11041.3
2024-11-26,10,PT1H,MC-BajoPutumayo,13173.17,11795.4
2024-11-26,11,PT1H,MC-BajoPutumayo,13747.34,12781.7
2024-11-26,12,PT1H,MC-BajoPutumayo,13708.64,12895.5
2024-11-26,13,PT1H,MC-BajoPutumayo,13275.7,12827.7
2024-11-26,14,PT1H,MC-BajoPutumayo,13888.82,13471.9
2024-11-26,15,PT1H,MC-BajoPutumayo,13541.52,14281.2
2024-11-26,16,PT1H,MC-BajoPutumayo,13371.61,13834.4
2024-11-26,17,PT1H,MC-BajoPutumayo,13274.0,13727.1
2024-11-26,18,PT1H,MC-BajoPutumayo,13793.62,14316.7
2024-11-26,19,PT1H,MC-BajoPutumayo,14809.31,15054.1
2024-11-26,20,PT1H,MC-BajoPutumayo,14229.82,14406.2
2024-11-26,21,PT1H,MC-BajoPutumayo,13094.21,13146.6
2024-11-26,22,PT1H,MC-BajoPutumayo,11378.96,11577.9
2024-11-26,23,PT1H,MC-BajoPutumayo,9504.53,10047.5
2024-11-26,24,PT1H,MC-BajoPutumayo,8472.59,8968.9
2025-09-20,1,PT1H,MC-BajoPutumayo,7415.63,8576.2
2025-09-20,2,PT1H,MC-BajoPutumayo,6892.77,8005.9
2025-09-20,3,PT1H,MC-BajoPutumayo,6535.18,7654.5
2025-09-20,4,PT1H,MC-BajoPutumayo,6431.33,7500.1
2025-09-20,5,PT1H,MC-BajoPutumayo,5442.39,7438.3
2025-09-20,6,PT1H,MC-BajoPutumayo,4552.86,7674.2
2025-09-20,7,PT1H,MC-BajoPutumayo,6500.59,7857.4
2025-09-20,8,PT1H,MC-BajoPutumayo,9516.87,8830.9
2025-09-20,9,PT1H,MC-BajoPutumayo,10771.42,10321.2
2025-09-20,10,PT1H,MC-BajoPutumayo,11214.92,11562.0
2025-09-20,11,PT1H,MC-BajoPutumayo,12120.94,12229.8
2025-09-20,12,PT1H,MC-BajoPutumayo,12825.68,12938.7
2025-09-20,13,PT1H,MC-BajoPutumayo,13576.44,13120.0
2025-09-20,14,PT1H,MC-BajoPutumayo,11901.62,13086.5
2025-09-20,15,PT1H,MC-BajoPutumayo,14401.18,13330.4
2025-09-20,16,PT1H,MC-BajoPutumayo,14901.83,13526.2
2025-09-20,17,PT1H,MC-BajoPutumayo,14265.2,13527.0
2025-09-20,18,PT1H,MC-BajoPutumayo,13633.71,13415.8
2025-09-20,19,PT1H,MC-BajoPutumayo,15301.91,14677.5
2025-09-20,20,PT1H,MC-BajoPutumayo,15538.09,15069.2
2025-09-20,21,PT1H,MC-BajoPutumayo,14693.49,14123.9
2025-09-20,22,PT1H,MC-BajoPutumayo,13763.47,12863.8
2025-09-20,23,PT1H,MC-BajoPutumayo,12385.15,11343.6
2025-09-20,24,PT1H,MC-BajoPutumayo,10862.55,9950.8
2023-11-19,1,PT1H,MC-BajoPutumayo,9055.47,9903.66
2023-11-19,2,PT1H,MC-BajoPutumayo,8491.64,9351.17
2023-11-19,3,PT1H,MC-BajoPutumayo,8170.57,8960.94
2023-11-19,4,PT1H,MC-BajoPutumayo,7997.6,8693.21
2023-11-19,5,PT1H,MC-BajoPutumayo,7904.32,8535.82
2023-11-19,6,PT1H,MC-BajoPutumayo,7145.66,0.0
2023-11-19,7,PT1H,MC-BajoPutumayo,7312.04,0.0
2023-11-19,8,PT1H,MC-BajoPutumayo,8197.13,0.0
2023-11-19,9,PT1H,MC-BajoPutumayo,9176.32,0.0
2023-11-19,10,PT1H,MC-BajoPutumayo,9831.07,0.0
2023-11-19,11,PT1H,MC-BajoPutumayo,10036.16,12779.3
2023-11-19,12,PT1H,MC-BajoPutumayo,8495.68,13677.5
2023-11-19,13,PT1H,MC-BajoPutumayo,9174.43,14115.21
2023-11-19,14,PT1H,MC-BajoPutumayo,9798.9,13946.02
2023-11-19,15,PT1H,MC-BajoPutumayo,10425.81,13767.66
2023-11-19,16,PT1H,MC-BajoPutumayo,9138.56,13790.98
2023-11-19,17,PT1H,MC-BajoPutumayo,10541.22,13742.18
2023-11-19,18,PT1H,MC-BajoPutumayo,10772.44,13700.46
2023-11-19,19,PT1H,MC-BajoPutumayo,12041.47,15379.69
2023-11-19,20,PT1H,MC-BajoPutumayo,11620.07,15039.67
2023-11-19,21,PT1H,MC-BajoPutumayo,9904.13,14335.35
2023-11-19,22,PT1H,MC-BajoPutumayo,10245.58,13240.84
2023-11-19,23,PT1H,MC-BajoPutumayo,9371.59,11863.56
2023-11-19,24,PT1H,MC-BajoPutumayo,8548.49,10373.12
2024-06-07,1,PT1H,MC-BajoPutumayo,6908.26,6791.0
2024-06-07,2,PT1H,MC-BajoPutumayo,6530.2,6398.7
2024-06-07,3,PT1H,MC-BajoPutumayo,6333.93,6200.9
2024-06-07,4,PT1H,MC-BajoPutumayo,6239.88,6087.3
2024-06-07,5,PT1H,MC-BajoPutumayo,6394.89,6161.2
2024-06-07,6,PT1H,MC-BajoPutumayo,7038.56,6642.0
2024-06-07,7,PT1H,MC-BajoPutumayo,7754.91,7148.8
2024-06-07,8,PT1H,MC-BajoPutumayo,8541.31,7929.4
2024-06-07,9,PT1H,MC-BajoPutumayo,9389.2,9078.6
2024-06-07,10,PT1H,MC-BajoPutumayo,9885.7,9699.8
2024-06-07,11,PT1H,MC-BajoPutumayo,10317.03,10433.3
2024-06-07,12,PT1H,MC-BajoPutumayo,10515.34,11093.0
2024-06-07,13,PT1H,MC-BajoPutumayo,9884.3,10759.2
2024-06-07,14,PT1H,MC-BajoPutumayo,9921.62,11064.2
2024-06-07,15,PT1H,MC-BajoPutumayo,10366.42,11999.2
2024-06-07,16,PT1H,MC-BajoPutumayo,10379.08,12117.8
2024-06-07,17,PT1H,MC-BajoPutumayo,10558.93,11776.5
2024-06-07,18,PT1H,MC-BajoPutumayo,10592.62,11174.0
2024-06-07,19,PT1H,MC-BajoPutumayo,11960.55,11784.7
2024-06-07,20,PT1H,MC-BajoPutumayo,12131.58,11811.8
2024-06-07,21,PT1H,MC-BajoPutumayo,11309.63,11529.5
2024-06-07,22,PT1H,MC-BajoPutumayo,10253.1,10628.6
2024-06-07,23,PT1H,MC-BajoPutumayo,8782.15,9230.9
2024-06-07,24,PT1H,MC-BajoPutumayo,7594.89,8114.2
2024-01-07,1,PT1H,MC-BajoPutumayo,8803.69,8732.01
2024-01-07,2,PT1H,MC-BajoPutumayo,8394.86,8177.08
2024-01-07,3,PT1H,MC-BajoPutumayo,8150.59,7772.09
2024-01-07,4,PT1H,MC-BajoPutumayo,7880.34,7564.57
2024-01-07,5,PT1H,MC-BajoPutumayo,7707.82,7470.83
2024-01-07,6,PT1H,MC-BajoPutumayo,7600.35,7424.87
2024-01-07,7,PT1H,MC-BajoPutumayo,7469.26,7564.17
2024-01-07,8,PT1H,MC-BajoPutumayo,8276.01,8490.26
2024-01-07,9,PT1H,MC-BajoPutumayo,9340.04,9609.84
2024-01-07,10,PT1H,MC-BajoPutumayo,10248.45,10330.7
2024-01-07,11,PT1H,MC-BajoPutumayo,11104.59,10777.29
2024-01-07,12,PT1H,MC-BajoPutumayo,11610.36,11083.29
2024-01-07,13,PT1H,MC-BajoPutumayo,11667.88,11334.22
2024-01-07,14,PT1H,MC-BajoPutumayo,11576.36,11290.99
2024-01-07,15,PT1H,MC-BajoPutumayo,11635.0,11450.76
2024-01-07,16,PT1H,MC-BajoPutumayo,11441.51,11517.39
2024-01-07,17,PT1H,MC-BajoPutumayo,11267.85,11410.82
2024-01-07,18,PT1H,MC-BajoPutumayo,11341.21,11516.74
2024-01-07,19,PT1H,MC-BajoPutumayo,12448.88,12821.25
2024-01-07,20,PT1H,MC-BajoPutumayo,13036.27,13232.88
2024-01-07,21,PT1H,MC-BajoPutumayo,12650.21,12704.47
2024-01-07,22,PT1H,MC-BajoPutumayo,11846.06,11605.91
2024-01-07,23,PT1H,MC-BajoPutumayo,10786.58,10445.79
2024-01-07,24,PT1H,MC-BajoPutumayo,9858.02,9324.19
2026-02-14,1,PT1H,MC-BajoPutumayo,8219.21,8442.5
2026-02-14,2,PT1H,MC-BajoPutumayo,7804.64,8015.1
2026-02-14,3,PT1H,MC-BajoPutumayo,7518.33,7749.3
2026-02-14,4,PT1H,MC-BajoPutumayo,7476.26,7678.6
2026-02-14,5,PT1H,MC-BajoPutumayo,7482.46,7850.2
2026-02-14,6,PT1H,MC-BajoPutumayo,7935.36,8649.2
2026-02-14,7,PT1H,MC-BajoPutumayo,8528.84,9168.6
2026-02-14,8,PT1H,MC-BajoPutumayo,9967.27,9819.4
2026-02-14,9,PT1H,MC-BajoPutumayo,11319.36,10786.8
2026-02-14,10,PT1H,MC-BajoPutumayo,12009.07,11294.7
2026-02-14,11,PT1H,MC-BajoPutumayo,12486.19,12415.0
2026-02-14,12,PT1H,MC-BajoPutumayo,12423.0,12923.3
2026-02-14,13,PT1H,MC-BajoPutumayo,11989.99,12698.0
2026-02-14,14,PT1H,MC-BajoPutumayo,11827.15,13099.2
2026-02-14,15,PT1H,MC-BajoPutumayo,11897.14,13818.6
2026-02-14,16,PT1H,MC-BajoPutumayo,12174.38,14051.4
2026-02-14,17,PT1H,MC-BajoPutumayo,12152.22,13970.6
2026-02-14,18,PT1H,MC-BajoPutumayo,12991.61,13819.5
2026-02-14,19,PT1H,MC-BajoPutumayo,13996.02,14678.7
2026-02-14,20,PT1H,MC-BajoPutumayo,13615.58,14848.4
2026-02-14,21,PT1H,MC-BajoPutumayo,12194.76,14223.7
2026-02-14,22,PT1H,MC-BajoPutumayo,10687.73,11539.8
2026-02-14,23,PT1H,MC-BajoPutumayo,9267.54,10443.1
2026-02-14,24,PT1H,MC-BajoPutumayo,8304.59,9230.7
2024-10-02,1,PT1H,MC-BajoPutumayo,8835.5,8785.2
2024-10-02,2,PT1H,MC-BajoPutumayo,8341.4,8319.8
2024-10-02,3,PT1H,MC-BajoPutumayo,8044.59,8027.3
2024-10-02,4,PT1H,MC-BajoPutumayo,7869.97,7899.1
2024-10-02,5,PT1H,MC-BajoPutumayo,8027.74,8014.9
2024-10-02,6,PT1H,MC-BajoPutumayo,8390.66,8687.5
2024-10-02,7,PT1H,MC-BajoPutumayo,8983.05,9243.1
2024-10-02,8,PT1H,MC-BajoPutumayo,10423.39,10345.5
2024-10-02,9,PT1H,MC-BajoPutumayo,11630.84,11164.9
2024-10-02,10,PT1H,MC-BajoPutumayo,12575.34,11954.4
2024-10-02,11,PT1H,MC-BajoPutumayo,13825.36,12647.0
2024-10-02,12,PT1H,MC-BajoPutumayo,13629.38,13162.2
2024-10-02,13,PT1H,MC-BajoPutumayo,13676.63,13018.7
2024-10-02,14,PT1H,MC-BajoPutumayo,14414.8,13698.0
2024-10-02,15,PT1H,MC-BajoPutumayo,15200.99,14467.5
2024-10-02,16,PT1H,MC-BajoPutumayo,13901.62,14313.7
2024-10-02,17,PT1H,MC-BajoPutumayo,-561.39,14297.5
2024-10-02,18,PT1H,MC-BajoPutumayo,0.0,14993.0
2024-10-02,19,PT1H,MC-BajoPutumayo,0.0,17009.1
2024-10-02,20,PT1H,MC-BajoPutumayo,0.0,16595.0
2024-10-02,21,PT1H,MC-BajoPutumayo,6776.03,15489.2
2024-10-02,22,PT1H,MC-BajoPutumayo,12688.28,13852.1
2024-10-02,23,PT1H,MC-BajoPutumayo,8052.56,11830.2
2024-10-02,24,PT1H,MC-BajoPutumayo,3312.66,10308.7
2024-03-22,1,PT1H,MC-BajoPutumayo,8617.07,8616.84
2024-03-22,2,PT1H,MC-BajoPutumayo,8143.03,8121.86
2024-03-22,3,PT1H,MC-BajoPutumayo,7915.26,7724.25
2024-03-22,4,PT1H,MC-BajoPutumayo,7787.95,7542.72
2024-03-22,5,PT1H,MC-BajoPutumayo,7761.06,7467.87
2024-03-22,6,PT1H,MC-BajoPutumayo,7988.69,7665.11
2024-03-22,7,PT1H,MC-BajoPutumayo,8432.69,7944.51
2024-03-22,8,PT1H,MC-BajoPutumayo,8995.99,8845.58
2024-03-22,9,PT1H,MC-BajoPutumayo,10141.39,10136.02
2024-03-22,10,PT1H,MC-BajoPutumayo,10637.63,10946.14
2024-03-22,11,PT1H,MC-BajoPutumayo,10582.45,11508.59
2024-03-22,12,PT1H,MC-BajoPutumayo,11268.27,11961.65
2024-03-22,13,PT1H,MC-BajoPutumayo,11816.72,11708.18
2024-03-22,14,PT1H,MC-BajoPutumayo,12434.17,11495.38
2024-03-22,15,PT1H,MC-BajoPutumayo,13500.32,11416.06
2024-03-22,16,PT1H,MC-BajoPutumayo,13920.61,11666.85
2024-03-22,17,PT1H,MC-BajoPutumayo,13991.21,11920.62
2024-03-22,18,PT1H,MC-BajoPutumayo,13619.52,11873.49
2024-03-22,19,PT1H,MC-BajoPutumayo,14257.38,12878.13
2024-03-22,20,PT1H,MC-BajoPutumayo,14706.5,13590.49
2024-03-22,21,PT1H,MC-BajoPutumayo,13934.69,12890.77
2024-03-22,22,PT1H,MC-BajoPutumayo,12935.0,12011.47
2024-03-22,23,PT1H,MC-BajoPutumayo,11242.4,10782.59
2024-03-22,24,PT1H,MC-BajoPutumayo,9973.12,9533.4
2025-05-22,1,PT1H,MC-BajoPutumayo,8073.48,8177.0
2025-05-22,2,PT1H,MC-BajoPutumayo,7595.83,7583.9
2025-05-22,3,PT1H,MC-BajoPutumayo,7318.82,7330.4
2025-05-22,4,PT1H,MC-BajoPutumayo,7129.1,7123.7
2025-05-22,5,PT1H,MC-BajoPutumayo,7212.65,7119.2
2025-05-22,6,PT1H,MC-BajoPutumayo,7827.05,7483.6
2025-05-22,7,PT1H,MC-BajoPutumayo,8551.91,7983.7
2025-05-22,8,PT1H,MC-BajoPutumayo,9424.85,8611.7
2025-05-22,9,PT1H,MC-BajoPutumayo,10599.69,9595.3
2025-05-22,10,PT1H,MC-BajoPutumayo,11440.86,10200.7
2025-05-22,11,PT1H,MC-BajoPutumayo,12267.27,10676.4
2025-05-22,12,PT1H,MC-BajoPutumayo,12943.71,10883.3
2025-05-22,13,PT1H,MC-BajoPutumayo,12534.76,10628.3
2025-05-22,14,PT1H,MC-BajoPutumayo,12874.39,10540.2
2025-05-22,15,PT1H,MC-BajoPutumayo,13951.93,11011.2
2025-05-22,16,PT1H,MC-BajoPutumayo,14105.58,11200.7
2025-05-22,17,PT1H,MC-BajoPutumayo,13800.02,11348.6
2025-05-22,18,PT1H,MC-BajoPutumayo,13559.67,11323.5
2025-05-22,19,PT1H,MC-BajoPutumayo,14546.05,12571.3
2025-05-22,20,PT1H,MC-BajoPutumayo,14726.19,12950.8
2025-05-22,21,PT1H,MC-BajoPutumayo,13890.94,12223.1
2025-05-22,22,PT1H,MC-BajoPutumayo,12579.76,10962.9
2025-05-22,23,PT1H,MC-BajoPutumayo,10786.5,9489.9
2025-05-22,24,PT1H,MC-BajoPutumayo,9357.77,8224.7
2024-03-19,1,PT1H,MC-BajoPutumayo,8399.19,8045.97
2024-03-19,2,PT1H,MC-BajoPutumayo,7941.61,7645.22
2024-03-19,3,PT1H,MC-BajoPutumayo,7711.24,7373.3
2024-03-19,4,PT1H,MC-BajoPutumayo,7525.44,7181.01
2024-03-19,5,PT1H,MC-BajoPutumayo,7514.04,7244.41
2024-03-19,6,PT1H,MC-BajoPutumayo,8072.95,7829.01
2024-03-19,7,PT1H,MC-BajoPutumayo,8614.06,8304.92
2024-03-19,8,PT1H,MC-BajoPutumayo,9244.34,8869.17
2024-03-19,9,PT1H,MC-BajoPutumayo,10327.76,10305.44
2024-03-19,10,PT1H,MC-BajoPutumayo,11361.78,11114.73
2024-03-19,11,PT1H,MC-BajoPutumayo,12221.19,12020.97
2024-03-19,12,PT1H,MC-BajoPutumayo,12996.81,12705.08
2024-03-19,13,PT1H,MC-BajoPutumayo,12826.39,12399.31
2024-03-19,14,PT1H,MC-BajoPutumayo,13514.38,12269.88
2024-03-19,15,PT1H,MC-BajoPutumayo,14278.3,12874.83
2024-03-19,16,PT1H,MC-BajoPutumayo,14494.99,13266.89
2024-03-19,17,PT1H,MC-BajoPutumayo,14497.63,13084.01
2024-03-19,18,PT1H,MC-BajoPutumayo,14257.17,12853.37
2024-03-19,19,PT1H,MC-BajoPutumayo,15057.95,13468.04
2024-03-19,20,PT1H,MC-BajoPutumayo,15378.43,14099.22
2024-03-19,21,PT1H,MC-BajoPutumayo,14469.84,13345.08
2024-03-19,22,PT1H,MC-BajoPutumayo,13181.66,12215.52
2024-03-19,23,PT1H,MC-BajoPutumayo,11513.26,10660.5
2024-03-19,24,PT1H,MC-BajoPutumayo,10089.28,9385.33
2024-01-06,1,PT1H,MC-BajoPutumayo,9000.02,8539.87
2024-01-06,2,PT1H,MC-BajoPutumayo,8484.79,7975.37
2024-01-06,3,PT1H,MC-BajoPutumayo,8194.17,7616.03
2024-01-06,4,PT1H,MC-BajoPutumayo,8023.17,7415.55
2024-01-06,5,PT1H,MC-BajoPutumayo,7935.79,7404.22
2024-01-06,6,PT1H,MC-BajoPutumayo,7968.51,7574.07
2024-01-06,7,PT1H,MC-BajoPutumayo,7953.03,7915.83
2024-01-06,8,PT1H,MC-BajoPutumayo,8586.27,9144.72
2024-01-06,9,PT1H,MC-BajoPutumayo,9566.73,10587.14
2024-01-06,10,PT1H,MC-BajoPutumayo,10403.6,11549.22
2024-01-06,11,PT1H,MC-BajoPutumayo,11106.39,12230.84
2024-01-06,12,PT1H,MC-BajoPutumayo,11873.19,12832.27
2024-01-06,13,PT1H,MC-BajoPutumayo,11993.63,12557.41
2024-01-06,14,PT1H,MC-BajoPutumayo,11775.22,12523.87
2024-01-06,15,PT1H,MC-BajoPutumayo,11491.21,12892.5
2024-01-06,16,PT1H,MC-BajoPutumayo,11269.72,13029.03
2024-01-06,17,PT1H,MC-BajoPutumayo,11109.24,12861.11
2024-01-06,18,PT1H,MC-BajoPutumayo,11082.65,12879.83
2024-01-06,19,PT1H,MC-BajoPutumayo,12084.55,14401.76
2024-01-06,20,PT1H,MC-BajoPutumayo,12844.54,14705.01
2024-01-06,21,PT1H,MC-BajoPutumayo,12314.13,14022.37
2024-01-06,22,PT1H,MC-BajoPutumayo,11271.8,12877.55
2024-01-06,23,PT1H,MC-BajoPutumayo,10278.26,11555.14
2024-01-06,24,PT1H,MC-BajoPutumayo,9446.56,10148.96
2024-03-27,1,PT1H,MC-BajoPutumayo,8189.73,8678.11
2024-03-27,2,PT1H,MC-BajoPutumayo,7718.67,8223.22
2024-03-27,3,PT1H,MC-BajoPutumayo,7469.82,7996.37
2024-03-27,4,PT1H,MC-BajoPutumayo,7320.97,7806.1
2024-03-27,5,PT1H,MC-BajoPutumayo,7226.04,7823.27
2024-03-27,6,PT1H,MC-BajoPutumayo,7601.11,8363.56
2024-03-27,7,PT1H,MC-BajoPutumayo,7983.74,8975.88
2024-03-27,8,PT1H,MC-BajoPutumayo,9000.82,9779.81
2024-03-27,9,PT1H,MC-BajoPutumayo,10009.49,10683.92
2024-03-27,10,PT1H,MC-BajoPutumayo,10822.43,11080.02
2024-03-27,11,PT1H,MC-BajoPutumayo,11453.83,11411.68
2024-03-27,12,PT1H,MC-BajoPutumayo,11964.79,11849.81
2024-03-27,13,PT1H,MC-BajoPutumayo,12100.29,11854.75
2024-03-27,14,PT1H,MC-BajoPutumayo,12421.67,11439.61
2024-03-27,15,PT1H,MC-BajoPutumayo,13004.91,11700.3
2024-03-27,16,PT1H,MC-BajoPutumayo,13156.4,11929.82
2024-03-27,17,PT1H,MC-BajoPutumayo,13092.17,12113.97
2024-03-27,18,PT1H,MC-BajoPutumayo,12956.83,12154.57
2024-03-27,19,PT1H,MC-BajoPutumayo,13823.33,13437.19
2024-03-27,20,PT1H,MC-BajoPutumayo,14189.69,14154.68
2024-03-27,21,PT1H,MC-BajoPutumayo,13480.91,13279.47
2024-03-27,22,PT1H,MC-BajoPutumayo,12469.49,12095.55
2024-03-27,23,PT1H,MC-BajoPutumayo,10936.72,10398.66
2024-03-27,24,PT1H,MC-BajoPutumayo,9698.57,9091.05
2022-02-22,1,PT1H,MC-BajoPutumayo,8325.71,7644.59
2022-02-22,2,PT1H,MC-BajoPutumayo,7727.79,7257.99
2022-02-22,3,PT1H,MC-BajoPutumayo,7416.88,6870.42
2022-02-22,4,PT1H,MC-BajoPutumayo,7184.95,6779.82
2022-02-22,5,PT1H,MC-BajoPutumayo,7130.11,6734.31
2022-02-22,6,PT1H,MC-BajoPutumayo,7596.0,7162.16
2022-02-22,7,PT1H,MC-BajoPutumayo,8162.53,7714.7
2022-02-22,8,PT1H,MC-BajoPutumayo,8719.59,8378.49
2022-02-22,9,PT1H,MC-BajoPutumayo,9580.66,9588.6
2022-02-22,10,PT1H,MC-BajoPutumayo,9978.48,10319.96
2022-02-22,11,PT1H,MC-BajoPutumayo,10816.58,10834.85
2022-02-22,12,PT1H,MC-BajoPutumayo,11630.2,11354.5
2022-02-22,13,PT1H,MC-BajoPutumayo,11428.43,11052.13
2022-02-22,14,PT1H,MC-BajoPutumayo,11825.49,10931.35
2022-02-22,15,PT1H,MC-BajoPutumayo,12678.28,11112.21
2022-02-22,16,PT1H,MC-BajoPutumayo,12842.31,11474.36
2022-02-22,17,PT1H,MC-BajoPutumayo,12811.01,11449.71
2022-02-22,18,PT1H,MC-BajoPutumayo,12480.19,12222.62
2022-02-22,19,PT1H,MC-BajoPutumayo,13114.71,12991.17
2022-02-22,20,PT1H,MC-BajoPutumayo,13914.3,13361.98
2022-02-22,21,PT1H,MC-BajoPutumayo,13188.87,12687.48
2022-02-22,22,PT1H,MC-BajoPutumayo,12227.21,11808.88
2022-02-22,23,PT1H,MC-BajoPutumayo,10717.68,10146.72
2022-02-22,24,PT1H,MC-BajoPutumayo,9059.49,8485.24
2024-12-01,1,PT1H,MC-BajoPutumayo,8946.31,8714.8
2024-12-01,2,PT1H,MC-BajoPutumayo,8478.62,8255.5
2024-12-01,3,PT1H,MC-BajoPutumayo,7940.0,7702.1
2024-12-01,4,PT1H,MC-BajoPutumayo,7705.21,7615.2
2024-12-01,5,PT1H,MC-BajoPutumayo,7675.92,7499.0
2024-12-01,6,PT1H,MC-BajoPutumayo,7453.39,7358.6
2024-12-01,7,PT1H,MC-BajoPutumayo,8266.56,8067.4
2024-12-01,8,PT1H,MC-BajoPutumayo,9409.28,8888.0
2024-12-01,9,PT1H,MC-BajoPutumayo,10617.4,9974.6
2024-12-01,10,PT1H,MC-BajoPutumayo,11546.49,10673.1
2024-12-01,11,PT1H,MC-BajoPutumayo,12457.93,11240.5
2024-12-01,12,PT1H,MC-BajoPutumayo,12869.7,11677.6
2024-12-01,13,PT1H,MC-BajoPutumayo,12876.59,11806.4
2024-12-01,14,PT1H,MC-BajoPutumayo,12763.4,11922.5
2024-12-01,15,PT1H,MC-BajoPutumayo,12767.62,11756.4
2024-12-01,16,PT1H,MC-BajoPutumayo,12590.51,11628.4
2024-12-01,17,PT1H,MC-BajoPutumayo,12433.38,11753.2
2024-12-01,18,PT1H,MC-BajoPutumayo,13148.12,12427.3
2024-12-01,19,PT1H,MC-BajoPutumayo,14172.26,13219.1
2024-12-01,20,PT1H,MC-BajoPutumayo,13424.86,12710.2
2024-12-01,21,PT1H,MC-BajoPutumayo,12829.89,11869.5
2024-12-01,22,PT1H,MC-BajoPutumayo,11609.34,10659.2
2024-12-01,23,PT1H,MC-BajoPutumayo,10275.44,9546.4
2024-12-01,24,PT1H,MC-BajoPutumayo,9221.06,8359.6
2024-11-25,1,PT1H,MC-BajoPutumayo,7904.6,8458.1
2024-11-25,2,PT1H,MC-BajoPutumayo,7576.63,8005.0
2024-11-25,3,PT1H,MC-BajoPutumayo,7218.11,7705.3
2024-11-25,4,PT1H,MC-BajoPutumayo,7176.49,7506.1
2024-11-25,5,PT1H,MC-BajoPutumayo,7511.83,7525.5
2024-11-25,6,PT1H,MC-BajoPutumayo,7959.71,7827.9
2024-11-25,7,PT1H,MC-BajoPutumayo,8835.37,8357.6
2024-11-25,8,PT1H,MC-BajoPutumayo,10565.68,9568.6
2024-11-25,9,PT1H,MC-BajoPutumayo,11340.41,10428.6
2024-11-25,10,PT1H,MC-BajoPutumayo,12664.98,11029.5
2024-11-25,11,PT1H,MC-BajoPutumayo,13660.61,11746.6
2024-11-25,12,PT1H,MC-BajoPutumayo,13585.45,12034.8
2024-11-25,13,PT1H,MC-BajoPutumayo,13384.88,11678.6
2024-11-25,14,PT1H,MC-BajoPutumayo,13099.24,11879.4
2024-11-25,15,PT1H,MC-BajoPutumayo,13781.57,12617.1
2024-11-25,16,PT1H,MC-BajoPutumayo,13809.78,12752.9
2024-11-25,17,PT1H,MC-BajoPutumayo,13326.95,12550.3
2024-11-25,18,PT1H,MC-BajoPutumayo,13315.05,13772.3
2024-11-25,19,PT1H,MC-BajoPutumayo,14484.0,14834.0
2024-11-25,20,PT1H,MC-BajoPutumayo,13976.1,14228.0
2024-11-25,21,PT1H,MC-BajoPutumayo,12869.05,13228.8
2024-11-25,22,PT1H,MC-BajoPutumayo,11309.7,11712.8
2024-11-25,23,PT1H,MC-BajoPutumayo,9717.05,10113.7
2024-11-25,24,PT1H,MC-BajoPutumayo,8524.14,9045.3
2023-07-31,1,PT1H,MC-BajoPutumayo,6604.4,6499.03
2023-07-31,2,PT1H,MC-BajoPutumayo,6189.33,6181.07
2023-07-31,3,PT1H,MC-BajoPutumayo,6010.57,6110.16
2023-07-31,4,PT1H,MC-BajoPutumayo,5887.52,6115.36
2023-07-31,5,PT1H,MC-BajoPutumayo,5961.59,6391.8
2023-07-31,6,PT1H,MC-BajoPutumayo,6599.92,7345.38
2023-07-31,7,PT1H,MC-BajoPutumayo,7339.52,8585.83
2023-07-31,8,PT1H,MC-BajoPutumayo,8048.14,8767.11
2023-07-31,9,PT1H,MC-BajoPutumayo,9072.04,9377.23
2023-07-31,10,PT1H,MC-BajoPutumayo,9525.4,10039.73
2023-07-31,11,PT1H,MC-BajoPutumayo,9926.77,10638.44
2023-07-31,12,PT1H,MC-BajoPutumayo,10638.26,10890.49
2023-07-31,13,PT1H,MC-BajoPutumayo,10583.19,10464.93
2023-07-31,14,PT1H,MC-BajoPutumayo,10512.89,10588.65
2023-07-31,15,PT1H,MC-BajoPutumayo,10837.47,10832.12
2023-07-31,16,PT1H,MC-BajoPutumayo,10949.32,10793.9
2023-07-31,17,PT1H,MC-BajoPutumayo,11001.58,10955.05
2023-07-31,18,PT1H,MC-BajoPutumayo,11212.92,10732.37
2023-07-31,19,PT1H,MC-BajoPutumayo,12212.89,12337.08
2023-07-31,20,PT1H,MC-BajoPutumayo,12536.44,13446.83
2023-07-31,21,PT1H,MC-BajoPutumayo,11783.94,12796.75
2023-07-31,22,PT1H,MC-BajoPutumayo,10521.67,11217.36
2023-07-31,23,PT1H,MC-BajoPutumayo,8794.46,8990.19
2023-07-31,24,PT1H,MC-BajoPutumayo,7556.78,7466.14
2022-12-23,1,PT1H,MC-BajoPutumayo,8135.2,8093.19
2022-12-23,2,PT1H,MC-BajoPutumayo,7290.96,7490.01
2022-12-23,3,PT1H,MC-BajoPutumayo,8372.22,7173.93
2022-12-23,4,PT1H,MC-BajoPutumayo,8221.35,6878.45
2022-12-23,5,PT1H,MC-BajoPutumayo,7610.0,6879.54
2022-12-23,6,PT1H,MC-BajoPutumayo,7817.36,7351.95
2022-12-23,7,PT1H,MC-BajoPutumayo,8013.44,7896.04
2022-12-23,8,PT1H,MC-BajoPutumayo,8948.43,8825.2
2022-12-23,9,PT1H,MC-BajoPutumayo,10146.98,9998.49
2022-12-23,10,PT1H,MC-BajoPutumayo,11729.38,11229.1
2022-12-23,11,PT1H,MC-BajoPutumayo,12922.94,12106.86
2022-12-23,12,PT1H,MC-BajoPutumayo,13066.87,12697.9
2022-12-23,13,PT1H,MC-BajoPutumayo,12687.24,12504.16
2022-12-23,14,PT1H,MC-BajoPutumayo,12732.16,12381.09
2022-12-23,15,PT1H,MC-BajoPutumayo,13164.02,13171.52
2022-12-23,16,PT1H,MC-BajoPutumayo,13256.52,13396.31
2022-12-23,17,PT1H,MC-BajoPutumayo,13235.2,13141.16
2022-12-23,18,PT1H,MC-BajoPutumayo,13031.91,12832.6
2022-12-23,19,PT1H,MC-BajoPutumayo,13786.01,13907.87
2022-12-23,20,PT1H,MC-BajoPutumayo,13910.41,13852.4
2022-12-23,21,PT1H,MC-BajoPutumayo,13310.47,12953.06
2022-12-23,22,PT1H,MC-BajoPutumayo,12559.35,11751.5
2022-12-23,23,PT1H,MC-BajoPutumayo,11119.11,10301.59
2022-12-23,24,PT1H,MC-BajoPutumayo,9620.8,8988.1
2024-11-22,1,PT1H,MC-BajoPutumayo,7806.0,7741.7
2024-11-22,2,PT1H,MC-BajoPutumayo,7576.11,7590.0
2024-11-22,3,PT1H,MC-BajoPutumayo,7215.5,7436.4
2024-11-22,4,PT1H,MC-BajoPutumayo,7266.62,7311.2
2024-11-22,5,PT1H,MC-BajoPutumayo,7663.18,7446.7
2024-11-22,6,PT1H,MC-BajoPutumayo,8187.02,7865.3
2024-11-22,7,PT1H,MC-BajoPutumayo,8964.41,8405.8
2024-11-22,8,PT1H,MC-BajoPutumayo,10203.91,9567.7
2024-11-22,9,PT1H,MC-BajoPutumayo,11323.56,10757.7
2024-11-22,10,PT1H,MC-BajoPutumayo,12341.55,11671.0
2024-11-22,11,PT1H,MC-BajoPutumayo,12994.18,12181.6
2024-11-22,12,PT1H,MC-BajoPutumayo,13178.52,12382.2
2024-11-22,13,PT1H,MC-BajoPutumayo,13045.72,12302.6
2024-11-22,14,PT1H,MC-BajoPutumayo,13607.05,13035.1
2024-11-22,15,PT1H,MC-BajoPutumayo,13468.86,13794.3
2024-11-22,16,PT1H,MC-BajoPutumayo,13018.74,13326.3
2024-11-22,17,PT1H,MC-BajoPutumayo,12889.31,12977.9
2024-11-22,18,PT1H,MC-BajoPutumayo,13600.93,13548.9
2024-11-22,19,PT1H,MC-BajoPutumayo,13781.83,14421.8
2024-11-22,20,PT1H,MC-BajoPutumayo,13285.55,13749.0
2024-11-22,21,PT1H,MC-BajoPutumayo,11515.45,12633.5
2024-11-22,22,PT1H,MC-BajoPutumayo,10372.64,11441.1
2024-11-22,23,PT1H,MC-BajoPutumayo,9100.96,10134.5
2024-11-22,24,PT1H,MC-BajoPutumayo,8286.59,9007.6
2024-12-10,1,PT1H,MC-BajoPutumayo,7890.19,7572.0
2024-12-10,2,PT1H,MC-BajoPutumayo,7685.39,7203.2
2024-12-10,3,PT1H,MC-BajoPutumayo,7069.82,6852.7
2024-12-10,4,PT1H,MC-BajoPutumayo,7126.84,6830.6
2024-12-10,5,PT1H,MC-BajoPutumayo,7438.84,6909.4
2024-12-10,6,PT1H,MC-BajoPutumayo,7913.89,7386.8
2024-12-10,7,PT1H,MC-BajoPutumayo,8112.1,8127.2
2024-12-10,8,PT1H,MC-BajoPutumayo,9151.47,9290.0
2024-12-10,9,PT1H,MC-BajoPutumayo,10495.27,10392.6
2024-12-10,10,PT1H,MC-BajoPutumayo,10528.79,11401.9
2024-12-10,11,PT1H,MC-BajoPutumayo,11403.18,12493.7
2024-12-10,12,PT1H,MC-BajoPutumayo,11613.8,12684.6
2024-12-10,13,PT1H,MC-BajoPutumayo,11034.46,12307.9
2024-12-10,14,PT1H,MC-BajoPutumayo,12103.29,13085.8
2024-12-10,15,PT1H,MC-BajoPutumayo,12146.59,13375.9
2024-12-10,16,PT1H,MC-BajoPutumayo,12447.67,13184.1
2024-12-10,17,PT1H,MC-BajoPutumayo,12187.03,13128.7
2024-12-10,18,PT1H,MC-BajoPutumayo,12934.97,13660.7
2024-12-10,19,PT1H,MC-BajoPutumayo,14041.08,14591.5
2024-12-10,20,PT1H,MC-BajoPutumayo,13300.59,13833.0
2024-12-10,21,PT1H,MC-BajoPutumayo,12126.95,12596.4
2024-12-10,22,PT1H,MC-BajoPutumayo,10659.61,10966.6
2024-12-10,23,PT1H,MC-BajoPutumayo,9022.82,9507.3
2024-12-10,24,PT1H,MC-BajoPutumayo,8120.41,8468.7
2025-12-09,1,PT1H,MC-BajoPutumayo,9017.89,9492.9
2025-12-09,2,PT1H,MC-BajoPutumayo,8484.53,8900.8
2025-12-09,3,PT1H,MC-BajoPutumayo,8220.63,8632.9
2025-12-09,4,PT1H,MC-BajoPutumayo,8047.84,8511.4
2025-12-09,5,PT1H,MC-BajoPutumayo,8056.76,8589.1
2025-12-09,6,PT1H,MC-BajoPutumayo,8153.07,9245.4
2025-12-09,7,PT1H,MC-BajoPutumayo,8866.12,10358.0
2025-12-09,8,PT1H,MC-BajoPutumayo,10366.86,11157.3
2025-12-09,9,PT1H,MC-BajoPutumayo,12426.41,11682.5
2025-12-09,10,PT1H,MC-BajoPutumayo,13665.17,12214.7
2025-12-09,11,PT1H,MC-BajoPutumayo,14461.42,12827.1
2025-12-09,12,PT1H,MC-BajoPutumayo,14941.15,13178.9
2025-12-09,13,PT1H,MC-BajoPutumayo,14471.56,12650.6
2025-12-09,14,PT1H,MC-BajoPutumayo,15399.4,13065.0
2025-12-09,15,PT1H,MC-BajoPutumayo,15135.28,14109.8
2025-12-09,16,PT1H,MC-BajoPutumayo,16421.72,14320.1
2025-12-09,17,PT1H,MC-BajoPutumayo,16349.16,14145.5
2025-12-09,18,PT1H,MC-BajoPutumayo,16772.86,14511.8
2025-12-09,19,PT1H,MC-BajoPutumayo,17312.16,16609.5
2025-12-09,20,PT1H,MC-BajoPutumayo,17058.87,16892.9
2025-12-09,21,PT1H,MC-BajoPutumayo,16135.89,16148.7
2025-12-09,22,PT1H,MC-BajoPutumayo,14305.22,14720.2
2025-12-09,23,PT1H,MC-BajoPutumayo,12376.07,12565.9
2025-12-09,24,PT1H,MC-BajoPutumayo,11042.17,10953.9
2023-08-23,1,PT1H,MC-BajoPutumayo,7028.39,7100.36
2023-08-23,2,PT1H,MC-BajoPutumayo,6675.17,6617.87
2023-08-23,3,PT1H,MC-BajoPutumayo,6350.9,6389.7
2023-08-23,4,PT1H,MC-BajoPutumayo,6215.96,6255.4
2023-08-23,5,PT1H,MC-BajoPutumayo,6164.46,6304.14
2023-08-23,6,PT1H,MC-BajoPutumayo,6293.09,6819.61
2023-08-23,7,PT1H,MC-BajoPutumayo,7848.46,7580.79
2023-08-23,8,PT1H,MC-BajoPutumayo,7970.48,8273.91
2023-08-23,9,PT1H,MC-BajoPutumayo,9184.93,9512.75
2023-08-23,10,PT1H,MC-BajoPutumayo,10145.54,10414.98
2023-08-23,11,PT1H,MC-BajoPutumayo,10565.26,11132.78
2023-08-23,12,PT1H,MC-BajoPutumayo,11656.76,11909.53
2023-08-23,13,PT1H,MC-BajoPutumayo,11558.83,11597.74
2023-08-23,14,PT1H,MC-BajoPutumayo,12195.58,11938.74
2023-08-23,15,PT1H,MC-BajoPutumayo,13790.42,12997.92
2023-08-23,16,PT1H,MC-BajoPutumayo,14068.89,13416.95
2023-08-23,17,PT1H,MC-BajoPutumayo,14042.83,13197.84
2023-08-23,18,PT1H,MC-BajoPutumayo,13663.08,12859.02
2023-08-23,19,PT1H,MC-BajoPutumayo,14504.11,13483.51
2023-08-23,20,PT1H,MC-BajoPutumayo,15021.8,13922.57
2023-08-23,21,PT1H,MC-BajoPutumayo,14141.26,13016.94
2023-08-23,22,PT1H,MC-BajoPutumayo,12751.34,11815.56
2023-08-23,23,PT1H,MC-BajoPutumayo,11012.19,10252.74
2023-08-23,24,PT1H,MC-BajoPutumayo,9094.03,8733.87
2023-11-17,1,PT1H,MC-BajoPutumayo,8240.05,6903.83
2023-11-17,2,PT1H,MC-BajoPutumayo,7783.09,6482.26
2023-11-17,3,PT1H,MC-BajoPutumayo,7464.5,6293.45
2023-11-17,4,PT1H,MC-BajoPutumayo,7370.34,6178.79
2023-11-17,5,PT1H,MC-BajoPutumayo,7449.12,6222.96
2023-11-17,6,PT1H,MC-BajoPutumayo,7990.87,6728.23
2023-11-17,7,PT1H,MC-BajoPutumayo,8617.22,7539.46
2023-11-17,8,PT1H,MC-BajoPutumayo,8733.52,8288.78
2023-11-17,9,PT1H,MC-BajoPutumayo,10050.13,9380.28
2023-11-17,10,PT1H,MC-BajoPutumayo,10351.08,10313.56
2023-11-17,11,PT1H,MC-BajoPutumayo,11317.56,11027.3
2023-11-17,12,PT1H,MC-BajoPutumayo,11145.79,11697.07
2023-11-17,13,PT1H,MC-BajoPutumayo,10445.89,11552.66
2023-11-17,14,PT1H,MC-BajoPutumayo,10345.37,11798.72
2023-11-17,15,PT1H,MC-BajoPutumayo,10829.72,12516.58
2023-11-17,16,PT1H,MC-BajoPutumayo,11675.6,12668.24
2023-11-17,17,PT1H,MC-BajoPutumayo,11770.04,12496.25
2023-11-17,18,PT1H,MC-BajoPutumayo,12008.82,12197.45
2023-11-17,19,PT1H,MC-BajoPutumayo,13288.53,13248.24
2023-11-17,20,PT1H,MC-BajoPutumayo,13089.71,13006.86
2023-11-17,21,PT1H,MC-BajoPutumayo,12166.31,12204.57
2023-11-17,22,PT1H,MC-BajoPutumayo,11172.52,11092.76
2023-11-17,23,PT1H,MC-BajoPutumayo,9798.98,9776.65
2023-11-17,24,PT1H,MC-BajoPutumayo,8757.21,8643.39
2026-01-10,1,PT1H,MC-BajoPutumayo,8602.83,8425.1
2026-01-10,2,PT1H,MC-BajoPutumayo,8291.64,7806.8
2026-01-10,3,PT1H,MC-BajoPutumayo,7977.44,7481.8
2026-01-10,4,PT1H,MC-BajoPutumayo,7801.85,7457.8
2026-01-10,5,PT1H,MC-BajoPutumayo,7869.97,7384.1
2026-01-10,6,PT1H,MC-BajoPutumayo,8084.51,7557.7
2026-01-10,7,PT1H,MC-BajoPutumayo,8663.5,8014.0
2026-01-10,8,PT1H,MC-BajoPutumayo,9325.69,9439.1
2026-01-10,9,PT1H,MC-BajoPutumayo,10361.32,10471.6
2026-01-10,10,PT1H,MC-BajoPutumayo,11335.34,11425.1
2026-01-10,11,PT1H,MC-BajoPutumayo,12052.7,11826.5
2026-01-10,12,PT1H,MC-BajoPutumayo,12611.08,12310.8
2026-01-10,13,PT1H,MC-BajoPutumayo,12714.76,12096.2
2026-01-10,14,PT1H,MC-BajoPutumayo,11273.15,12478.3
2026-01-10,15,PT1H,MC-BajoPutumayo,13007.48,13163.6
2026-01-10,16,PT1H,MC-BajoPutumayo,13065.76,13385.4
2026-01-10,17,PT1H,MC-BajoPutumayo,12850.86,13308.5
2026-01-10,18,PT1H,MC-BajoPutumayo,12890.18,13164.5
2026-01-10,19,PT1H,MC-BajoPutumayo,14989.19,13983.0
2026-01-10,20,PT1H,MC-BajoPutumayo,14836.76,14144.6
2026-01-10,21,PT1H,MC-BajoPutumayo,13716.84,13549.5
2026-01-10,22,PT1H,MC-BajoPutumayo,12383.29,12009.8
2026-01-10,23,PT1H,MC-BajoPutumayo,11087.55,10581.9
2026-01-10,24,PT1H,MC-BajoPutumayo,9953.59,9351.0
2022-04-21,1,PT1H,MC-BajoPutumayo,6698.03,6889.02
2022-04-21,2,PT1H,MC-BajoPutumayo,6428.33,6404.54
2022-04-21,3,PT1H,MC-BajoPutumayo,6201.82,6244.04
2022-04-21,4,PT1H,MC-BajoPutumayo,6068.15,6166.66
2022-04-21,5,PT1H,MC-BajoPutumayo,6044.92,6165.76
2022-04-21,6,PT1H,MC-BajoPutumayo,6779.61,6689.71
2022-04-21,7,PT1H,MC-BajoPutumayo,7464.78,7501.7
2022-04-21,8,PT1H,MC-BajoPutumayo,7752.73,7943.83
2022-04-21,9,PT1H,MC-BajoPutumayo,8976.0,8767.77
2022-04-21,10,PT1H,MC-BajoPutumayo,9955.09,9430.5
2022-04-21,11,PT1H,MC-BajoPutumayo,10907.76,10069.5
2022-04-21,12,PT1H,MC-BajoPutumayo,11484.89,10482.69
2022-04-21,13,PT1H,MC-BajoPutumayo,11149.22,10246.29
2022-04-21,14,PT1H,MC-BajoPutumayo,11450.77,10648.85
2022-04-21,15,PT1H,MC-BajoPutumayo,12125.37,11544.16
2022-04-21,16,PT1H,MC-BajoPutumayo,12267.71,11795.13
2022-04-21,17,PT1H,MC-BajoPutumayo,12019.95,11749.98
2022-04-21,18,PT1H,MC-BajoPutumayo,11662.72,11557.2
2022-04-21,19,PT1H,MC-BajoPutumayo,12755.82,12469.38
2022-04-21,20,PT1H,MC-BajoPutumayo,13066.65,12986.12
2022-04-21,21,PT1H,MC-BajoPutumayo,12311.09,12238.36
2022-04-21,22,PT1H,MC-BajoPutumayo,11062.98,11126.34
2022-04-21,23,PT1H,MC-BajoPutumayo,9487.64,9638.65
2022-04-21,24,PT1H,MC-BajoPutumayo,8085.97,8119.68
2023-03-14,1,PT1H,MC-BajoPutumayo,7226.11,7034.23
2023-03-14,2,PT1H,MC-BajoPutumayo,6856.39,6621.41
2023-03-14,3,PT1H,MC-BajoPutumayo,6374.6,6422.88
2023-03-14,4,PT1H,MC-BajoPutumayo,5970.29,6307.28
2023-03-14,5,PT1H,MC-BajoPutumayo,5696.79,6319.62
2023-03-14,6,PT1H,MC-BajoPutumayo,6118.71,6725.81
2023-03-14,7,PT1H,MC-BajoPutumayo,7388.39,7249.44
2023-03-14,8,PT1H,MC-BajoPutumayo,8304.55,8185.89
2023-03-14,9,PT1H,MC-BajoPutumayo,9334.12,9335.5
2023-03-14,10,PT1H,MC-BajoPutumayo,9731.57,10103.34
2023-03-14,11,PT1H,MC-BajoPutumayo,10477.1,10686.83
2023-03-14,12,PT1H,MC-BajoPutumayo,11077.59,11212.97
2023-03-14,13,PT1H,MC-BajoPutumayo,10707.44,10828.24
2023-03-14,14,PT1H,MC-BajoPutumayo,11040.35,10770.67
2023-03-14,15,PT1H,MC-BajoPutumayo,12033.76,11298.87
2023-03-14,16,PT1H,MC-BajoPutumayo,12455.85,11434.34
2023-03-14,17,PT1H,MC-BajoPutumayo,12474.65,11484.15
2023-03-14,18,PT1H,MC-BajoPutumayo,12256.59,11349.13
2023-03-14,19,PT1H,MC-BajoPutumayo,12780.28,12177.97
2023-03-14,20,PT1H,MC-BajoPutumayo,12091.83,12684.69
2023-03-14,21,PT1H,MC-BajoPutumayo,10771.0,11906.34
2023-03-14,22,PT1H,MC-BajoPutumayo,9780.04,10885.81
2023-03-14,23,PT1H,MC-BajoPutumayo,8460.58,9389.41
2023-03-14,24,PT1H,MC-BajoPutumayo,7446.52,8041.28
2024-12-15,1,PT1H,MC-BajoPutumayo,9125.17,8292.7
2024-12-15,2,PT1H,MC-BajoPutumayo,8618.75,7769.7
2024-12-15,3,PT1H,MC-BajoPutumayo,8148.8,7268.4
2024-12-15,4,PT1H,MC-BajoPutumayo,8154.8,7142.2
2024-12-15,5,PT1H,MC-BajoPutumayo,8080.7,7178.2
2024-12-15,6,PT1H,MC-BajoPutumayo,7888.91,7103.6
2024-12-15,7,PT1H,MC-BajoPutumayo,8481.14,7810.0
2024-12-15,8,PT1H,MC-BajoPutumayo,9560.91,9041.5
2024-12-15,9,PT1H,MC-BajoPutumayo,10524.82,10265.4
2024-12-15,10,PT1H,MC-BajoPutumayo,11161.26,11013.4
2024-12-15,11,PT1H,MC-BajoPutumayo,11433.8,11735.3
2024-12-15,12,PT1H,MC-BajoPutumayo,11874.82,12223.0
2024-12-15,13,PT1H,MC-BajoPutumayo,11925.78,12138.8
2024-12-15,14,PT1H,MC-BajoPutumayo,12028.23,12242.0
2024-12-15,15,PT1H,MC-BajoPutumayo,12163.12,12343.8
2024-12-15,16,PT1H,MC-BajoPutumayo,12136.88,12027.9
2024-12-15,17,PT1H,MC-BajoPutumayo,11974.62,12179.3
2024-12-15,18,PT1H,MC-BajoPutumayo,12999.04,12698.7
2024-12-15,19,PT1H,MC-BajoPutumayo,13931.27,13821.6
2024-12-15,20,PT1H,MC-BajoPutumayo,13414.8,13410.2
2024-12-15,21,PT1H,MC-BajoPutumayo,12804.36,12738.5
2024-12-15,22,PT1H,MC-BajoPutumayo,11715.05,11505.6
2024-12-15,23,PT1H,MC-BajoPutumayo,10436.19,10168.8
2024-12-15,24,PT1H,MC-BajoPutumayo,9167.55,9058.1
2022-04-30,1,PT1H,MC-BajoPutumayo,6974.97,7334.4
2022-04-30,2,PT1H,MC-BajoPutumayo,6735.24,7079.94
2022-04-30,3,PT1H,MC-BajoPutumayo,6298.04,6658.7
2022-04-30,4,PT1H,MC-BajoPutumayo,6103.35,6512.41
2022-04-30,5,PT1H,MC-BajoPutumayo,6068.47,6442.56
2022-04-30,6,PT1H,MC-BajoPutumayo,6299.97,6697.97
2022-04-30,7,PT1H,MC-BajoPutumayo,6755.06,6996.21
2022-04-30,8,PT1H,MC-BajoPutumayo,7738.68,7821.44
2022-04-30,9,PT1H,MC-BajoPutumayo,8733.74,9461.77
2022-04-30,10,PT1H,MC-BajoPutumayo,9251.3,10044.68
2022-04-30,11,PT1H,MC-BajoPutumayo,9763.11,10788.37
2022-04-30,12,PT1H,MC-BajoPutumayo,9755.64,11043.68
2022-04-30,13,PT1H,MC-BajoPutumayo,10303.56,10784.74
2022-04-30,14,PT1H,MC-BajoPutumayo,10078.9,10660.58
2022-04-30,15,PT1H,MC-BajoPutumayo,9513.97,10740.36
2022-04-30,16,PT1H,MC-BajoPutumayo,9422.96,10408.55
2022-04-30,17,PT1H,MC-BajoPutumayo,9369.36,10387.96
2022-04-30,18,PT1H,MC-BajoPutumayo,9845.33,10949.64
2022-04-30,19,PT1H,MC-BajoPutumayo,11119.4,12129.98
2022-04-30,20,PT1H,MC-BajoPutumayo,11503.13,12272.34
2022-04-30,21,PT1H,MC-BajoPutumayo,10893.7,11337.57
2022-04-30,22,PT1H,MC-BajoPutumayo,9971.46,10426.23
2022-04-30,23,PT1H,MC-BajoPutumayo,8936.06,9210.77
2022-04-30,24,PT1H,MC-BajoPutumayo,7863.73,8164.4
2022-12-19,1,PT1H,MC-BajoPutumayo,8089.18,7681.01
2022-12-19,2,PT1H,MC-BajoPutumayo,7532.67,7175.59
2022-12-19,3,PT1H,MC-BajoPutumayo,7220.02,6815.28
2022-12-19,4,PT1H,MC-BajoPutumayo,7113.67,6639.5
2022-12-19,5,PT1H,MC-BajoPutumayo,7015.07,6576.75
2022-12-19,6,PT1H,MC-BajoPutumayo,7298.36,6747.6
2022-12-19,7,PT1H,MC-BajoPutumayo,7592.75,7501.47
2022-12-19,8,PT1H,MC-BajoPutumayo,8838.23,9057.08
2022-12-19,9,PT1H,MC-BajoPutumayo,10478.45,10685.11
2022-12-19,10,PT1H,MC-BajoPutumayo,11636.22,11573.54
2022-12-19,11,PT1H,MC-BajoPutumayo,12453.59,12653.36
2022-12-19,12,PT1H,MC-BajoPutumayo,13445.29,13281.23
2022-12-19,13,PT1H,MC-BajoPutumayo,13189.0,13072.42
2022-12-19,14,PT1H,MC-BajoPutumayo,13437.47,13490.82
2022-12-19,15,PT1H,MC-BajoPutumayo,13674.32,13863.01
2022-12-19,16,PT1H,MC-BajoPutumayo,14102.39,13629.52
2022-12-19,17,PT1H,MC-BajoPutumayo,13998.29,13304.15
2022-12-19,18,PT1H,MC-BajoPutumayo,13611.49,13399.29
2022-12-19,19,PT1H,MC-BajoPutumayo,14321.74,14352.7
2022-12-19,20,PT1H,MC-BajoPutumayo,14461.65,14237.28
2022-12-19,21,PT1H,MC-BajoPutumayo,13644.81,13387.83
2022-12-19,22,PT1H,MC-BajoPutumayo,12583.3,12231.91
2022-12-19,23,PT1H,MC-BajoPutumayo,10873.2,10461.91
2022-12-19,24,PT1H,MC-BajoPutumayo,9321.33,9003.04
2024-03-29,1,PT1H,MC-BajoPutumayo,8147.59,6724.14
2024-03-29,2,PT1H,MC-BajoPutumayo,7804.45,6325.99
2024-03-29,3,PT1H,MC-BajoPutumayo,7561.83,6026.28
2024-03-29,4,PT1H,MC-BajoPutumayo,7325.07,5857.16
2024-03-29,5,PT1H,MC-BajoPutumayo,7241.44,5884.35
2024-03-29,6,PT1H,MC-BajoPutumayo,7217.53,6059.12
2024-03-29,7,PT1H,MC-BajoPutumayo,7228.49,6365.4
2024-03-29,8,PT1H,MC-BajoPutumayo,7700.86,7116.46
2024-03-29,9,PT1H,MC-BajoPutumayo,8276.73,8256.36
2024-03-29,10,PT1H,MC-BajoPutumayo,8658.89,8919.97
2024-03-29,11,PT1H,MC-BajoPutumayo,8930.89,9437.46
2024-03-29,12,PT1H,MC-BajoPutumayo,9170.51,9797.83
2024-03-29,13,PT1H,MC-BajoPutumayo,9165.76,9657.16
2024-03-29,14,PT1H,MC-BajoPutumayo,8946.73,9500.32
2024-03-29,15,PT1H,MC-BajoPutumayo,8884.1,9644.33
2024-03-29,16,PT1H,MC-BajoPutumayo,8996.05,9820.53
2024-03-29,17,PT1H,MC-BajoPutumayo,9097.98,9936.96
2024-03-29,18,PT1H,MC-BajoPutumayo,9256.95,9939.55
2024-03-29,19,PT1H,MC-BajoPutumayo,10436.02,10820.55
2024-03-29,20,PT1H,MC-BajoPutumayo,11001.03,11368.02
2024-03-29,21,PT1H,MC-BajoPutumayo,10498.72,10765.93
2024-03-29,22,PT1H,MC-BajoPutumayo,9822.62,9955.11
2024-03-29,23,PT1H,MC-BajoPutumayo,8917.77,8930.5
2024-03-29,24,PT1H,MC-BajoPutumayo,8081.53,7890.5
2024-03-05,1,PT1H,MC-BajoPutumayo,8086.05,8059.04
2024-03-05,2,PT1H,MC-BajoPutumayo,7637.21,7579.14
2024-03-05,3,PT1H,MC-BajoPutumayo,7239.08,7233.23
2024-03-05,4,PT1H,MC-BajoPutumayo,7126.53,7146.16
2024-03-05,5,PT1H,MC-BajoPutumayo,7177.08,7212.48
2024-03-05,6,PT1H,MC-BajoPutumayo,7870.83,7458.37
2024-03-05,7,PT1H,MC-BajoPutumayo,8745.71,8107.57
2024-03-05,8,PT1H,MC-BajoPutumayo,9355.76,8998.83
2024-03-05,9,PT1H,MC-BajoPutumayo,10436.24,10256.24
2024-03-05,10,PT1H,MC-BajoPutumayo,10993.46,11121.04
2024-03-05,11,PT1H,MC-BajoPutumayo,11727.64,11713.72
2024-03-05,12,PT1H,MC-BajoPutumayo,12485.18,12386.69
2024-03-05,13,PT1H,MC-BajoPutumayo,12399.17,11981.96
2024-03-05,14,PT1H,MC-BajoPutumayo,12581.84,11984.66
2024-03-05,15,PT1H,MC-BajoPutumayo,12871.71,12376.36
2024-03-05,16,PT1H,MC-BajoPutumayo,12563.7,12076.51
2024-03-05,17,PT1H,MC-BajoPutumayo,12387.41,12078.59
2024-03-05,18,PT1H,MC-BajoPutumayo,12275.73,11972.28
2024-03-05,19,PT1H,MC-BajoPutumayo,12949.0,12541.18
2024-03-05,20,PT1H,MC-BajoPutumayo,13627.49,13180.22
2024-03-05,21,PT1H,MC-BajoPutumayo,12954.94,12573.11
2024-03-05,22,PT1H,MC-BajoPutumayo,11721.18,11816.25
2024-03-05,23,PT1H,MC-BajoPutumayo,10045.79,10407.9
2024-03-05,24,PT1H,MC-BajoPutumayo,8715.68,9079.64
2023-01-10,1,PT1H,MC-BajoPutumayo,7195.98,6817.17
2023-01-10,2,PT1H,MC-BajoPutumayo,6738.62,6422.93
2023-01-10,3,PT1H,MC-BajoPutumayo,6543.36,6141.67
2023-01-10,4,PT1H,MC-BajoPutumayo,6428.34,5981.95
2023-01-10,5,PT1H,MC-BajoPutumayo,6459.58,5995.95
2023-01-10,6,PT1H,MC-BajoPutumayo,6744.02,6309.19
2023-01-10,7,PT1H,MC-BajoPutumayo,7037.36,6702.56
2023-01-10,8,PT1H,MC-BajoPutumayo,8237.07,7858.04
2023-01-10,9,PT1H,MC-BajoPutumayo,9462.13,8854.26
2023-01-10,10,PT1H,MC-BajoPutumayo,10255.19,9794.52
2023-01-10,11,PT1H,MC-BajoPutumayo,10979.86,10621.4
2023-01-10,12,PT1H,MC-BajoPutumayo,11656.7,11149.57
2023-01-10,13,PT1H,MC-BajoPutumayo,11157.38,10649.93
2023-01-10,14,PT1H,MC-BajoPutumayo,9728.16,10893.89
2023-01-10,15,PT1H,MC-BajoPutumayo,11013.4,11290.6
2023-01-10,16,PT1H,MC-BajoPutumayo,11423.43,11582.17
2023-01-10,17,PT1H,MC-BajoPutumayo,11553.2,11203.74
2023-01-10,18,PT1H,MC-BajoPutumayo,11498.74,11375.48
2023-01-10,19,PT1H,MC-BajoPutumayo,12071.15,12169.58
2023-01-10,20,PT1H,MC-BajoPutumayo,12250.56,12123.41
2023-01-10,21,PT1H,MC-BajoPutumayo,11338.12,11628.65
2023-01-10,22,PT1H,MC-BajoPutumayo,10254.85,10380.51
2023-01-10,23,PT1H,MC-BajoPutumayo,8353.45,8869.65
2023-01-10,24,PT1H,MC-BajoPutumayo,7804.29,7747.89
2025-04-04,1,PT1H,MC-BajoPutumayo,7623.04,7494.1
2025-04-04,2,PT1H,MC-BajoPutumayo,6958.88,7042.4
2025-04-04,3,PT1H,MC-BajoPutumayo,6698.41,6770.7
2025-04-04,4,PT1H,MC-BajoPutumayo,6569.71,6637.0
2025-04-04,5,PT1H,MC-BajoPutumayo,6552.75,6701.5
2025-04-04,6,PT1H,MC-BajoPutumayo,6961.15,7362.5
2025-04-04,7,PT1H,MC-BajoPutumayo,7485.33,8098.2
2025-04-04,8,PT1H,MC-BajoPutumayo,8155.18,8875.0
2025-04-04,9,PT1H,MC-BajoPutumayo,9101.33,10051.6
2025-04-04,10,PT1H,MC-BajoPutumayo,10002.37,10787.2
2025-04-04,11,PT1H,MC-BajoPutumayo,10872.68,11667.1
2025-04-04,12,PT1H,MC-BajoPutumayo,12233.66,12220.6
2025-04-04,13,PT1H,MC-BajoPutumayo,12442.5,12161.3
2025-04-04,14,PT1H,MC-BajoPutumayo,12207.52,12337.7
2025-04-04,15,PT1H,MC-BajoPutumayo,12980.33,13216.3
2025-04-04,16,PT1H,MC-BajoPutumayo,13126.4,13308.4
2025-04-04,17,PT1H,MC-BajoPutumayo,13134.21,13146.8
2025-04-04,18,PT1H,MC-BajoPutumayo,13066.39,12876.1
2025-04-04,19,PT1H,MC-BajoPutumayo,13842.25,13788.5
2025-04-04,20,PT1H,MC-BajoPutumayo,13978.67,13814.9
2025-04-04,21,PT1H,MC-BajoPutumayo,13032.53,12896.4
2025-04-04,22,PT1H,MC-BajoPutumayo,11916.27,11499.8
2025-04-04,23,PT1H,MC-BajoPutumayo,10371.68,9967.6
2025-04-04,24,PT1H,MC-BajoPutumayo,9057.3,8701.7
2022-08-08,1,PT1H,MC-BajoPutumayo,7150.03,6440.9
2022-08-08,2,PT1H,MC-BajoPutumayo,6517.31,6019.19
2022-08-08,3,PT1H,MC-BajoPutumayo,6311.2,5812.22
2022-08-08,4,PT1H,MC-BajoPutumayo,6182.11,5714.8
2022-08-08,5,PT1H,MC-BajoPutumayo,6205.24,5698.48
2022-08-08,6,PT1H,MC-BajoPutumayo,6818.37,6223.59
2022-08-08,7,PT1H,MC-BajoPutumayo,7721.91,6985.84
2022-08-08,8,PT1H,MC-BajoPutumayo,8421.66,7815.92
2022-08-08,9,PT1H,MC-BajoPutumayo,9462.93,8833.25
2022-08-08,10,PT1H,MC-BajoPutumayo,10037.75,9388.5
2022-08-08,11,PT1H,MC-BajoPutumayo,10447.58,9901.93
2022-08-08,12,PT1H,MC-BajoPutumayo,10865.46,10324.22
2022-08-08,13,PT1H,MC-BajoPutumayo,10418.4,10022.62
2022-08-08,14,PT1H,MC-BajoPutumayo,10362.63,10112.53
2022-08-08,15,PT1H,MC-BajoPutumayo,11063.92,10147.86
2022-08-08,16,PT1H,MC-BajoPutumayo,11270.63,10075.18
2022-08-08,17,PT1H,MC-BajoPutumayo,11245.79,10228.89
2022-08-08,18,PT1H,MC-BajoPutumayo,11149.45,10275.24
2022-08-08,19,PT1H,MC-BajoPutumayo,12025.45,11047.88
2022-08-08,20,PT1H,MC-BajoPutumayo,12676.52,11739.62
2022-08-08,21,PT1H,MC-BajoPutumayo,11712.46,11071.84
2022-08-08,22,PT1H,MC-BajoPutumayo,10438.17,9848.0
2022-08-08,23,PT1H,MC-BajoPutumayo,8731.09,8421.86
2022-08-08,24,PT1H,MC-BajoPutumayo,7447.01,7264.57
2024-03-21,9,PT1H,MC-BajoPutumayo,11196.39,10751.21
2024-03-21,10,PT1H,MC-BajoPutumayo,12470.17,11374.58
2024-03-21,11,PT1H,MC-BajoPutumayo,13032.44,12149.64
2024-03-21,12,PT1H,MC-BajoPutumayo,12807.78,12689.97
2024-03-21,13,PT1H,MC-BajoPutumayo,11768.05,12458.11
2024-03-21,14,PT1H,MC-BajoPutumayo,11587.68,12767.38
2024-03-21,15,PT1H,MC-BajoPutumayo,12507.36,13533.07
2024-03-21,16,PT1H,MC-BajoPutumayo,12796.41,13640.31
2024-03-21,17,PT1H,MC-BajoPutumayo,12711.62,13403.41
2024-03-21,18,PT1H,MC-BajoPutumayo,12681.65,13466.97
2024-03-21,19,PT1H,MC-BajoPutumayo,13802.36,14113.27
2024-03-21,20,PT1H,MC-BajoPutumayo,14420.84,14617.65
2024-03-21,21,PT1H,MC-BajoPutumayo,13690.68,13689.77
2024-03-21,22,PT1H,MC-BajoPutumayo,12539.9,12431.73
2024-03-21,23,PT1H,MC-BajoPutumayo,10888.35,10818.23
2024-03-21,24,PT1H,MC-BajoPutumayo,9609.37,9520.81
2024-03-21,1,PT1H,MC-BajoPutumayo,9442.16,8498.29
2024-03-21,2,PT1H,MC-BajoPutumayo,8896.24,8050.76
2024-03-21,3,PT1H,MC-BajoPutumayo,8556.81,7803.05
2024-03-21,4,PT1H,MC-BajoPutumayo,8397.77,7723.3
2024-03-21,5,PT1H,MC-BajoPutumayo,8355.75,7668.9
2024-03-21,6,PT1H,MC-BajoPutumayo,8829.4,8148.22
2024-03-21,7,PT1H,MC-BajoPutumayo,9273.16,8698.87
2024-03-21,8,PT1H,MC-BajoPutumayo,9919.83,9464.01
2022-03-18,1,PT1H,MC-BajoPutumayo,6944.57,6981.14
2022-03-18,2,PT1H,MC-BajoPutumayo,6502.2,6518.84
2022-03-18,3,PT1H,MC-BajoPutumayo,6106.89,6377.78
2022-03-18,4,PT1H,MC-BajoPutumayo,5890.9,6213.32
2022-03-18,5,PT1H,MC-BajoPutumayo,5921.36,6217.53
2022-03-18,6,PT1H,MC-BajoPutumayo,6560.58,6911.1
2022-03-18,7,PT1H,MC-BajoPutumayo,7362.3,7722.86
2022-03-18,8,PT1H,MC-BajoPutumayo,7970.52,8318.86
2022-03-18,9,PT1H,MC-BajoPutumayo,8824.22,9265.83
2022-03-18,10,PT1H,MC-BajoPutumayo,9415.47,9823.73
2022-03-18,11,PT1H,MC-BajoPutumayo,10025.06,10552.12
2022-03-18,12,PT1H,MC-BajoPutumayo,10484.02,11119.02
2022-03-18,13,PT1H,MC-BajoPutumayo,10267.16,10858.06
2022-03-18,14,PT1H,MC-BajoPutumayo,10138.31,11181.66
2022-03-18,15,PT1H,MC-BajoPutumayo,10384.43,12000.7
2022-03-18,16,PT1H,MC-BajoPutumayo,10480.3,12222.72
2022-03-18,17,PT1H,MC-BajoPutumayo,10573.67,12107.34
2022-03-18,18,PT1H,MC-BajoPutumayo,10560.3,11492.93
2022-03-18,19,PT1H,MC-BajoPutumayo,11719.95,11710.61
2022-03-18,20,PT1H,MC-BajoPutumayo,12333.08,12168.84
2022-03-18,21,PT1H,MC-BajoPutumayo,11559.11,11436.51
2022-03-18,22,PT1H,MC-BajoPutumayo,10613.52,10438.33
2022-03-18,23,PT1H,MC-BajoPutumayo,9236.49,9009.68
2022-03-18,24,PT1H,MC-BajoPutumayo,7945.18,7560.57
2022-05-16,1,PT1H,MC-BajoPutumayo,7160.69,7083.66
2022-05-16,2,PT1H,MC-BajoPutumayo,6671.72,6571.71
2022-05-16,3,PT1H,MC-BajoPutumayo,6425.74,6323.47
2022-05-16,4,PT1H,MC-BajoPutumayo,6122.62,6173.31
2022-05-16,5,PT1H,MC-BajoPutumayo,6155.96,6083.4
2022-05-16,6,PT1H,MC-BajoPutumayo,6872.46,6702.61
2022-05-16,7,PT1H,MC-BajoPutumayo,7424.97,7082.36
2022-05-16,8,PT1H,MC-BajoPutumayo,8034.52,8206.1
2022-05-16,9,PT1H,MC-BajoPutumayo,8837.87,9353.14
2022-05-16,10,PT1H,MC-BajoPutumayo,9446.15,9563.14
2022-05-16,11,PT1H,MC-BajoPutumayo,10118.59,10385.38
2022-05-16,12,PT1H,MC-BajoPutumayo,10525.23,10739.35
2022-05-16,13,PT1H,MC-BajoPutumayo,9981.96,10671.53
2022-05-16,14,PT1H,MC-BajoPutumayo,9838.11,10864.1
2022-05-16,15,PT1H,MC-BajoPutumayo,10289.95,11336.3
2022-05-16,16,PT1H,MC-BajoPutumayo,10562.86,11540.17
2022-05-16,17,PT1H,MC-BajoPutumayo,10642.67,11427.56
2022-05-16,18,PT1H,MC-BajoPutumayo,10821.69,11139.91
2022-05-16,19,PT1H,MC-BajoPutumayo,11942.74,12276.24
2022-05-16,20,PT1H,MC-BajoPutumayo,12319.94,12617.9
2022-05-16,21,PT1H,MC-BajoPutumayo,11702.33,11907.68
2022-05-16,22,PT1H,MC-BajoPutumayo,10549.66,10829.46
2022-05-16,23,PT1H,MC-BajoPutumayo,8886.31,9036.24
2022-05-16,24,PT1H,MC-BajoPutumayo,7437.23,7804.83
2023-09-23,1,PT1H,MC-BajoPutumayo,8816.07,8485.01
2023-09-23,2,PT1H,MC-BajoPutumayo,8239.36,7837.26
2023-09-23,3,PT1H,MC-BajoPutumayo,7770.76,7506.08
2023-09-23,4,PT1H,MC-BajoPutumayo,7532.22,7241.23
2023-09-23,5,PT1H,MC-BajoPutumayo,7524.07,7114.94
2023-09-23,6,PT1H,MC-BajoPutumayo,7645.64,7068.71
2023-09-23,7,PT1H,MC-BajoPutumayo,8025.23,7609.83
2023-09-23,8,PT1H,MC-BajoPutumayo,9229.68,8754.37
2023-09-23,9,PT1H,MC-BajoPutumayo,10339.08,9982.74
2023-09-23,10,PT1H,MC-BajoPutumayo,11330.2,11272.06
2023-09-23,11,PT1H,MC-BajoPutumayo,12341.97,12151.93
2023-09-23,12,PT1H,MC-BajoPutumayo,13345.0,12704.46
2023-09-23,13,PT1H,MC-BajoPutumayo,13427.5,12706.97
2023-09-23,14,PT1H,MC-BajoPutumayo,13403.08,13080.25
2023-09-23,15,PT1H,MC-BajoPutumayo,13603.82,13496.86
2023-09-23,16,PT1H,MC-BajoPutumayo,13683.49,13192.07
2023-09-23,17,PT1H,MC-BajoPutumayo,11982.87,12966.61
2023-09-23,18,PT1H,MC-BajoPutumayo,12455.35,12892.35
2023-09-23,19,PT1H,MC-BajoPutumayo,13647.27,14052.19
2023-09-23,20,PT1H,MC-BajoPutumayo,13497.77,14312.24
2023-09-23,21,PT1H,MC-BajoPutumayo,12804.34,13494.52
2023-09-23,22,PT1H,MC-BajoPutumayo,12026.75,12593.07
2023-09-23,23,PT1H,MC-BajoPutumayo,10395.2,11455.97
2023-09-23,24,PT1H,MC-BajoPutumayo,9295.17,10206.49
2025-02-09,1,PT1H,MC-BajoPutumayo,7601.38,9413.5
2025-02-09,2,PT1H,MC-BajoPutumayo,7177.23,8871.8
2025-02-09,3,PT1H,MC-BajoPutumayo,6839.62,8398.7
2025-02-09,4,PT1H,MC-BajoPutumayo,6713.03,8259.8
2025-02-09,5,PT1H,MC-BajoPutumayo,6656.27,8132.3
2025-02-09,6,PT1H,MC-BajoPutumayo,6752.42,8006.8
2025-02-09,7,PT1H,MC-BajoPutumayo,6960.14,8299.8
2025-02-09,8,PT1H,MC-BajoPutumayo,7849.49,9350.4
2025-02-09,9,PT1H,MC-BajoPutumayo,9059.29,10385.0
2025-02-09,10,PT1H,MC-BajoPutumayo,9659.46,11271.4
2025-02-09,11,PT1H,MC-BajoPutumayo,10397.99,11776.0
2025-02-09,12,PT1H,MC-BajoPutumayo,11070.64,12266.3
2025-02-09,13,PT1H,MC-BajoPutumayo,11537.32,12457.4
2025-02-09,14,PT1H,MC-BajoPutumayo,11427.43,12469.1
2025-02-09,15,PT1H,MC-BajoPutumayo,9627.96,12576.8
2025-02-09,16,PT1H,MC-BajoPutumayo,12214.63,12570.9
2025-02-09,17,PT1H,MC-BajoPutumayo,12218.42,12423.0
2025-02-09,18,PT1H,MC-BajoPutumayo,12034.95,12888.6
2025-02-09,19,PT1H,MC-BajoPutumayo,13170.05,13879.5
2025-02-09,20,PT1H,MC-BajoPutumayo,14111.49,14058.2
2025-02-09,21,PT1H,MC-BajoPutumayo,13548.17,13518.1
2025-02-09,22,PT1H,MC-BajoPutumayo,12543.42,12564.8
2025-02-09,23,PT1H,MC-BajoPutumayo,11075.39,11300.3
2025-02-09,24,PT1H,MC-BajoPutumayo,9570.72,10011.7
2025-03-23,1,PT1H,MC-BajoPutumayo,7690.64,8886.8
2025-03-23,2,PT1H,MC-BajoPutumayo,7239.73,8305.1
2025-03-23,3,PT1H,MC-BajoPutumayo,6951.34,7852.7
2025-03-23,4,PT1H,MC-BajoPutumayo,6746.85,7626.3
2025-03-23,5,PT1H,MC-BajoPutumayo,6613.25,7453.1
2025-03-23,6,PT1H,MC-BajoPutumayo,6727.45,7475.9
2025-03-23,7,PT1H,MC-BajoPutumayo,6892.35,7752.4
2025-03-23,8,PT1H,MC-BajoPutumayo,7753.45,8470.8
2025-03-23,9,PT1H,MC-BajoPutumayo,8838.93,9454.0
2025-03-23,10,PT1H,MC-BajoPutumayo,9809.19,10176.2
2025-03-23,11,PT1H,MC-BajoPutumayo,10434.56,10717.6
2025-03-23,12,PT1H,MC-BajoPutumayo,10859.24,11154.6
2025-03-23,13,PT1H,MC-BajoPutumayo,10978.39,11261.3
2025-03-23,14,PT1H,MC-BajoPutumayo,10677.25,11139.7
2025-03-23,15,PT1H,MC-BajoPutumayo,10634.59,11384.6
2025-03-23,16,PT1H,MC-BajoPutumayo,10739.2,11564.6
2025-03-23,17,PT1H,MC-BajoPutumayo,10992.75,11659.5
2025-03-23,18,PT1H,MC-BajoPutumayo,11231.34,11659.9
2025-03-23,19,PT1H,MC-BajoPutumayo,12717.5,12844.0
2025-03-23,20,PT1H,MC-BajoPutumayo,12935.69,13736.9
2025-03-23,21,PT1H,MC-BajoPutumayo,12288.76,13134.1
2025-03-23,22,PT1H,MC-BajoPutumayo,11254.85,12065.6
2025-03-23,23,PT1H,MC-BajoPutumayo,10026.93,10520.6
2025-03-23,24,PT1H,MC-BajoPutumayo,8891.04,9268.6
2023-08-13,1,PT1H,MC-BajoPutumayo,8293.82,8069.55
2023-08-13,2,PT1H,MC-BajoPutumayo,7785.38,7571.2
2023-08-13,3,PT1H,MC-BajoPutumayo,7392.35,7222.25
2023-08-13,4,PT1H,MC-BajoPutumayo,7117.72,7021.61
2023-08-13,5,PT1H,MC-BajoPutumayo,6920.82,6840.15
2023-08-13,6,PT1H,MC-BajoPutumayo,7035.25,6912.16
2023-08-13,7,PT1H,MC-BajoPutumayo,7128.63,7070.41
2023-08-13,8,PT1H,MC-BajoPutumayo,7344.3,7931.98
2023-08-13,9,PT1H,MC-BajoPutumayo,8071.5,9045.38
2023-08-13,10,PT1H,MC-BajoPutumayo,9431.3,9906.9
2023-08-13,11,PT1H,MC-BajoPutumayo,9674.43,10228.45
2023-08-13,12,PT1H,MC-BajoPutumayo,9967.69,10692.29
2023-08-13,13,PT1H,MC-BajoPutumayo,10074.32,10938.2
2023-08-13,14,PT1H,MC-BajoPutumayo,9575.04,10956.06
2023-08-13,15,PT1H,MC-BajoPutumayo,10441.08,10795.63
2023-08-13,16,PT1H,MC-BajoPutumayo,10137.28,10463.72
2023-08-13,17,PT1H,MC-BajoPutumayo,10085.29,10384.94
2023-08-13,18,PT1H,MC-BajoPutumayo,10195.48,10328.17
2023-08-13,19,PT1H,MC-BajoPutumayo,11474.88,11432.36
2023-08-13,20,PT1H,MC-BajoPutumayo,11857.44,12029.3
2023-08-13,21,PT1H,MC-BajoPutumayo,11278.6,11479.47
2023-08-13,22,PT1H,MC-BajoPutumayo,11114.01,10569.68
2023-08-13,23,PT1H,MC-BajoPutumayo,9296.35,9211.73
2023-08-13,24,PT1H,MC-BajoPutumayo,7909.69,8120.21
2023-05-01,1,PT1H,MC-BajoPutumayo,7990.86,6903.99
2023-05-01,2,PT1H,MC-BajoPutumayo,6874.53,6511.38
2023-05-01,3,PT1H,MC-BajoPutumayo,6690.87,6308.93
2023-05-01,4,PT1H,MC-BajoPutumayo,6513.67,6198.49
2023-05-01,5,PT1H,MC-BajoPutumayo,6327.76,6177.4
2023-05-01,6,PT1H,MC-BajoPutumayo,6372.71,6628.51
2023-05-01,7,PT1H,MC-BajoPutumayo,6806.39,7052.7
2023-05-01,8,PT1H,MC-BajoPutumayo,7786.33,7893.33
2023-05-01,9,PT1H,MC-BajoPutumayo,8876.01,9010.6
2023-05-01,10,PT1H,MC-BajoPutumayo,9913.22,9788.0
2023-05-01,11,PT1H,MC-BajoPutumayo,10767.43,10428.12
2023-05-01,12,PT1H,MC-BajoPutumayo,11405.33,11009.86
2023-05-01,13,PT1H,MC-BajoPutumayo,11633.07,10822.82
2023-05-01,14,PT1H,MC-BajoPutumayo,11641.1,11002.73
2023-05-01,15,PT1H,MC-BajoPutumayo,11779.03,11713.57
2023-05-01,16,PT1H,MC-BajoPutumayo,11852.7,11921.52
2023-05-01,17,PT1H,MC-BajoPutumayo,11809.77,11914.13
2023-05-01,18,PT1H,MC-BajoPutumayo,11641.69,11857.28
2023-05-01,19,PT1H,MC-BajoPutumayo,12839.92,12881.15
2023-05-01,20,PT1H,MC-BajoPutumayo,13453.68,13224.59
2023-05-01,21,PT1H,MC-BajoPutumayo,13074.88,12359.29
2023-05-01,22,PT1H,MC-BajoPutumayo,11949.83,11160.51
2023-05-01,23,PT1H,MC-BajoPutumayo,10034.74,9486.64
2023-05-01,24,PT1H,MC-BajoPutumayo,8665.45,8123.27
2024-03-17,1,PT1H,MC-BajoPutumayo,9235.12,7355.34
2024-03-17,2,PT1H,MC-BajoPutumayo,8644.02,6909.1
2024-03-17,3,PT1H,MC-BajoPutumayo,8114.11,6630.19
2024-03-17,4,PT1H,MC-BajoPutumayo,7840.14,6415.15
2024-03-17,5,PT1H,MC-BajoPutumayo,7678.83,6410.81
2024-03-17,6,PT1H,MC-BajoPutumayo,7593.52,6942.54
2024-03-17,7,PT1H,MC-BajoPutumayo,7645.61,7466.7
2024-03-17,8,PT1H,MC-BajoPutumayo,8604.81,8119.07
2024-03-17,9,PT1H,MC-BajoPutumayo,9846.47,9275.83
2024-03-17,10,PT1H,MC-BajoPutumayo,10785.68,10012.5
2024-03-17,11,PT1H,MC-BajoPutumayo,11592.18,10782.03
2024-03-17,12,PT1H,MC-BajoPutumayo,12320.91,11009.71
2024-03-17,13,PT1H,MC-BajoPutumayo,12641.96,11001.13
2024-03-17,14,PT1H,MC-BajoPutumayo,12753.12,11443.14
2024-03-17,15,PT1H,MC-BajoPutumayo,12819.02,12324.45
2024-03-17,16,PT1H,MC-BajoPutumayo,12735.87,12558.2
2024-03-17,17,PT1H,MC-BajoPutumayo,12636.62,12506.11
2024-03-17,18,PT1H,MC-BajoPutumayo,12523.45,11940.84
2024-03-17,19,PT1H,MC-BajoPutumayo,13652.85,11959.82
2024-03-17,20,PT1H,MC-BajoPutumayo,14540.15,12788.4
2024-03-17,21,PT1H,MC-BajoPutumayo,14199.8,12178.94
2024-03-17,22,PT1H,MC-BajoPutumayo,13345.22,11155.6
2024-03-17,23,PT1H,MC-BajoPutumayo,11889.93,9654.91
2024-03-17,24,PT1H,MC-BajoPutumayo,10389.22,8423.87
2024-07-31,1,PT1H,MC-BajoPutumayo,7457.83,6742.1
2024-07-31,2,PT1H,MC-BajoPutumayo,7097.76,6324.1
2024-07-31,3,PT1H,MC-BajoPutumayo,6951.3,6231.5
2024-07-31,4,PT1H,MC-BajoPutumayo,6787.01,5956.2
2024-07-31,5,PT1H,MC-BajoPutumayo,6943.4,6199.0
2024-07-31,6,PT1H,MC-BajoPutumayo,7660.75,6973.9
2024-07-31,7,PT1H,MC-BajoPutumayo,8277.36,7970.2
2024-07-31,8,PT1H,MC-BajoPutumayo,9205.04,8582.6
2024-07-31,9,PT1H,MC-BajoPutumayo,10394.83,9250.2
2024-07-31,10,PT1H,MC-BajoPutumayo,11368.26,9931.6
2024-07-31,11,PT1H,MC-BajoPutumayo,11997.76,10648.8
2024-07-31,12,PT1H,MC-BajoPutumayo,12417.03,11012.1
2024-07-31,13,PT1H,MC-BajoPutumayo,12172.42,10544.7
2024-07-31,14,PT1H,MC-BajoPutumayo,12608.32,10708.2
2024-07-31,15,PT1H,MC-BajoPutumayo,12898.76,10940.4
2024-07-31,16,PT1H,MC-BajoPutumayo,12966.92,11129.8
2024-07-31,17,PT1H,MC-BajoPutumayo,12737.58,11072.1
2024-07-31,18,PT1H,MC-BajoPutumayo,12553.56,11070.8
2024-07-31,19,PT1H,MC-BajoPutumayo,13833.83,12442.4
2024-07-31,20,PT1H,MC-BajoPutumayo,14042.5,13202.3
2024-07-31,21,PT1H,MC-BajoPutumayo,13210.47,12434.4
2024-07-31,22,PT1H,MC-BajoPutumayo,11879.73,11284.0
2024-07-31,23,PT1H,MC-BajoPutumayo,9943.78,9321.8
2024-07-31,24,PT1H,MC-BajoPutumayo,8540.68,7711.5
2022-08-04,1,PT1H,MC-BajoPutumayo,7115.75,6566.65
2022-08-04,2,PT1H,MC-BajoPutumayo,6706.9,6138.95
2022-08-04,3,PT1H,MC-BajoPutumayo,6473.94,5898.23
2022-08-04,4,PT1H,MC-BajoPutumayo,6335.7,5767.53
2022-08-04,5,PT1H,MC-BajoPutumayo,6379.02,5893.08
2022-08-04,6,PT1H,MC-BajoPutumayo,6963.36,6343.72
2022-08-04,7,PT1H,MC-BajoPutumayo,7748.79,6990.88
2022-08-04,8,PT1H,MC-BajoPutumayo,8405.76,7918.45
2022-08-04,9,PT1H,MC-BajoPutumayo,9285.32,8863.23
2022-08-04,10,PT1H,MC-BajoPutumayo,9540.28,9496.33
2022-08-04,11,PT1H,MC-BajoPutumayo,9980.11,10168.17
2022-08-04,12,PT1H,MC-BajoPutumayo,10545.59,10576.85
2022-08-04,13,PT1H,MC-BajoPutumayo,10376.93,10580.45
2022-08-04,14,PT1H,MC-BajoPutumayo,10383.45,10840.15
2022-08-04,15,PT1H,MC-BajoPutumayo,11016.84,11482.92
2022-08-04,16,PT1H,MC-BajoPutumayo,11587.91,11651.01
2022-08-04,17,PT1H,MC-BajoPutumayo,11741.66,11707.99
2022-08-04,18,PT1H,MC-BajoPutumayo,11587.06,11412.54
2022-08-04,19,PT1H,MC-BajoPutumayo,12451.15,12218.23
2022-08-04,20,PT1H,MC-BajoPutumayo,12922.54,12921.57
2022-08-04,21,PT1H,MC-BajoPutumayo,12027.61,12300.52
2022-08-04,22,PT1H,MC-BajoPutumayo,10654.81,11109.17
2022-08-04,23,PT1H,MC-BajoPutumayo,8973.91,9484.42
2022-08-04,24,PT1H,MC-BajoPutumayo,7686.42,8073.57
2025-08-28,1,PT1H,MC-BajoPutumayo,7391.86,8085.0
2025-08-28,2,PT1H,MC-BajoPutumayo,6966.1,7556.3
2025-08-28,3,PT1H,MC-BajoPutumayo,6755.86,7301.5
2025-08-28,4,PT1H,MC-BajoPutumayo,6641.67,7129.1
2025-08-28,5,PT1H,MC-BajoPutumayo,6743.38,7108.8
2025-08-28,6,PT1H,MC-BajoPutumayo,7413.62,7628.1
2025-08-28,7,PT1H,MC-BajoPutumayo,8328.36,8146.5
2025-08-28,8,PT1H,MC-BajoPutumayo,9027.04,8862.5
2025-08-28,9,PT1H,MC-BajoPutumayo,9921.61,10114.6
2025-08-28,10,PT1H,MC-BajoPutumayo,10375.44,10856.9
2025-08-28,11,PT1H,MC-BajoPutumayo,10904.25,11645.1
2025-08-28,12,PT1H,MC-BajoPutumayo,11451.74,12142.7
2025-08-28,13,PT1H,MC-BajoPutumayo,11050.25,11766.8
2025-08-28,14,PT1H,MC-BajoPutumayo,10998.67,11642.7
2025-08-28,15,PT1H,MC-BajoPutumayo,11613.34,12119.5
2025-08-28,16,PT1H,MC-BajoPutumayo,11950.47,12431.8
2025-08-28,17,PT1H,MC-BajoPutumayo,12074.78,12468.4
2025-08-28,18,PT1H,MC-BajoPutumayo,12189.25,12394.7
2025-08-28,19,PT1H,MC-BajoPutumayo,13377.18,13513.4
2025-08-28,20,PT1H,MC-BajoPutumayo,13753.61,14311.7
2025-08-28,21,PT1H,MC-BajoPutumayo,12795.64,13534.9
2025-08-28,22,PT1H,MC-BajoPutumayo,11368.57,12237.5
2025-08-28,23,PT1H,MC-BajoPutumayo,9591.4,10510.4
2025-08-28,24,PT1H,MC-BajoPutumayo,8140.93,9081.9
2024-07-16,1,PT1H,MC-BajoPutumayo,6566.31,7245.9
2024-07-16,2,PT1H,MC-BajoPutumayo,6212.55,7043.2
2024-07-16,3,PT1H,MC-BajoPutumayo,6063.3,6777.7
2024-07-16,4,PT1H,MC-BajoPutumayo,6022.96,6643.0
2024-07-16,5,PT1H,MC-BajoPutumayo,6157.86,6661.6
2024-07-16,6,PT1H,MC-BajoPutumayo,6965.05,7009.5
2024-07-16,7,PT1H,MC-BajoPutumayo,7577.32,7567.1
2024-07-16,8,PT1H,MC-BajoPutumayo,8250.05,8512.0
2024-07-16,9,PT1H,MC-BajoPutumayo,9011.58,9262.0
2024-07-16,10,PT1H,MC-BajoPutumayo,9430.08,9804.1
2024-07-16,11,PT1H,MC-BajoPutumayo,9894.64,10390.4
2024-07-16,12,PT1H,MC-BajoPutumayo,10248.5,10904.2
2024-07-16,13,PT1H,MC-BajoPutumayo,10126.82,10693.6
2024-07-16,14,PT1H,MC-BajoPutumayo,10293.46,10852.7
2024-07-16,15,PT1H,MC-BajoPutumayo,10904.36,11564.3
2024-07-16,16,PT1H,MC-BajoPutumayo,11007.49,11821.6
2024-07-16,17,PT1H,MC-BajoPutumayo,11209.21,11616.1
2024-07-16,18,PT1H,MC-BajoPutumayo,11029.31,11555.7
2024-07-16,19,PT1H,MC-BajoPutumayo,12298.41,12615.2
2024-07-16,20,PT1H,MC-BajoPutumayo,12389.78,12727.9
2024-07-16,21,PT1H,MC-BajoPutumayo,11574.08,11880.9
2024-07-16,22,PT1H,MC-BajoPutumayo,10207.49,10819.1
2024-07-16,23,PT1H,MC-BajoPutumayo,8493.46,9364.3
2024-07-16,24,PT1H,MC-BajoPutumayo,7225.93,8064.3
2023-02-09,1,PT1H,MC-BajoPutumayo,7420.04,7454.67
2023-02-09,2,PT1H,MC-BajoPutumayo,7005.02,6847.71
2023-02-09,3,PT1H,MC-BajoPutumayo,6806.78,6734.91
2023-02-09,4,PT1H,MC-BajoPutumayo,6706.69,6527.58
2023-02-09,5,PT1H,MC-BajoPutumayo,6774.49,6523.83
2023-02-09,6,PT1H,MC-BajoPutumayo,7471.05,6863.43
2023-02-09,7,PT1H,MC-BajoPutumayo,8155.91,7410.11
2023-02-09,8,PT1H,MC-BajoPutumayo,8876.0,8579.22
2023-02-09,9,PT1H,MC-BajoPutumayo,9441.2,9722.78
2023-02-09,10,PT1H,MC-BajoPutumayo,9847.54,10471.62
2023-02-09,11,PT1H,MC-BajoPutumayo,10497.27,11084.67
2023-02-09,12,PT1H,MC-BajoPutumayo,10850.5,11661.38
2023-02-09,13,PT1H,MC-BajoPutumayo,10486.55,11481.26
2023-02-09,14,PT1H,MC-BajoPutumayo,10850.96,11458.27
2023-02-09,15,PT1H,MC-BajoPutumayo,11713.35,12138.87
2023-02-09,16,PT1H,MC-BajoPutumayo,12081.72,12220.96
2023-02-09,17,PT1H,MC-BajoPutumayo,12240.81,11729.15
2023-02-09,18,PT1H,MC-BajoPutumayo,11875.23,11447.49
2023-02-09,19,PT1H,MC-BajoPutumayo,12837.68,12447.74
2023-02-09,20,PT1H,MC-BajoPutumayo,13465.9,12471.67
2023-02-09,21,PT1H,MC-BajoPutumayo,12741.02,11609.54
2023-02-09,22,PT1H,MC-BajoPutumayo,11649.78,10516.42
2023-02-09,23,PT1H,MC-BajoPutumayo,9845.35,9077.13
2023-02-09,24,PT1H,MC-BajoPutumayo,8354.65,8043.8
2025-05-16,1,PT1H,MC-BajoPutumayo,7562.54,7673.8
2025-05-16,2,PT1H,MC-BajoPutumayo,7080.11,7181.3
2025-05-16,3,PT1H,MC-BajoPutumayo,6844.87,6934.2
2025-05-16,4,PT1H,MC-BajoPutumayo,6733.48,6765.6
2025-05-16,5,PT1H,MC-BajoPutumayo,6791.12,6770.6
2025-05-16,6,PT1H,MC-BajoPutumayo,7362.39,7178.2
2025-05-16,7,PT1H,MC-BajoPutumayo,8110.58,7746.6
2025-05-16,8,PT1H,MC-BajoPutumayo,8938.15,8499.3
2025-05-16,9,PT1H,MC-BajoPutumayo,10065.26,9471.1
2025-05-16,10,PT1H,MC-BajoPutumayo,10430.81,10250.2
2025-05-16,11,PT1H,MC-BajoPutumayo,10674.36,11061.4
2025-05-16,12,PT1H,MC-BajoPutumayo,10920.67,11788.1
2025-05-16,13,PT1H,MC-BajoPutumayo,10614.52,11804.5
2025-05-16,14,PT1H,MC-BajoPutumayo,10727.92,11832.2
2025-05-16,15,PT1H,MC-BajoPutumayo,11645.25,12379.3
2025-05-16,16,PT1H,MC-BajoPutumayo,12154.96,12424.8
2025-05-16,17,PT1H,MC-BajoPutumayo,9444.48,12391.7
2025-05-16,18,PT1H,MC-BajoPutumayo,9174.21,12145.7
2025-05-16,19,PT1H,MC-BajoPutumayo,12599.77,13424.8
2025-05-16,20,PT1H,MC-BajoPutumayo,13668.15,13740.5
2025-05-16,21,PT1H,MC-BajoPutumayo,12719.74,13156.5
2025-05-16,22,PT1H,MC-BajoPutumayo,11450.22,12099.8
2025-05-16,23,PT1H,MC-BajoPutumayo,10198.63,10735.9
2025-05-16,24,PT1H,MC-BajoPutumayo,8842.13,9543.9
2023-02-17,1,PT1H,MC-BajoPutumayo,6588.58,7322.91
2023-02-17,2,PT1H,MC-BajoPutumayo,6178.7,6858.84
2023-02-17,3,PT1H,MC-BajoPutumayo,5989.92,6516.81
2023-02-17,4,PT1H,MC-BajoPutumayo,5886.95,6502.32
2023-02-17,5,PT1H,MC-BajoPutumayo,5978.19,6488.33
2023-02-17,6,PT1H,MC-BajoPutumayo,6695.16,6745.4
2023-02-17,7,PT1H,MC-BajoPutumayo,7417.97,7316.03
2023-02-17,8,PT1H,MC-BajoPutumayo,8131.88,8590.13
2023-02-17,9,PT1H,MC-BajoPutumayo,9181.85,9766.5
2023-02-17,10,PT1H,MC-BajoPutumayo,10133.3,10700.03
2023-02-17,11,PT1H,MC-BajoPutumayo,11198.19,11377.71
2023-02-17,12,PT1H,MC-BajoPutumayo,11730.2,11955.71
2023-02-17,13,PT1H,MC-BajoPutumayo,11283.13,11649.77
2023-02-17,14,PT1H,MC-BajoPutumayo,11517.75,11869.77
2023-02-17,15,PT1H,MC-BajoPutumayo,12213.96,12652.3
2023-02-17,16,PT1H,MC-BajoPutumayo,12634.45,12775.31
2023-02-17,17,PT1H,MC-BajoPutumayo,12752.75,12704.1
2023-02-17,18,PT1H,MC-BajoPutumayo,12476.14,12418.05
2023-02-17,19,PT1H,MC-BajoPutumayo,13011.43,13106.54
2023-02-17,20,PT1H,MC-BajoPutumayo,13762.01,13769.98
2023-02-17,21,PT1H,MC-BajoPutumayo,12863.08,12952.83
2023-02-17,22,PT1H,MC-BajoPutumayo,11790.59,11900.71
2023-02-17,23,PT1H,MC-BajoPutumayo,10361.35,10458.91
2023-02-17,24,PT1H,MC-BajoPutumayo,9094.78,9135.22
2022-12-03,1,PT1H,MC-BajoPutumayo,7762.94,7594.2
2022-12-03,2,PT1H,MC-BajoPutumayo,7291.33,7097.87
2022-12-03,3,PT1H,MC-BajoPutumayo,5957.84,6775.91
2022-12-03,4,PT1H,MC-BajoPutumayo,6807.86,6560.21
2022-12-03,5,PT1H,MC-BajoPutumayo,7880.09,6488.23
2022-12-03,6,PT1H,MC-BajoPutumayo,6727.85,6724.23
2022-12-03,7,PT1H,MC-BajoPutumayo,7172.78,7260.13
2022-12-03,8,PT1H,MC-BajoPutumayo,8335.08,8237.62
2022-12-03,9,PT1H,MC-BajoPutumayo,9349.12,9456.12
2022-12-03,10,PT1H,MC-BajoPutumayo,11074.19,10434.17
2022-12-03,11,PT1H,MC-BajoPutumayo,12399.47,11005.28
2022-12-03,12,PT1H,MC-BajoPutumayo,12916.57,11643.25
2022-12-03,13,PT1H,MC-BajoPutumayo,12962.78,11634.3
2022-12-03,14,PT1H,MC-BajoPutumayo,13491.86,11648.53
2022-12-03,15,PT1H,MC-BajoPutumayo,13529.4,11837.34
2022-12-03,16,PT1H,MC-BajoPutumayo,12731.86,11911.73
2022-12-03,17,PT1H,MC-BajoPutumayo,11162.07,11788.92
2022-12-03,18,PT1H,MC-BajoPutumayo,11649.12,11874.01
2022-12-03,19,PT1H,MC-BajoPutumayo,12569.51,13180.97
2022-12-03,20,PT1H,MC-BajoPutumayo,12340.01,13129.16
2022-12-03,21,PT1H,MC-BajoPutumayo,11545.72,12273.59
2022-12-03,22,PT1H,MC-BajoPutumayo,10496.19,11253.33
2022-12-03,23,PT1H,MC-BajoPutumayo,9374.22,9902.19
2022-12-03,24,PT1H,MC-BajoPutumayo,8377.37,8810.03
2022-12-22,1,PT1H,MC-BajoPutumayo,9402.48,7483.44
2022-12-22,2,PT1H,MC-BajoPutumayo,8157.7,6879.67
2022-12-22,3,PT1H,MC-BajoPutumayo,7208.22,6492.73
2022-12-22,4,PT1H,MC-BajoPutumayo,7107.8,6347.15
2022-12-22,5,PT1H,MC-BajoPutumayo,7205.26,6410.65
2022-12-22,6,PT1H,MC-BajoPutumayo,7463.51,6702.65
2022-12-22,7,PT1H,MC-BajoPutumayo,7800.53,7304.39
2022-12-22,8,PT1H,MC-BajoPutumayo,9599.18,8408.35
2022-12-22,9,PT1H,MC-BajoPutumayo,11730.79,9651.29
2022-12-22,10,PT1H,MC-BajoPutumayo,11876.63,10429.21
2022-12-22,11,PT1H,MC-BajoPutumayo,12159.38,11216.46
2022-12-22,12,PT1H,MC-BajoPutumayo,13533.57,11780.15
2022-12-22,13,PT1H,MC-BajoPutumayo,12928.61,11646.57
2022-12-22,14,PT1H,MC-BajoPutumayo,12271.27,11841.0
2022-12-22,15,PT1H,MC-BajoPutumayo,13387.11,12432.04
2022-12-22,16,PT1H,MC-BajoPutumayo,13662.06,12382.87
2022-12-22,17,PT1H,MC-BajoPutumayo,14485.32,12276.31
2022-12-22,18,PT1H,MC-BajoPutumayo,14255.55,12152.65
2022-12-22,19,PT1H,MC-BajoPutumayo,14462.16,13343.6
2022-12-22,20,PT1H,MC-BajoPutumayo,14538.11,13447.56
2022-12-22,21,PT1H,MC-BajoPutumayo,13793.59,12546.13
2022-12-22,22,PT1H,MC-BajoPutumayo,12816.28,11369.47
2022-12-22,23,PT1H,MC-BajoPutumayo,11138.59,9875.1
2022-12-22,24,PT1H,MC-BajoPutumayo,9527.5,8631.06
2025-07-10,1,PT1H,MC-BajoPutumayo,6339.38,7605.5
2025-07-10,2,PT1H,MC-BajoPutumayo,5923.03,7151.3
2025-07-10,3,PT1H,MC-BajoPutumayo,5758.01,6854.8
2025-07-10,4,PT1H,MC-BajoPutumayo,5678.74,6709.0
2025-07-10,5,PT1H,MC-BajoPutumayo,5741.98,6711.3
2025-07-10,6,PT1H,MC-BajoPutumayo,6332.46,7187.0
2025-07-10,7,PT1H,MC-BajoPutumayo,7196.25,7782.6
2025-07-10,8,PT1H,MC-BajoPutumayo,7882.74,8532.2
2025-07-10,9,PT1H,MC-BajoPutumayo,8877.04,9605.2
2025-07-10,10,PT1H,MC-BajoPutumayo,9277.77,10209.1
2025-07-10,11,PT1H,MC-BajoPutumayo,9567.5,10678.5
2025-07-10,12,PT1H,MC-BajoPutumayo,9886.32,11159.9
2025-07-10,13,PT1H,MC-BajoPutumayo,9716.11,10791.1
2025-07-10,14,PT1H,MC-BajoPutumayo,9576.78,10794.0
2025-07-10,15,PT1H,MC-BajoPutumayo,9909.59,11032.2
2025-07-10,16,PT1H,MC-BajoPutumayo,10017.92,11064.7
2025-07-10,17,PT1H,MC-BajoPutumayo,10238.16,11283.1
2025-07-10,18,PT1H,MC-BajoPutumayo,10649.37,11390.8
2025-07-10,19,PT1H,MC-BajoPutumayo,12380.58,12635.0
2025-07-10,20,PT1H,MC-BajoPutumayo,12717.61,13115.2
2025-07-10,21,PT1H,MC-BajoPutumayo,11837.09,12226.8
2025-07-10,22,PT1H,MC-BajoPutumayo,10443.82,10914.8
2025-07-10,23,PT1H,MC-BajoPutumayo,8710.62,9369.4
2025-07-10,24,PT1H,MC-BajoPutumayo,7503.59,8131.0
2025-11-11,1,PT1H,MC-BajoPutumayo,8409.08,8298.3
2025-11-11,2,PT1H,MC-BajoPutumayo,7714.68,7787.9
2025-11-11,3,PT1H,MC-BajoPutumayo,7540.91,7472.7
2025-11-11,4,PT1H,MC-BajoPutumayo,7440.48,7191.3
2025-11-11,5,PT1H,MC-BajoPutumayo,7567.93,7476.7
2025-11-11,6,PT1H,MC-BajoPutumayo,8332.12,8234.1
2025-11-11,7,PT1H,MC-BajoPutumayo,9181.71,9055.6
2025-11-11,8,PT1H,MC-BajoPutumayo,9985.48,10365.8
2025-11-11,9,PT1H,MC-BajoPutumayo,9439.32,9534.3
2025-11-11,10,PT1H,MC-BajoPutumayo,9692.23,10459.0
2025-11-11,11,PT1H,MC-BajoPutumayo,10413.93,10886.9
2025-11-11,12,PT1H,MC-BajoPutumayo,10815.22,11273.4
2025-11-11,13,PT1H,MC-BajoPutumayo,10733.27,10747.5
2025-11-11,14,PT1H,MC-BajoPutumayo,11109.29,10872.3
2025-11-11,15,PT1H,MC-BajoPutumayo,12081.44,11560.8
2025-11-11,16,PT1H,MC-BajoPutumayo,12082.59,11785.4
2025-11-11,17,PT1H,MC-BajoPutumayo,11982.08,11474.4
2025-11-11,18,PT1H,MC-BajoPutumayo,12784.7,13636.7
2025-11-11,19,PT1H,MC-BajoPutumayo,15683.81,15778.6
2025-11-11,20,PT1H,MC-BajoPutumayo,16248.21,15740.1
2025-11-11,21,PT1H,MC-BajoPutumayo,15314.52,14910.1
2025-11-11,22,PT1H,MC-BajoPutumayo,13821.02,13257.4
2025-11-11,23,PT1H,MC-BajoPutumayo,11894.73,11292.0
2025-11-11,24,PT1H,MC-BajoPutumayo,10484.19,9637.0
2025-12-05,1,PT1H,MC-BajoPutumayo,9523.33,7305.8
2025-12-05,2,PT1H,MC-BajoPutumayo,8701.31,6724.7
2025-12-05,3,PT1H,MC-BajoPutumayo,8603.46,6410.3
2025-12-05,4,PT1H,MC-BajoPutumayo,8392.32,6257.2
2025-12-05,5,PT1H,MC-BajoPutumayo,8372.26,6333.5
2025-12-05,6,PT1H,MC-BajoPutumayo,8583.88,6923.5
2025-12-05,7,PT1H,MC-BajoPutumayo,9357.91,7636.4
2025-12-05,8,PT1H,MC-BajoPutumayo,10794.08,8930.0
2025-12-05,9,PT1H,MC-BajoPutumayo,12634.98,11455.6
2025-12-05,10,PT1H,MC-BajoPutumayo,12139.69,12829.0
2025-12-05,11,PT1H,MC-BajoPutumayo,13490.28,13534.0
2025-12-05,12,PT1H,MC-BajoPutumayo,13933.77,14118.6
2025-12-05,13,PT1H,MC-BajoPutumayo,13521.28,13893.1
2025-12-05,14,PT1H,MC-BajoPutumayo,13883.86,14252.6
2025-12-05,15,PT1H,MC-BajoPutumayo,14843.74,15335.8
2025-12-05,16,PT1H,MC-BajoPutumayo,14673.7,15599.4
2025-12-05,17,PT1H,MC-BajoPutumayo,14469.46,15085.3
2025-12-05,18,PT1H,MC-BajoPutumayo,14399.27,14937.5
2025-12-05,19,PT1H,MC-BajoPutumayo,15378.47,15450.5
2025-12-05,20,PT1H,MC-BajoPutumayo,14349.15,14780.0
2025-12-05,21,PT1H,MC-BajoPutumayo,15253.6,13980.1
2025-12-05,22,PT1H,MC-BajoPutumayo,13812.26,12376.5
2025-12-05,23,PT1H,MC-BajoPutumayo,12265.64,10162.5
2025-12-05,24,PT1H,MC-BajoPutumayo,10816.3,8812.1
2022-10-26,1,PT1H,MC-BajoPutumayo,8423.61,8236.42
2022-10-26,2,PT1H,MC-BajoPutumayo,7958.48,7635.31
2022-10-26,3,PT1H,MC-BajoPutumayo,7689.26,7377.1
2022-10-26,4,PT1H,MC-BajoPutumayo,7549.59,7156.17
2022-10-26,5,PT1H,MC-BajoPutumayo,7482.97,7115.55
2022-10-26,6,PT1H,MC-BajoPutumayo,7807.99,7450.3
2022-10-26,7,PT1H,MC-BajoPutumayo,8752.31,7982.3
2022-10-26,8,PT1H,MC-BajoPutumayo,9716.71,8875.67
2022-10-26,9,PT1H,MC-BajoPutumayo,10537.81,9868.51
2022-10-26,10,PT1H,MC-BajoPutumayo,10944.22,10866.8
2022-10-26,11,PT1H,MC-BajoPutumayo,11101.11,11684.76
2022-10-26,12,PT1H,MC-BajoPutumayo,11670.91,12201.79
2022-10-26,13,PT1H,MC-BajoPutumayo,11425.96,12110.17
2022-10-26,14,PT1H,MC-BajoPutumayo,11878.71,12311.47
2022-10-26,15,PT1H,MC-BajoPutumayo,12726.9,13189.47
2022-10-26,16,PT1H,MC-BajoPutumayo,12793.38,13381.37
2022-10-26,17,PT1H,MC-BajoPutumayo,12764.66,13165.64
2022-10-26,18,PT1H,MC-BajoPutumayo,12940.75,12791.38
2022-10-26,19,PT1H,MC-BajoPutumayo,14285.49,13821.44
2022-10-26,20,PT1H,MC-BajoPutumayo,13995.11,13696.31
2022-10-26,21,PT1H,MC-BajoPutumayo,13150.53,12974.79
2022-10-26,22,PT1H,MC-BajoPutumayo,12105.38,11494.17
2022-10-26,23,PT1H,MC-BajoPutumayo,10248.43,9902.58
2022-10-26,24,PT1H,MC-BajoPutumayo,8884.0,8582.32
2025-08-10,1,PT1H,MC-BajoPutumayo,7996.22,8202.8
2025-08-10,2,PT1H,MC-BajoPutumayo,7506.43,7642.5
2025-08-10,3,PT1H,MC-BajoPutumayo,7117.08,7301.5
2025-08-10,4,PT1H,MC-BajoPutumayo,6880.0,7026.0
2025-08-10,5,PT1H,MC-BajoPutumayo,6814.3,6771.8
2025-08-10,6,PT1H,MC-BajoPutumayo,6982.22,6946.2
2025-08-10,7,PT1H,MC-BajoPutumayo,7181.79,7096.4
2025-08-10,8,PT1H,MC-BajoPutumayo,8003.53,7936.7
2025-08-10,9,PT1H,MC-BajoPutumayo,9068.76,9194.2
2025-08-10,10,PT1H,MC-BajoPutumayo,9915.58,10070.3
2025-08-10,11,PT1H,MC-BajoPutumayo,10295.61,10687.5
2025-08-10,12,PT1H,MC-BajoPutumayo,10598.39,11212.3
2025-08-10,13,PT1H,MC-BajoPutumayo,10838.93,11443.0
2025-08-10,14,PT1H,MC-BajoPutumayo,10876.77,11479.8
2025-08-10,15,PT1H,MC-BajoPutumayo,11116.95,11557.6
2025-08-10,16,PT1H,MC-BajoPutumayo,11370.0,11430.9
2025-08-10,17,PT1H,MC-BajoPutumayo,11256.26,11138.8
2025-08-10,18,PT1H,MC-BajoPutumayo,11121.68,11329.8
2025-08-10,19,PT1H,MC-BajoPutumayo,12467.96,12849.9
2025-08-10,20,PT1H,MC-BajoPutumayo,13192.83,13330.9
2025-08-10,21,PT1H,MC-BajoPutumayo,12652.63,12461.6
2025-08-10,22,PT1H,MC-BajoPutumayo,11667.31,11369.2
2025-08-10,23,PT1H,MC-BajoPutumayo,10113.96,9939.8
2025-08-10,24,PT1H,MC-BajoPutumayo,8737.06,8734.8
2024-01-30,1,PT1H,MC-BajoPutumayo,9470.52,8231.84
2024-01-30,2,PT1H,MC-BajoPutumayo,8889.73,7813.56
2024-01-30,3,PT1H,MC-BajoPutumayo,8458.12,7530.91
2024-01-30,4,PT1H,MC-BajoPutumayo,8204.67,7440.99
2024-01-30,5,PT1H,MC-BajoPutumayo,8131.12,7443.4
2024-01-30,6,PT1H,MC-BajoPutumayo,8325.49,7681.42
2024-01-30,7,PT1H,MC-BajoPutumayo,8594.46,8183.59
2024-01-30,8,PT1H,MC-BajoPutumayo,9855.81,9335.39
2024-01-30,9,PT1H,MC-BajoPutumayo,11265.97,10630.91
2024-01-30,10,PT1H,MC-BajoPutumayo,12414.93,11437.24
2024-01-30,11,PT1H,MC-BajoPutumayo,13340.5,11925.1
2024-01-30,12,PT1H,MC-BajoPutumayo,14427.8,12479.5
2024-01-30,13,PT1H,MC-BajoPutumayo,14118.6,11963.67
2024-01-30,14,PT1H,MC-BajoPutumayo,14037.93,11890.92
2024-01-30,15,PT1H,MC-BajoPutumayo,14794.83,12284.86
2024-01-30,16,PT1H,MC-BajoPutumayo,14853.64,12416.96
2024-01-30,17,PT1H,MC-BajoPutumayo,14849.18,12400.75
2024-01-30,18,PT1H,MC-BajoPutumayo,14393.06,12342.97
2024-01-30,19,PT1H,MC-BajoPutumayo,14706.73,13658.54
2024-01-30,20,PT1H,MC-BajoPutumayo,15511.94,14208.49
2024-01-30,21,PT1H,MC-BajoPutumayo,14770.6,13470.52
2024-01-30,22,PT1H,MC-BajoPutumayo,13758.53,12240.9
2024-01-30,23,PT1H,MC-BajoPutumayo,12198.56,10609.17
2024-01-30,24,PT1H,MC-BajoPutumayo,10147.84,9230.21
2024-12-29,1,PT1H,MC-BajoPutumayo,8421.99,8699.3
2024-12-29,2,PT1H,MC-BajoPutumayo,7850.4,8200.1
2024-12-29,3,PT1H,MC-BajoPutumayo,7371.04,7775.2
2024-12-29,4,PT1H,MC-BajoPutumayo,7205.06,7645.7
2024-12-29,5,PT1H,MC-BajoPutumayo,7254.42,7576.1
2024-12-29,6,PT1H,MC-BajoPutumayo,7257.06,7479.8
2024-12-29,7,PT1H,MC-BajoPutumayo,7467.87,8133.6
2024-12-29,8,PT1H,MC-BajoPutumayo,8334.33,9176.4
2024-12-29,9,PT1H,MC-BajoPutumayo,9253.61,10158.1
2024-12-29,10,PT1H,MC-BajoPutumayo,9901.89,11104.0
2024-12-29,11,PT1H,MC-BajoPutumayo,10502.37,11863.2
2024-12-29,12,PT1H,MC-BajoPutumayo,10850.83,12062.6
2024-12-29,13,PT1H,MC-BajoPutumayo,10955.79,12010.9
2024-12-29,14,PT1H,MC-BajoPutumayo,11267.01,12049.9
2024-12-29,15,PT1H,MC-BajoPutumayo,11647.53,12204.7
2024-12-29,16,PT1H,MC-BajoPutumayo,11804.62,12115.1
2024-12-29,17,PT1H,MC-BajoPutumayo,11857.49,12012.6
2024-12-29,18,PT1H,MC-BajoPutumayo,11808.9,12711.6
2024-12-29,19,PT1H,MC-BajoPutumayo,12999.74,13734.9
2024-12-29,20,PT1H,MC-BajoPutumayo,13563.38,13087.4
2024-12-29,21,PT1H,MC-BajoPutumayo,13113.0,12432.2
2024-12-29,22,PT1H,MC-BajoPutumayo,12366.44,11412.5
2024-12-29,23,PT1H,MC-BajoPutumayo,11184.33,10210.4
2024-12-29,24,PT1H,MC-BajoPutumayo,9947.5,8993.7
2023-07-06,1,PT1H,MC-BajoPutumayo,6821.39,7699.6
2023-07-06,2,PT1H,MC-BajoPutumayo,6428.38,7166.66
2023-07-06,3,PT1H,MC-BajoPutumayo,6226.0,6953.71
2023-07-06,4,PT1H,MC-BajoPutumayo,6083.67,6666.9
2023-07-06,5,PT1H,MC-BajoPutumayo,6111.49,6657.14
2023-07-06,6,PT1H,MC-BajoPutumayo,6403.91,6177.6
2023-07-06,7,PT1H,MC-BajoPutumayo,6962.68,6607.96
2023-07-06,8,PT1H,MC-BajoPutumayo,8698.6,8391.75
2023-07-06,9,PT1H,MC-BajoPutumayo,9944.61,9337.44
2023-07-06,10,PT1H,MC-BajoPutumayo,10642.99,9931.36
2023-07-06,11,PT1H,MC-BajoPutumayo,11271.97,10135.71
2023-07-06,12,PT1H,MC-BajoPutumayo,12102.34,10440.52
2023-07-06,13,PT1H,MC-BajoPutumayo,11811.5,10835.25
2023-07-06,14,PT1H,MC-BajoPutumayo,12128.68,10823.05
2023-07-06,15,PT1H,MC-BajoPutumayo,12920.53,10773.17
2023-07-06,16,PT1H,MC-BajoPutumayo,13070.7,10969.76
2023-07-06,17,PT1H,MC-BajoPutumayo,12759.75,10565.41
2023-07-06,18,PT1H,MC-BajoPutumayo,12559.15,10622.47
2023-07-06,19,PT1H,MC-BajoPutumayo,13422.52,12890.71
2023-07-06,20,PT1H,MC-BajoPutumayo,13050.64,13845.68
2023-07-06,21,PT1H,MC-BajoPutumayo,11641.61,13066.64
2023-07-06,22,PT1H,MC-BajoPutumayo,10411.61,11681.21
2023-07-06,23,PT1H,MC-BajoPutumayo,8837.09,9652.4
2023-07-06,24,PT1H,MC-BajoPutumayo,7694.62,8340.5
2024-09-14,1,PT1H,MC-BajoPutumayo,9358.15,7956.0
2024-09-14,2,PT1H,MC-BajoPutumayo,8712.23,7408.4
2024-09-14,3,PT1H,MC-BajoPutumayo,8272.85,7100.1
2024-09-14,4,PT1H,MC-BajoPutumayo,8015.61,6865.0
2024-09-14,5,PT1H,MC-BajoPutumayo,7910.45,6810.9
2024-09-14,6,PT1H,MC-BajoPutumayo,7893.34,6913.0
2024-09-14,7,PT1H,MC-BajoPutumayo,8960.11,7412.1
2024-09-14,8,PT1H,MC-BajoPutumayo,10178.49,8969.1
2024-09-14,9,PT1H,MC-BajoPutumayo,11622.93,11049.3
2024-09-14,10,PT1H,MC-BajoPutumayo,12805.1,11805.2
2024-09-14,11,PT1H,MC-BajoPutumayo,13731.73,12722.9
2024-09-14,12,PT1H,MC-BajoPutumayo,14238.82,13181.7
2024-09-14,13,PT1H,MC-BajoPutumayo,14171.12,12871.2
2024-09-14,14,PT1H,MC-BajoPutumayo,14212.18,12991.0
2024-09-14,15,PT1H,MC-BajoPutumayo,14604.43,13424.0
2024-09-14,16,PT1H,MC-BajoPutumayo,14469.09,13471.1
2024-09-14,17,PT1H,MC-BajoPutumayo,14231.23,13298.2
2024-09-14,18,PT1H,MC-BajoPutumayo,14459.27,13306.6
2024-09-14,19,PT1H,MC-BajoPutumayo,16014.09,14444.1
2024-09-14,20,PT1H,MC-BajoPutumayo,15543.0,14580.1
2024-09-14,21,PT1H,MC-BajoPutumayo,14642.73,13716.7
2024-09-14,22,PT1H,MC-BajoPutumayo,13601.35,12605.5
2024-09-14,23,PT1H,MC-BajoPutumayo,12266.81,11244.8
2024-09-14,24,PT1H,MC-BajoPutumayo,11073.15,10174.5
2022-01-30,1,PT1H,MC-BajoPutumayo,9323.05,7354.87
2022-01-30,2,PT1H,MC-BajoPutumayo,8744.51,6908.72
2022-01-30,3,PT1H,MC-BajoPutumayo,8136.88,6627.91
2022-01-30,4,PT1H,MC-BajoPutumayo,7969.11,6080.38
2022-01-30,5,PT1H,MC-BajoPutumayo,7822.25,6025.11
2022-01-30,6,PT1H,MC-BajoPutumayo,7608.04,6301.49
2022-01-30,7,PT1H,MC-BajoPutumayo,7612.2,6588.92
2022-01-30,8,PT1H,MC-BajoPutumayo,8312.11,7407.01
2022-01-30,9,PT1H,MC-BajoPutumayo,9266.6,8722.58
2022-01-30,10,PT1H,MC-BajoPutumayo,10224.66,9618.06
2022-01-30,11,PT1H,MC-BajoPutumayo,10959.91,10281.37
2022-01-30,12,PT1H,MC-BajoPutumayo,11007.63,10723.58
2022-01-30,13,PT1H,MC-BajoPutumayo,10958.55,10336.65
2022-01-30,14,PT1H,MC-BajoPutumayo,8199.29,10226.1
2022-01-30,15,PT1H,MC-BajoPutumayo,11352.71,10402.98
2022-01-30,16,PT1H,MC-BajoPutumayo,11295.7,10480.37
2022-01-30,17,PT1H,MC-BajoPutumayo,10478.41,10347.7
2022-01-30,18,PT1H,MC-BajoPutumayo,11008.43,10380.87
2022-01-30,19,PT1H,MC-BajoPutumayo,12668.27,11541.67
2022-01-30,20,PT1H,MC-BajoPutumayo,13297.55,12337.65
2022-01-30,21,PT1H,MC-BajoPutumayo,12104.98,11585.89
2022-01-30,22,PT1H,MC-BajoPutumayo,11227.33,10303.48
2022-01-30,23,PT1H,MC-BajoPutumayo,9856.54,9120.57
2022-01-30,24,PT1H,MC-BajoPutumayo,8780.33,7860.27
2022-08-05,1,PT1H,MC-BajoPutumayo,6953.38,6998.11
2022-08-05,2,PT1H,MC-BajoPutumayo,6549.3,6567.65
2022-08-05,3,PT1H,MC-BajoPutumayo,6373.35,6287.14
2022-08-05,4,PT1H,MC-BajoPutumayo,6284.31,6116.27
2022-08-05,5,PT1H,MC-BajoPutumayo,6322.06,6136.75
2022-08-05,6,PT1H,MC-BajoPutumayo,6881.43,6596.44
2022-08-05,7,PT1H,MC-BajoPutumayo,7857.04,7306.51
2022-08-05,8,PT1H,MC-BajoPutumayo,8612.16,8141.46
2022-08-05,9,PT1H,MC-BajoPutumayo,9410.36,9145.5
2022-08-05,10,PT1H,MC-BajoPutumayo,9381.2,9819.01
2022-08-05,11,PT1H,MC-BajoPutumayo,9397.73,10382.2
2022-08-05,12,PT1H,MC-BajoPutumayo,10454.83,10997.43
2022-08-05,13,PT1H,MC-BajoPutumayo,10136.78,10738.03
2022-08-05,14,PT1H,MC-BajoPutumayo,7282.49,10826.8
2022-08-05,15,PT1H,MC-BajoPutumayo,4725.89,11315.63
2022-08-05,16,PT1H,MC-BajoPutumayo,7179.2,11429.86
2022-08-05,17,PT1H,MC-BajoPutumayo,8803.52,11346.57
2022-08-05,18,PT1H,MC-BajoPutumayo,9731.36,11131.68
2022-08-05,19,PT1H,MC-BajoPutumayo,10918.62,11999.55
2022-08-05,20,PT1H,MC-BajoPutumayo,11022.85,12530.55
2022-08-05,21,PT1H,MC-BajoPutumayo,10501.73,11802.55
2022-08-05,22,PT1H,MC-BajoPutumayo,9256.93,10683.95
2022-08-05,23,PT1H,MC-BajoPutumayo,7841.48,9171.92
2022-08-05,24,PT1H,MC-BajoPutumayo,6751.21,7852.54
2022-08-12,1,PT1H,MC-BajoPutumayo,6436.56,6361.09
2022-08-12,2,PT1H,MC-BajoPutumayo,6039.56,5963.06
2022-08-12,3,PT1H,MC-BajoPutumayo,5846.76,5758.85
2022-08-12,4,PT1H,MC-BajoPutumayo,5787.34,5639.77
2022-08-12,5,PT1H,MC-BajoPutumayo,5840.82,5669.77
2022-08-12,6,PT1H,MC-BajoPutumayo,6479.7,6174.9
2022-08-12,7,PT1H,MC-BajoPutumayo,7223.04,6891.85
2022-08-12,8,PT1H,MC-BajoPutumayo,8059.28,7635.3
2022-08-12,9,PT1H,MC-BajoPutumayo,9006.88,8674.65
2022-08-12,10,PT1H,MC-BajoPutumayo,9993.61,9364.17
2022-08-12,11,PT1H,MC-BajoPutumayo,10780.21,10026.71
2022-08-12,12,PT1H,MC-BajoPutumayo,11500.52,10626.4
2022-08-12,13,PT1H,MC-BajoPutumayo,11322.49,10415.5
2022-08-12,14,PT1H,MC-BajoPutumayo,11525.51,10681.13
2022-08-12,15,PT1H,MC-BajoPutumayo,12264.58,11418.6
2022-08-12,16,PT1H,MC-BajoPutumayo,12500.6,11579.43
2022-08-12,17,PT1H,MC-BajoPutumayo,12443.88,11452.44
2022-08-12,18,PT1H,MC-BajoPutumayo,11917.09,11130.86
2022-08-12,19,PT1H,MC-BajoPutumayo,12781.77,11816.18
2022-08-12,20,PT1H,MC-BajoPutumayo,13394.42,12309.3
2022-08-12,21,PT1H,MC-BajoPutumayo,12440.02,11604.64
2022-08-12,22,PT1H,MC-BajoPutumayo,11259.32,10539.84
2022-08-12,23,PT1H,MC-BajoPutumayo,9749.6,9089.16
2022-08-12,24,PT1H,MC-BajoPutumayo,8389.96,7766.45
2023-12-10,1,PT1H,MC-BajoPutumayo,7910.78,8468.7
2023-12-10,2,PT1H,MC-BajoPutumayo,7430.5,7918.79
2023-12-10,3,PT1H,MC-BajoPutumayo,7072.85,7566.99
2023-12-10,4,PT1H,MC-BajoPutumayo,6890.42,7330.0
2023-12-10,5,PT1H,MC-BajoPutumayo,6794.21,7186.5
2023-12-10,6,PT1H,MC-BajoPutumayo,6785.18,6996.3
2023-12-10,7,PT1H,MC-BajoPutumayo,6987.11,7191.14
2023-12-10,8,PT1H,MC-BajoPutumayo,7862.06,7968.92
2023-12-10,9,PT1H,MC-BajoPutumayo,8915.03,8815.31
2023-12-10,10,PT1H,MC-BajoPutumayo,9664.23,9416.89
2023-12-10,11,PT1H,MC-BajoPutumayo,10155.59,9833.29
2023-12-10,12,PT1H,MC-BajoPutumayo,10451.25,10236.48
2023-12-10,13,PT1H,MC-BajoPutumayo,10636.45,10502.66
2023-12-10,14,PT1H,MC-BajoPutumayo,10659.65,10532.85
2023-12-10,15,PT1H,MC-BajoPutumayo,10867.62,10519.17
2023-12-10,16,PT1H,MC-BajoPutumayo,10849.39,10327.22
2023-12-10,17,PT1H,MC-BajoPutumayo,10851.77,10332.54
2023-12-10,18,PT1H,MC-BajoPutumayo,10801.49,11298.0
2023-12-10,19,PT1H,MC-BajoPutumayo,12399.79,12495.13
2023-12-10,20,PT1H,MC-BajoPutumayo,12722.83,13032.31
2023-12-10,21,PT1H,MC-BajoPutumayo,12196.55,12216.18
2023-12-10,22,PT1H,MC-BajoPutumayo,11186.59,11626.59
2023-12-10,23,PT1H,MC-BajoPutumayo,10042.29,10167.18
2023-12-10,24,PT1H,MC-BajoPutumayo,8839.43,8675.57
2023-01-22,1,PT1H,MC-BajoPutumayo,7042.81,6248.92
2023-01-22,2,PT1H,MC-BajoPutumayo,6589.98,5978.34
2023-01-22,3,PT1H,MC-BajoPutumayo,6236.39,5914.73
2023-01-22,4,PT1H,MC-BajoPutumayo,5998.93,5712.05
2023-01-22,5,PT1H,MC-BajoPutumayo,5928.24,5734.28
2023-01-22,6,PT1H,MC-BajoPutumayo,6045.63,6170.42
2023-01-22,7,PT1H,MC-BajoPutumayo,6224.21,6445.89
2023-01-22,8,PT1H,MC-BajoPutumayo,7131.77,7462.53
2023-01-22,9,PT1H,MC-BajoPutumayo,8252.42,8586.43
2023-01-22,10,PT1H,MC-BajoPutumayo,8984.55,9235.85
2023-01-22,11,PT1H,MC-BajoPutumayo,9740.56,9750.29
2023-01-22,12,PT1H,MC-BajoPutumayo,10172.89,10127.3
2023-01-22,13,PT1H,MC-BajoPutumayo,10434.19,9858.76
2023-01-22,14,PT1H,MC-BajoPutumayo,10256.77,9430.57
2023-01-22,15,PT1H,MC-BajoPutumayo,10137.29,9002.38
2023-01-22,16,PT1H,MC-BajoPutumayo,10015.2,9328.83
2023-01-22,17,PT1H,MC-BajoPutumayo,10072.15,9655.27
2023-01-22,18,PT1H,MC-BajoPutumayo,10057.01,9795.76
2023-01-22,19,PT1H,MC-BajoPutumayo,11066.18,11031.39
2023-01-22,20,PT1H,MC-BajoPutumayo,11882.48,11817.42
2023-01-22,21,PT1H,MC-BajoPutumayo,11337.07,11299.52
2023-01-22,22,PT1H,MC-BajoPutumayo,10546.51,10178.68
2023-01-22,23,PT1H,MC-BajoPutumayo,9319.47,8443.29
2023-01-22,24,PT1H,MC-BajoPutumayo,8158.46,7145.67
2026-01-31,1,PT1H,MC-BajoPutumayo,8279.82,8634.3
2026-01-31,2,PT1H,MC-BajoPutumayo,8017.73,8000.7
2026-01-31,3,PT1H,MC-BajoPutumayo,7199.44,7667.6
2026-01-31,4,PT1H,MC-BajoPutumayo,7093.86,7643.0
2026-01-31,5,PT1H,MC-BajoPutumayo,7248.49,7567.5
2026-01-31,6,PT1H,MC-BajoPutumayo,7471.0,7745.4
2026-01-31,7,PT1H,MC-BajoPutumayo,8009.51,8213.0
2026-01-31,8,PT1H,MC-BajoPutumayo,9775.11,9673.5
2026-01-31,9,PT1H,MC-BajoPutumayo,10770.71,10731.7
2026-01-31,10,PT1H,MC-BajoPutumayo,11132.66,11708.8
2026-01-31,11,PT1H,MC-BajoPutumayo,11430.39,12120.2
2026-01-31,12,PT1H,MC-BajoPutumayo,11589.9,12616.5
2026-01-31,13,PT1H,MC-BajoPutumayo,11150.2,12396.6
2026-01-31,14,PT1H,MC-BajoPutumayo,11248.99,12788.2
2026-01-31,15,PT1H,MC-BajoPutumayo,11466.87,13490.5
2026-01-31,16,PT1H,MC-BajoPutumayo,11993.32,13717.8
2026-01-31,17,PT1H,MC-BajoPutumayo,11952.78,13638.9
2026-01-31,18,PT1H,MC-BajoPutumayo,12185.52,13491.4
2026-01-31,19,PT1H,MC-BajoPutumayo,13995.33,14330.2
2026-01-31,20,PT1H,MC-BajoPutumayo,13893.21,14495.9
2026-01-31,21,PT1H,MC-BajoPutumayo,12692.29,13886.0
2026-01-31,22,PT1H,MC-BajoPutumayo,11448.22,12308.0
2026-01-31,23,PT1H,MC-BajoPutumayo,9804.54,10844.7
2026-01-31,24,PT1H,MC-BajoPutumayo,8794.24,9583.2
2025-08-26,1,PT1H,MC-BajoPutumayo,8535.61,6882.3
2025-08-26,2,PT1H,MC-BajoPutumayo,7767.45,6533.4
2025-08-26,3,PT1H,MC-BajoPutumayo,7438.3,6305.2
2025-08-26,4,PT1H,MC-BajoPutumayo,7205.38,6176.6
2025-08-26,5,PT1H,MC-BajoPutumayo,7215.9,6238.3
2025-08-26,6,PT1H,MC-BajoPutumayo,8038.36,6895.7
2025-08-26,7,PT1H,MC-BajoPutumayo,8759.57,7648.7
2025-08-26,8,PT1H,MC-BajoPutumayo,9514.48,8288.5
2025-08-26,9,PT1H,MC-BajoPutumayo,10410.71,9422.9
2025-08-26,10,PT1H,MC-BajoPutumayo,11067.68,10321.9
2025-08-26,11,PT1H,MC-BajoPutumayo,11535.88,11084.3
2025-08-26,12,PT1H,MC-BajoPutumayo,11839.12,11654.5
2025-08-26,13,PT1H,MC-BajoPutumayo,11882.5,11442.5
2025-08-26,14,PT1H,MC-BajoPutumayo,11843.45,11649.9
2025-08-26,15,PT1H,MC-BajoPutumayo,12436.08,12050.4
2025-08-26,16,PT1H,MC-BajoPutumayo,12150.59,12248.7
2025-08-26,17,PT1H,MC-BajoPutumayo,11996.25,12190.1
2025-08-26,18,PT1H,MC-BajoPutumayo,12514.96,11990.5
2025-08-26,19,PT1H,MC-BajoPutumayo,13592.08,12787.4
2025-08-26,20,PT1H,MC-BajoPutumayo,13447.96,13280.1
2025-08-26,21,PT1H,MC-BajoPutumayo,12253.22,12442.3
2025-08-26,22,PT1H,MC-BajoPutumayo,10766.31,11178.0
2025-08-26,23,PT1H,MC-BajoPutumayo,9023.04,9396.0
2025-08-26,24,PT1H,MC-BajoPutumayo,7745.11,8107.2
2025-09-24,1,PT1H,MC-BajoPutumayo,7712.97,7771.1
2025-09-24,2,PT1H,MC-BajoPutumayo,7136.49,7369.3
2025-09-24,3,PT1H,MC-BajoPutumayo,6948.4,7140.3
2025-09-24,4,PT1H,MC-BajoPutumayo,6865.9,7056.1
2025-09-24,5,PT1H,MC-BajoPutumayo,7163.78,7140.2
2025-09-24,6,PT1H,MC-BajoPutumayo,7814.95,7845.6
2025-09-24,7,PT1H,MC-BajoPutumayo,8583.16,8681.1
2025-09-24,8,PT1H,MC-BajoPutumayo,9475.27,9445.7
2025-09-24,9,PT1H,MC-BajoPutumayo,10603.47,10561.9
2025-09-24,10,PT1H,MC-BajoPutumayo,11724.79,11288.6
2025-09-24,11,PT1H,MC-BajoPutumayo,12429.91,12041.7
2025-09-24,12,PT1H,MC-BajoPutumayo,12819.76,12650.5
2025-09-24,13,PT1H,MC-BajoPutumayo,12756.19,12328.7
2025-09-24,14,PT1H,MC-BajoPutumayo,12867.22,12393.2
2025-09-24,15,PT1H,MC-BajoPutumayo,13810.22,12998.1
2025-09-24,16,PT1H,MC-BajoPutumayo,14169.86,13214.0
2025-09-24,17,PT1H,MC-BajoPutumayo,14327.04,13214.0
2025-09-24,18,PT1H,MC-BajoPutumayo,14000.17,13123.9
2025-09-24,19,PT1H,MC-BajoPutumayo,15463.28,14507.4
2025-09-24,20,PT1H,MC-BajoPutumayo,15079.67,14731.4
2025-09-24,21,PT1H,MC-BajoPutumayo,13802.21,13654.1
2025-09-24,22,PT1H,MC-BajoPutumayo,12092.9,12133.1
2025-09-24,23,PT1H,MC-BajoPutumayo,10152.97,10186.6
2025-09-24,24,PT1H,MC-BajoPutumayo,8924.22,8773.9
2025-11-07,1,PT1H,MC-BajoPutumayo,8468.95,9111.2
2025-11-07,2,PT1H,MC-BajoPutumayo,8012.84,8563.0
2025-11-07,3,PT1H,MC-BajoPutumayo,7718.94,8217.1
2025-11-07,4,PT1H,MC-BajoPutumayo,7529.2,8005.9
2025-11-07,5,PT1H,MC-BajoPutumayo,7604.45,8019.7
2025-11-07,6,PT1H,MC-BajoPutumayo,8135.8,8538.6
2025-11-07,7,PT1H,MC-BajoPutumayo,8908.94,9261.6
2025-11-07,8,PT1H,MC-BajoPutumayo,10017.93,10301.3
2025-11-07,9,PT1H,MC-BajoPutumayo,11640.89,11362.8
2025-11-07,10,PT1H,MC-BajoPutumayo,12562.85,12120.0
2025-11-07,11,PT1H,MC-BajoPutumayo,13112.19,12637.2
2025-11-07,12,PT1H,MC-BajoPutumayo,14001.55,12922.2
2025-11-07,13,PT1H,MC-BajoPutumayo,13965.91,12598.1
2025-11-07,14,PT1H,MC-BajoPutumayo,14405.79,12860.4
2025-11-07,15,PT1H,MC-BajoPutumayo,15459.69,13620.8
2025-11-07,16,PT1H,MC-BajoPutumayo,15595.27,13885.7
2025-11-07,17,PT1H,MC-BajoPutumayo,15563.6,13946.2
2025-11-07,18,PT1H,MC-BajoPutumayo,15536.13,14227.0
2025-11-07,19,PT1H,MC-BajoPutumayo,16933.35,16003.9
2025-11-07,20,PT1H,MC-BajoPutumayo,16309.84,15608.2
2025-11-07,21,PT1H,MC-BajoPutumayo,16073.12,14548.7
2025-11-07,22,PT1H,MC-BajoPutumayo,14260.83,13015.3
2025-11-07,23,PT1H,MC-BajoPutumayo,11591.7,11238.0
2025-11-07,24,PT1H,MC-BajoPutumayo,10668.36,9803.9
2024-07-01,1,PT1H,MC-BajoPutumayo,7729.18,7630.5
2024-07-01,2,PT1H,MC-BajoPutumayo,7277.93,7183.8
2024-07-01,3,PT1H,MC-BajoPutumayo,6918.51,6785.6
2024-07-01,4,PT1H,MC-BajoPutumayo,6833.1,6657.3
2024-07-01,5,PT1H,MC-BajoPutumayo,6845.54,6666.9
2024-07-01,6,PT1H,MC-BajoPutumayo,7084.03,6875.5
2024-07-01,7,PT1H,MC-BajoPutumayo,7475.8,7258.6
2024-07-01,8,PT1H,MC-BajoPutumayo,8322.07,8255.3
2024-07-01,9,PT1H,MC-BajoPutumayo,9253.11,9431.3
2024-07-01,10,PT1H,MC-BajoPutumayo,9946.15,10386.2
2024-07-01,11,PT1H,MC-BajoPutumayo,10461.9,11145.2
2024-07-01,12,PT1H,MC-BajoPutumayo,11068.43,11824.5
2024-07-01,13,PT1H,MC-BajoPutumayo,11176.33,11765.5
2024-07-01,14,PT1H,MC-BajoPutumayo,11246.65,11814.1
2024-07-01,15,PT1H,MC-BajoPutumayo,11556.29,12060.7
2024-07-01,16,PT1H,MC-BajoPutumayo,11742.14,11978.3
2024-07-01,17,PT1H,MC-BajoPutumayo,11660.45,11827.7
2024-07-01,18,PT1H,MC-BajoPutumayo,11411.68,11664.3
2024-07-01,19,PT1H,MC-BajoPutumayo,12840.84,12887.5
2024-07-01,20,PT1H,MC-BajoPutumayo,13040.66,13183.2
2024-07-01,21,PT1H,MC-BajoPutumayo,12320.02,12558.8
2024-07-01,22,PT1H,MC-BajoPutumayo,11248.81,11430.6
2024-07-01,23,PT1H,MC-BajoPutumayo,9576.3,9799.7
2024-07-01,24,PT1H,MC-BajoPutumayo,7461.05,8469.2
2024-03-12,1,PT1H,MC-BajoPutumayo,8019.28,7818.78
2024-03-12,2,PT1H,MC-BajoPutumayo,7579.67,7434.94
2024-03-12,3,PT1H,MC-BajoPutumayo,7345.71,7150.88
2024-03-12,4,PT1H,MC-BajoPutumayo,7084.85,7014.53
2024-03-12,5,PT1H,MC-BajoPutumayo,7159.31,7017.77
2024-03-12,6,PT1H,MC-BajoPutumayo,6317.24,5170.0
2024-03-12,7,PT1H,MC-BajoPutumayo,8707.3,8108.08
2024-03-12,8,PT1H,MC-BajoPutumayo,9247.36,8525.25
2024-03-12,9,PT1H,MC-BajoPutumayo,10136.47,9847.43
2024-03-12,10,PT1H,MC-BajoPutumayo,10792.74,10356.02
2024-03-12,11,PT1H,MC-BajoPutumayo,11166.34,11493.71
2024-03-12,12,PT1H,MC-BajoPutumayo,11948.79,12078.27
2024-03-12,13,PT1H,MC-BajoPutumayo,11426.37,11726.39
2024-03-12,14,PT1H,MC-BajoPutumayo,11510.21,11559.79
2024-03-12,15,PT1H,MC-BajoPutumayo,12240.06,12376.84
2024-03-12,16,PT1H,MC-BajoPutumayo,12803.46,12897.68
2024-03-12,17,PT1H,MC-BajoPutumayo,12934.3,12781.9
2024-03-12,18,PT1H,MC-BajoPutumayo,12479.29,12591.71
2024-03-12,19,PT1H,MC-BajoPutumayo,13340.03,13219.93
2024-03-12,20,PT1H,MC-BajoPutumayo,14091.35,13791.62
2024-03-12,21,PT1H,MC-BajoPutumayo,13318.88,13064.68
2024-03-12,22,PT1H,MC-BajoPutumayo,12150.23,11993.76
2024-03-12,23,PT1H,MC-BajoPutumayo,10388.65,10527.04
2024-03-12,24,PT1H,MC-BajoPutumayo,8998.85,9287.51
2025-08-05,1,PT1H,MC-BajoPutumayo,7319.41,8158.1
2025-08-05,2,PT1H,MC-BajoPutumayo,6990.3,7660.9
2025-08-05,3,PT1H,MC-BajoPutumayo,6641.38,7374.5
2025-08-05,4,PT1H,MC-BajoPutumayo,6496.31,7250.9
2025-08-05,5,PT1H,MC-BajoPutumayo,6548.45,7289.3
2025-08-05,6,PT1H,MC-BajoPutumayo,7244.78,7980.6
2025-08-05,7,PT1H,MC-BajoPutumayo,8024.56,8826.7
2025-08-05,8,PT1H,MC-BajoPutumayo,8627.14,9497.7
2025-08-05,9,PT1H,MC-BajoPutumayo,9878.72,10554.9
2025-08-05,10,PT1H,MC-BajoPutumayo,11020.57,11307.0
2025-08-05,11,PT1H,MC-BajoPutumayo,11940.07,12028.7
2025-08-05,12,PT1H,MC-BajoPutumayo,12590.15,12534.6
2025-08-05,13,PT1H,MC-BajoPutumayo,12396.83,12227.7
2025-08-05,14,PT1H,MC-BajoPutumayo,12904.76,12404.4
2025-08-05,15,PT1H,MC-BajoPutumayo,13836.87,13188.6
2025-08-05,16,PT1H,MC-BajoPutumayo,14264.99,13351.2
2025-08-05,17,PT1H,MC-BajoPutumayo,14229.52,13270.3
2025-08-05,18,PT1H,MC-BajoPutumayo,13870.2,13252.0
2025-08-05,19,PT1H,MC-BajoPutumayo,14542.8,14364.1
2025-08-05,20,PT1H,MC-BajoPutumayo,15135.45,14967.6
2025-08-05,21,PT1H,MC-BajoPutumayo,14101.61,13999.0
2025-08-05,22,PT1H,MC-BajoPutumayo,12848.02,12532.0
2025-08-05,23,PT1H,MC-BajoPutumayo,11024.87,10626.0
2025-08-05,24,PT1H,MC-BajoPutumayo,9296.9,9008.2
2023-05-10,1,PT1H,MC-BajoPutumayo,6859.65,7150.92
2023-05-10,2,PT1H,MC-BajoPutumayo,6366.03,6643.39
2023-05-10,3,PT1H,MC-BajoPutumayo,6146.85,6485.96
2023-05-10,4,PT1H,MC-BajoPutumayo,6056.61,6202.12
2023-05-10,5,PT1H,MC-BajoPutumayo,6141.53,6293.86
2023-05-10,6,PT1H,MC-BajoPutumayo,6836.09,5892.54
2023-05-10,7,PT1H,MC-BajoPutumayo,7690.93,6483.45
2023-05-10,8,PT1H,MC-BajoPutumayo,8319.7,8062.46
2023-05-10,9,PT1H,MC-BajoPutumayo,9228.09,9187.7
2023-05-10,10,PT1H,MC-BajoPutumayo,9684.06,9876.38
2023-05-10,11,PT1H,MC-BajoPutumayo,10528.48,10206.25
2023-05-10,12,PT1H,MC-BajoPutumayo,11022.97,10700.75
2023-05-10,13,PT1H,MC-BajoPutumayo,10543.24,10778.91
2023-05-10,14,PT1H,MC-BajoPutumayo,10829.66,10802.33
2023-05-10,15,PT1H,MC-BajoPutumayo,11920.71,10797.0
2023-05-10,16,PT1H,MC-BajoPutumayo,12139.6,11017.41
2023-05-10,17,PT1H,MC-BajoPutumayo,12071.56,10695.79
2023-05-10,18,PT1H,MC-BajoPutumayo,11764.97,10589.69
2023-05-10,19,PT1H,MC-BajoPutumayo,13074.31,12606.64
2023-05-10,20,PT1H,MC-BajoPutumayo,13273.68,13395.44
2023-05-10,21,PT1H,MC-BajoPutumayo,12560.81,12572.16
2023-05-10,22,PT1H,MC-BajoPutumayo,11358.34,11352.52
2023-05-10,23,PT1H,MC-BajoPutumayo,9672.53,9659.9
2023-05-10,24,PT1H,MC-BajoPutumayo,8281.37,8318.83
2024-03-18,1,PT1H,MC-BajoPutumayo,9295.58,8431.3
2024-03-18,2,PT1H,MC-BajoPutumayo,7889.13,7977.06
2024-03-18,3,PT1H,MC-BajoPutumayo,6952.41,7637.14
2024-03-18,4,PT1H,MC-BajoPutumayo,7252.55,7409.35
2024-03-18,5,PT1H,MC-BajoPutumayo,7406.02,7325.83
2024-03-18,6,PT1H,MC-BajoPutumayo,7849.95,7851.41
2024-03-18,7,PT1H,MC-BajoPutumayo,8183.63,8593.63
2024-03-18,8,PT1H,MC-BajoPutumayo,8926.62,9224.87
2024-03-18,9,PT1H,MC-BajoPutumayo,10148.01,10370.81
2024-03-18,10,PT1H,MC-BajoPutumayo,11039.05,10979.02
2024-03-18,11,PT1H,MC-BajoPutumayo,11987.18,11608.81
2024-03-18,12,PT1H,MC-BajoPutumayo,12521.37,12060.23
2024-03-18,13,PT1H,MC-BajoPutumayo,11972.6,11776.82
2024-03-18,14,PT1H,MC-BajoPutumayo,12323.75,11974.53
2024-03-18,15,PT1H,MC-BajoPutumayo,13110.09,12532.77
2024-03-18,16,PT1H,MC-BajoPutumayo,13501.28,12593.07
2024-03-18,17,PT1H,MC-BajoPutumayo,13519.2,12545.28
2024-03-18,18,PT1H,MC-BajoPutumayo,13218.2,12334.19
2024-03-18,19,PT1H,MC-BajoPutumayo,14125.17,13061.5
2024-03-18,20,PT1H,MC-BajoPutumayo,14742.49,13751.71
2024-03-18,21,PT1H,MC-BajoPutumayo,14033.95,13032.47
2024-03-18,22,PT1H,MC-BajoPutumayo,12799.56,11874.75
2024-03-18,23,PT1H,MC-BajoPutumayo,10770.11,10231.21
2024-03-18,24,PT1H,MC-BajoPutumayo,9300.88,8936.37
2022-04-23,1,PT1H,MC-BajoPutumayo,8251.91,7341.97
2022-04-23,2,PT1H,MC-BajoPutumayo,7510.96,6979.03
2022-04-23,3,PT1H,MC-BajoPutumayo,7278.54,6701.99
2022-04-23,4,PT1H,MC-BajoPutumayo,6896.39,6545.29
2022-04-23,5,PT1H,MC-BajoPutumayo,6816.27,6487.69
2022-04-23,6,PT1H,MC-BajoPutumayo,6959.54,6778.67
2022-04-23,7,PT1H,MC-BajoPutumayo,7432.14,7296.86
2022-04-23,8,PT1H,MC-BajoPutumayo,8673.0,8225.48
2022-04-23,9,PT1H,MC-BajoPutumayo,10180.93,9294.53
2022-04-23,10,PT1H,MC-BajoPutumayo,11124.45,10167.97
2022-04-23,11,PT1H,MC-BajoPutumayo,11921.95,10767.47
2022-04-23,12,PT1H,MC-BajoPutumayo,13083.54,10986.59
2022-04-23,13,PT1H,MC-BajoPutumayo,12631.7,10783.04
2022-04-23,14,PT1H,MC-BajoPutumayo,12545.56,10716.28
2022-04-23,15,PT1H,MC-BajoPutumayo,12729.39,10761.46
2022-04-23,16,PT1H,MC-BajoPutumayo,12635.46,10832.74
2022-04-23,17,PT1H,MC-BajoPutumayo,12265.1,10725.47
2022-04-23,18,PT1H,MC-BajoPutumayo,12398.04,10768.74
2022-04-23,19,PT1H,MC-BajoPutumayo,13253.41,11913.87
2022-04-23,20,PT1H,MC-BajoPutumayo,13459.15,12305.36
2022-04-23,21,PT1H,MC-BajoPutumayo,12873.18,11353.7
2022-04-23,22,PT1H,MC-BajoPutumayo,11867.57,10306.94
2022-04-23,23,PT1H,MC-BajoPutumayo,10546.66,9066.17
2022-04-23,24,PT1H,MC-BajoPutumayo,9300.47,8051.63
2025-07-05,1,PT1H,MC-BajoPutumayo,6874.36,8063.3
2025-07-05,2,PT1H,MC-BajoPutumayo,6341.45,7564.2
2025-07-05,3,PT1H,MC-BajoPutumayo,5985.96,7254.1
2025-07-05,4,PT1H,MC-BajoPutumayo,5868.75,7101.8
2025-07-05,5,PT1H,MC-BajoPutumayo,5812.29,7031.3
2025-07-05,6,PT1H,MC-BajoPutumayo,6165.37,7288.6
2025-07-05,7,PT1H,MC-BajoPutumayo,6484.41,7839.8
2025-07-05,8,PT1H,MC-BajoPutumayo,7599.48,8880.1
2025-07-05,9,PT1H,MC-BajoPutumayo,8924.7,10267.4
2025-07-05,10,PT1H,MC-BajoPutumayo,10014.6,11099.8
2025-07-05,11,PT1H,MC-BajoPutumayo,10976.63,11522.4
2025-07-05,12,PT1H,MC-BajoPutumayo,11832.0,12073.5
2025-07-05,13,PT1H,MC-BajoPutumayo,11985.83,12284.0
2025-07-05,14,PT1H,MC-BajoPutumayo,11954.13,12192.6
2025-07-05,15,PT1H,MC-BajoPutumayo,12131.58,12271.8
2025-07-05,16,PT1H,MC-BajoPutumayo,12226.77,12308.1
2025-07-05,17,PT1H,MC-BajoPutumayo,12235.92,12429.1
2025-07-05,18,PT1H,MC-BajoPutumayo,12155.97,12573.2
2025-07-05,19,PT1H,MC-BajoPutumayo,13240.43,13641.3
2025-07-05,20,PT1H,MC-BajoPutumayo,13730.48,14021.9
2025-07-05,21,PT1H,MC-BajoPutumayo,12727.02,13110.0
2025-07-05,22,PT1H,MC-BajoPutumayo,11552.51,12109.8
2025-07-05,23,PT1H,MC-BajoPutumayo,10197.03,10799.3
2025-07-05,24,PT1H,MC-BajoPutumayo,8977.54,9486.5
2024-06-11,1,PT1H,MC-BajoPutumayo,6944.74,7765.9
2024-06-11,2,PT1H,MC-BajoPutumayo,6607.98,7193.9
2024-06-11,3,PT1H,MC-BajoPutumayo,6415.61,6969.1
2024-06-11,4,PT1H,MC-BajoPutumayo,6339.86,6806.3
2024-06-11,5,PT1H,MC-BajoPutumayo,6430.96,6853.3
2024-06-11,6,PT1H,MC-BajoPutumayo,7017.05,7459.6
2024-06-11,7,PT1H,MC-BajoPutumayo,7719.12,8138.0
2024-06-11,8,PT1H,MC-BajoPutumayo,8633.11,8762.2
2024-06-11,9,PT1H,MC-BajoPutumayo,9493.5,9569.5
2024-06-11,10,PT1H,MC-BajoPutumayo,9886.54,10125.8
2024-06-11,11,PT1H,MC-BajoPutumayo,10518.75,10647.6
2024-06-11,12,PT1H,MC-BajoPutumayo,10847.62,11161.6
2024-06-11,13,PT1H,MC-BajoPutumayo,10583.64,10818.7
2024-06-11,14,PT1H,MC-BajoPutumayo,10869.35,11020.2
2024-06-11,15,PT1H,MC-BajoPutumayo,11483.96,11778.6
2024-06-11,16,PT1H,MC-BajoPutumayo,11476.78,11896.5
2024-06-11,17,PT1H,MC-BajoPutumayo,11282.44,11907.7
2024-06-11,18,PT1H,MC-BajoPutumayo,11117.01,11925.1
2024-06-11,19,PT1H,MC-BajoPutumayo,12235.44,13157.2
2024-06-11,20,PT1H,MC-BajoPutumayo,12369.77,13219.2
2024-06-11,21,PT1H,MC-BajoPutumayo,11584.89,12506.6
2024-06-11,22,PT1H,MC-BajoPutumayo,10399.37,11193.3
2024-06-11,23,PT1H,MC-BajoPutumayo,8789.6,9684.3
2024-06-11,24,PT1H,MC-BajoPutumayo,7633.53,8335.2
2023-01-14,1,PT1H,MC-BajoPutumayo,6978.69,6960.08
2023-01-14,2,PT1H,MC-BajoPutumayo,6633.09,6558.18
2023-01-14,3,PT1H,MC-BajoPutumayo,6410.07,6252.28
2023-01-14,4,PT1H,MC-BajoPutumayo,6223.86,5980.2
2023-01-14,5,PT1H,MC-BajoPutumayo,6199.26,5934.5
2023-01-14,6,PT1H,MC-BajoPutumayo,6465.31,5980.26
2023-01-14,7,PT1H,MC-BajoPutumayo,6814.63,6359.86
2023-01-14,8,PT1H,MC-BajoPutumayo,8020.5,7254.61
2023-01-14,9,PT1H,MC-BajoPutumayo,9210.43,8722.77
2023-01-14,10,PT1H,MC-BajoPutumayo,10334.76,9705.88
2023-01-14,11,PT1H,MC-BajoPutumayo,11176.03,10646.86
2023-01-14,12,PT1H,MC-BajoPutumayo,11830.54,11003.99
2023-01-14,13,PT1H,MC-BajoPutumayo,11753.34,10718.24
2023-01-14,14,PT1H,MC-BajoPutumayo,11737.06,10751.36
2023-01-14,15,PT1H,MC-BajoPutumayo,11839.85,10999.42
2023-01-14,16,PT1H,MC-BajoPutumayo,8336.19,10989.19
2023-01-14,17,PT1H,MC-BajoPutumayo,9865.87,11085.36
2023-01-14,18,PT1H,MC-BajoPutumayo,10497.11,10891.97
2023-01-14,19,PT1H,MC-BajoPutumayo,11541.97,12070.08
2023-01-14,20,PT1H,MC-BajoPutumayo,11732.11,12049.24
2023-01-14,21,PT1H,MC-BajoPutumayo,11346.44,11340.32
2023-01-14,22,PT1H,MC-BajoPutumayo,10445.78,10376.28
2023-01-14,23,PT1H,MC-BajoPutumayo,9152.86,9010.32
2023-01-14,24,PT1H,MC-BajoPutumayo,8094.92,8012.74
2024-01-03,1,PT1H,MC-BajoPutumayo,9157.78,8162.79
2024-01-03,2,PT1H,MC-BajoPutumayo,8455.45,7616.13
2024-01-03,3,PT1H,MC-BajoPutumayo,8080.49,7361.84
2024-01-03,4,PT1H,MC-BajoPutumayo,7870.89,7194.14
2024-01-03,5,PT1H,MC-BajoPutumayo,7808.58,7235.12
2024-01-03,6,PT1H,MC-BajoPutumayo,7901.57,7493.16
2024-01-03,7,PT1H,MC-BajoPutumayo,8046.25,7750.73
2024-01-03,8,PT1H,MC-BajoPutumayo,9129.94,8927.64
2024-01-03,9,PT1H,MC-BajoPutumayo,10638.24,10331.77
2024-01-03,10,PT1H,MC-BajoPutumayo,11543.24,11284.81
2024-01-03,11,PT1H,MC-BajoPutumayo,12194.08,11918.13
2024-01-03,12,PT1H,MC-BajoPutumayo,12717.57,12495.57
2024-01-03,13,PT1H,MC-BajoPutumayo,12629.9,12195.08
2024-01-03,14,PT1H,MC-BajoPutumayo,12318.12,12188.67
2024-01-03,15,PT1H,MC-BajoPutumayo,12508.34,12891.85
2024-01-03,16,PT1H,MC-BajoPutumayo,12560.63,13045.77
2024-01-03,17,PT1H,MC-BajoPutumayo,12336.51,13218.86
2024-01-03,18,PT1H,MC-BajoPutumayo,12221.91,12895.8
2024-01-03,19,PT1H,MC-BajoPutumayo,13155.02,13877.8
2024-01-03,20,PT1H,MC-BajoPutumayo,13768.77,13985.61
2024-01-03,21,PT1H,MC-BajoPutumayo,13027.29,13339.27
2024-01-03,22,PT1H,MC-BajoPutumayo,11966.75,12191.03
2024-01-03,23,PT1H,MC-BajoPutumayo,10864.01,10727.41
2024-01-03,24,PT1H,MC-BajoPutumayo,9790.21,9305.71
2026-01-01,1,PT1H,MC-BajoPutumayo,10607.16,8035.9
2026-01-01,2,PT1H,MC-BajoPutumayo,10164.89,7591.4
2026-01-01,3,PT1H,MC-BajoPutumayo,9665.15,7295.8
2026-01-01,4,PT1H,MC-BajoPutumayo,8976.49,6898.1
2026-01-01,5,PT1H,MC-BajoPutumayo,8729.78,6971.2
2026-01-01,6,PT1H,MC-BajoPutumayo,8099.88,7299.4
2026-01-01,7,PT1H,MC-BajoPutumayo,7516.29,7648.6
2026-01-01,8,PT1H,MC-BajoPutumayo,7760.27,8758.0
2026-01-01,9,PT1H,MC-BajoPutumayo,8115.39,9676.0
2026-01-01,10,PT1H,MC-BajoPutumayo,8537.31,10417.1
2026-01-01,11,PT1H,MC-BajoPutumayo,9288.75,10843.6
2026-01-01,12,PT1H,MC-BajoPutumayo,9670.65,11266.9
2026-01-01,13,PT1H,MC-BajoPutumayo,10002.14,11675.5
2026-01-01,14,PT1H,MC-BajoPutumayo,9975.08,12141.5
2026-01-01,15,PT1H,MC-BajoPutumayo,10374.94,12600.2
2026-01-01,16,PT1H,MC-BajoPutumayo,10064.01,12588.6
2026-01-01,17,PT1H,MC-BajoPutumayo,9784.65,12588.6
2026-01-01,18,PT1H,MC-BajoPutumayo,9984.87,12148.1
2026-01-01,19,PT1H,MC-BajoPutumayo,11976.62,13383.5
2026-01-01,20,PT1H,MC-BajoPutumayo,12373.06,13159.0
2026-01-01,21,PT1H,MC-BajoPutumayo,11771.87,12341.1
2026-01-01,22,PT1H,MC-BajoPutumayo,10765.02,11212.8
2026-01-01,23,PT1H,MC-BajoPutumayo,9790.78,9881.5
2026-01-01,24,PT1H,MC-BajoPutumayo,8867.6,8702.3
2022-03-17,1,PT1H,MC-BajoPutumayo,6590.04,6779.77
2022-03-17,2,PT1H,MC-BajoPutumayo,6179.77,6397.86
2022-03-17,3,PT1H,MC-BajoPutumayo,5991.82,6186.53
2022-03-17,4,PT1H,MC-BajoPutumayo,5866.84,6066.91
2022-03-17,5,PT1H,MC-BajoPutumayo,5801.2,6099.23
2022-03-17,6,PT1H,MC-BajoPutumayo,6552.44,6520.03
2022-03-17,7,PT1H,MC-BajoPutumayo,7557.62,7229.53
2022-03-17,8,PT1H,MC-BajoPutumayo,8189.09,7870.0
2022-03-17,9,PT1H,MC-BajoPutumayo,8845.52,8705.22
2022-03-17,10,PT1H,MC-BajoPutumayo,9315.37,9334.87
2022-03-17,11,PT1H,MC-BajoPutumayo,9595.63,9781.26
2022-03-17,12,PT1H,MC-BajoPutumayo,9818.4,10347.01
2022-03-17,13,PT1H,MC-BajoPutumayo,9600.21,10013.31
2022-03-17,14,PT1H,MC-BajoPutumayo,9998.64,10155.0
2022-03-17,15,PT1H,MC-BajoPutumayo,10930.08,10638.37
2022-03-17,16,PT1H,MC-BajoPutumayo,11279.87,10663.84
2022-03-17,17,PT1H,MC-BajoPutumayo,11276.8,10787.17
2022-03-17,18,PT1H,MC-BajoPutumayo,11108.09,10670.17
2022-03-17,19,PT1H,MC-BajoPutumayo,11975.3,11452.2
2022-03-17,20,PT1H,MC-BajoPutumayo,12624.62,12246.31
2022-03-17,21,PT1H,MC-BajoPutumayo,11951.78,11414.88
2022-03-17,22,PT1H,MC-BajoPutumayo,10896.18,10425.32
2022-03-17,23,PT1H,MC-BajoPutumayo,9266.11,8892.8
2022-03-17,24,PT1H,MC-BajoPutumayo,7752.87,7483.97
2024-02-12,1,PT1H,MC-BajoPutumayo,7827.27,8684.9
2024-02-12,2,PT1H,MC-BajoPutumayo,7249.78,8023.88
2024-02-12,3,PT1H,MC-BajoPutumayo,6522.48,7633.36
2024-02-12,4,PT1H,MC-BajoPutumayo,6717.57,7442.34
2024-02-12,5,PT1H,MC-BajoPutumayo,7147.16,7362.29
2024-02-12,6,PT1H,MC-BajoPutumayo,7728.17,7561.52
2024-02-12,7,PT1H,MC-BajoPutumayo,7979.92,7828.47
2024-02-12,8,PT1H,MC-BajoPutumayo,8960.73,8930.67
2024-02-12,9,PT1H,MC-BajoPutumayo,10129.31,10239.28
2024-02-12,10,PT1H,MC-BajoPutumayo,10594.54,11217.2
2024-02-12,11,PT1H,MC-BajoPutumayo,11071.15,11965.19
2024-02-12,12,PT1H,MC-BajoPutumayo,11979.01,12703.73
2024-02-12,13,PT1H,MC-BajoPutumayo,12083.91,12316.2
2024-02-12,14,PT1H,MC-BajoPutumayo,12408.71,12297.26
2024-02-12,15,PT1H,MC-BajoPutumayo,13022.29,12731.47
2024-02-12,16,PT1H,MC-BajoPutumayo,13100.13,13136.4
2024-02-12,17,PT1H,MC-BajoPutumayo,12986.38,13083.38
2024-02-12,18,PT1H,MC-BajoPutumayo,12589.6,12760.06
2024-02-12,19,PT1H,MC-BajoPutumayo,13169.16,13169.33
2024-02-12,20,PT1H,MC-BajoPutumayo,14138.39,13634.77
2024-02-12,21,PT1H,MC-BajoPutumayo,13416.35,12930.1
2024-02-12,22,PT1H,MC-BajoPutumayo,12376.16,11966.59
2024-02-12,23,PT1H,MC-BajoPutumayo,10197.83,10483.7
2024-02-12,24,PT1H,MC-BajoPutumayo,8786.39,8930.31
2024-11-12,1,PT1H,MC-BajoPutumayo,8802.14,7573.3
2024-11-12,2,PT1H,MC-BajoPutumayo,8382.08,7377.9
2024-11-12,3,PT1H,MC-BajoPutumayo,7971.6,7145.5
2024-11-12,4,PT1H,MC-BajoPutumayo,7744.84,7235.3
2024-11-12,5,PT1H,MC-BajoPutumayo,7725.57,7492.6
2024-11-12,6,PT1H,MC-BajoPutumayo,8312.53,8070.7
2024-11-12,7,PT1H,MC-BajoPutumayo,8930.56,8798.3
2024-11-12,8,PT1H,MC-BajoPutumayo,10385.13,10066.1
2024-11-12,9,PT1H,MC-BajoPutumayo,11879.58,11112.3
2024-11-12,10,PT1H,MC-BajoPutumayo,12755.44,11832.5
2024-11-12,11,PT1H,MC-BajoPutumayo,13726.77,12826.6
2024-11-12,12,PT1H,MC-BajoPutumayo,13820.32,12785.2
2024-11-12,13,PT1H,MC-BajoPutumayo,13620.42,12367.9
2024-11-12,14,PT1H,MC-BajoPutumayo,14381.9,13294.2
2024-11-12,15,PT1H,MC-BajoPutumayo,15018.66,13564.9
2024-11-12,16,PT1H,MC-BajoPutumayo,14341.37,13776.5
2024-11-12,17,PT1H,MC-BajoPutumayo,14318.48,13371.6
2024-11-12,18,PT1H,MC-BajoPutumayo,14936.2,14083.3
2024-11-12,19,PT1H,MC-BajoPutumayo,15345.11,14855.9
2024-11-12,20,PT1H,MC-BajoPutumayo,14682.49,14092.6
2024-11-12,21,PT1H,MC-BajoPutumayo,13095.78,13115.6
2024-11-12,22,PT1H,MC-BajoPutumayo,11481.63,11430.2
2024-11-12,23,PT1H,MC-BajoPutumayo,10166.5,9685.2
2024-11-12,24,PT1H,MC-BajoPutumayo,9180.9,8513.9
2022-12-25,1,PT1H,MC-BajoPutumayo,9303.4,9016.34
2022-12-25,2,PT1H,MC-BajoPutumayo,8781.69,8841.05
2022-12-25,3,PT1H,MC-BajoPutumayo,8304.25,8467.61
2022-12-25,4,PT1H,MC-BajoPutumayo,7990.53,7809.14
2022-12-25,5,PT1H,MC-BajoPutumayo,7680.16,6996.66
2022-12-25,6,PT1H,MC-BajoPutumayo,7380.34,7120.83
2022-12-25,7,PT1H,MC-BajoPutumayo,7051.57,6907.09
2022-12-25,8,PT1H,MC-BajoPutumayo,7775.7,7050.83
2022-12-25,9,PT1H,MC-BajoPutumayo,8606.7,7342.84
2022-12-25,10,PT1H,MC-BajoPutumayo,9611.99,8149.4
2022-12-25,11,PT1H,MC-BajoPutumayo,10212.23,8933.96
2022-12-25,12,PT1H,MC-BajoPutumayo,10781.95,8658.94
2022-12-25,13,PT1H,MC-BajoPutumayo,11040.03,9321.33
2022-12-25,14,PT1H,MC-BajoPutumayo,11250.65,9296.83
2022-12-25,15,PT1H,MC-BajoPutumayo,11118.32,9411.05
2022-12-25,16,PT1H,MC-BajoPutumayo,10718.21,9927.98
2022-12-25,17,PT1H,MC-BajoPutumayo,10537.87,9616.19
2022-12-25,18,PT1H,MC-BajoPutumayo,10945.02,9517.44
2022-12-25,19,PT1H,MC-BajoPutumayo,12338.67,11115.68
2022-12-25,20,PT1H,MC-BajoPutumayo,12518.67,12488.08
2022-12-25,21,PT1H,MC-BajoPutumayo,11968.9,11644.56
2022-12-25,22,PT1H,MC-BajoPutumayo,11424.53,10703.18
2022-12-25,23,PT1H,MC-BajoPutumayo,9952.81,9713.54
2022-12-25,24,PT1H,MC-BajoPutumayo,8825.49,8474.03
2024-06-15,1,PT1H,MC-BajoPutumayo,7563.69,7807.5
2024-06-15,2,PT1H,MC-BajoPutumayo,7135.54,7423.8
2024-06-15,3,PT1H,MC-BajoPutumayo,6832.17,7094.0
2024-06-15,4,PT1H,MC-BajoPutumayo,6710.23,6883.4
2024-06-15,5,PT1H,MC-BajoPutumayo,6711.3,6843.9
2024-06-15,6,PT1H,MC-BajoPutumayo,6983.2,7037.2
2024-06-15,7,PT1H,MC-BajoPutumayo,7393.31,7528.2
2024-06-15,8,PT1H,MC-BajoPutumayo,8122.11,8660.9
2024-06-15,9,PT1H,MC-BajoPutumayo,9285.99,9747.1
2024-06-15,10,PT1H,MC-BajoPutumayo,10148.52,10353.8
2024-06-15,11,PT1H,MC-BajoPutumayo,11002.14,10643.7
2024-06-15,12,PT1H,MC-BajoPutumayo,11419.18,10745.2
2024-06-15,13,PT1H,MC-BajoPutumayo,11475.6,10674.4
2024-06-15,14,PT1H,MC-BajoPutumayo,11478.91,10526.1
2024-06-15,15,PT1H,MC-BajoPutumayo,11878.83,10566.6
2024-06-15,16,PT1H,MC-BajoPutumayo,12100.28,10657.9
2024-06-15,17,PT1H,MC-BajoPutumayo,12150.65,11009.4
2024-06-15,18,PT1H,MC-BajoPutumayo,12184.36,10785.5
2024-06-15,19,PT1H,MC-BajoPutumayo,13361.8,12308.2
2024-06-15,20,PT1H,MC-BajoPutumayo,13640.9,12380.3
2024-06-15,21,PT1H,MC-BajoPutumayo,12823.39,11587.8
2024-06-15,22,PT1H,MC-BajoPutumayo,11853.28,10635.7
2024-06-15,23,PT1H,MC-BajoPutumayo,10383.02,9402.0
2024-06-15,24,PT1H,MC-BajoPutumayo,8957.75,8351.7
2022-11-17,1,PT1H,MC-BajoPutumayo,7090.69,6751.3
2022-11-17,2,PT1H,MC-BajoPutumayo,6699.87,6355.58
2022-11-17,3,PT1H,MC-BajoPutumayo,6529.25,6291.87
2022-11-17,4,PT1H,MC-BajoPutumayo,6419.26,6182.36
2022-11-17,5,PT1H,MC-BajoPutumayo,6481.86,6182.59
2022-11-17,6,PT1H,MC-BajoPutumayo,7100.86,6780.83
2022-11-17,7,PT1H,MC-BajoPutumayo,7920.34,7614.6
2022-11-17,8,PT1H,MC-BajoPutumayo,8452.63,8382.34
2022-11-17,9,PT1H,MC-BajoPutumayo,9509.07,9154.49
2022-11-17,10,PT1H,MC-BajoPutumayo,10018.44,10047.55
2022-11-17,11,PT1H,MC-BajoPutumayo,10348.51,10626.49
2022-11-17,12,PT1H,MC-BajoPutumayo,10716.98,11364.94
2022-11-17,13,PT1H,MC-BajoPutumayo,10435.96,11187.77
2022-11-17,14,PT1H,MC-BajoPutumayo,10415.11,11171.96
2022-11-17,15,PT1H,MC-BajoPutumayo,11310.88,11504.44
2022-11-17,16,PT1H,MC-BajoPutumayo,11423.43,11810.88
2022-11-17,17,PT1H,MC-BajoPutumayo,11540.47,11890.17
2022-11-17,18,PT1H,MC-BajoPutumayo,11445.46,11839.48
2022-11-17,19,PT1H,MC-BajoPutumayo,12864.33,13001.55
2022-11-17,20,PT1H,MC-BajoPutumayo,12852.22,13328.92
2022-11-17,21,PT1H,MC-BajoPutumayo,12000.64,12510.03
2022-11-17,22,PT1H,MC-BajoPutumayo,10678.28,11231.94
2022-11-17,23,PT1H,MC-BajoPutumayo,9120.91,9394.91
2022-11-17,24,PT1H,MC-BajoPutumayo,7711.12,7897.1
2024-06-18,1,PT1H,MC-BajoPutumayo,8175.72,7541.1
2024-06-18,2,PT1H,MC-BajoPutumayo,7659.9,7088.9
2024-06-18,3,PT1H,MC-BajoPutumayo,7382.94,6969.9
2024-06-18,4,PT1H,MC-BajoPutumayo,7203.14,6676.4
2024-06-18,5,PT1H,MC-BajoPutumayo,7178.06,6960.7
2024-06-18,6,PT1H,MC-BajoPutumayo,7549.53,7925.0
2024-06-18,7,PT1H,MC-BajoPutumayo,8075.52,9018.3
2024-06-18,8,PT1H,MC-BajoPutumayo,9183.67,9334.4
2024-06-18,9,PT1H,MC-BajoPutumayo,9825.72,9988.5
2024-06-18,10,PT1H,MC-BajoPutumayo,10309.97,10729.0
2024-06-18,11,PT1H,MC-BajoPutumayo,11296.24,11689.3
2024-06-18,12,PT1H,MC-BajoPutumayo,12155.09,12112.4
2024-06-18,13,PT1H,MC-BajoPutumayo,12005.61,11924.2
2024-06-18,14,PT1H,MC-BajoPutumayo,12363.13,12229.0
2024-06-18,15,PT1H,MC-BajoPutumayo,13276.93,12386.9
2024-06-18,16,PT1H,MC-BajoPutumayo,13426.97,12404.9
2024-06-18,17,PT1H,MC-BajoPutumayo,13259.8,12469.2
2024-06-18,18,PT1H,MC-BajoPutumayo,12923.57,12536.1
2024-06-18,19,PT1H,MC-BajoPutumayo,13987.89,14070.8
2024-06-18,20,PT1H,MC-BajoPutumayo,13955.98,15047.4
2024-06-18,21,PT1H,MC-BajoPutumayo,13043.15,14211.0
2024-06-18,22,PT1H,MC-BajoPutumayo,11856.09,12813.6
2024-06-18,23,PT1H,MC-BajoPutumayo,10283.74,10346.7
2024-06-18,24,PT1H,MC-BajoPutumayo,8945.11,8391.2
2026-02-11,1,PT1H,MC-BajoPutumayo,9948.69,8991.8
2026-02-11,2,PT1H,MC-BajoPutumayo,9409.68,8517.4
2026-02-11,3,PT1H,MC-BajoPutumayo,9116.31,8109.1
2026-02-11,4,PT1H,MC-BajoPutumayo,9010.2,7882.4
2026-02-11,5,PT1H,MC-BajoPutumayo,9176.21,7959.1
2026-02-11,6,PT1H,MC-BajoPutumayo,10213.14,8586.4
2026-02-11,7,PT1H,MC-BajoPutumayo,9217.17,9280.6
2026-02-11,8,PT1H,MC-BajoPutumayo,4806.02,4168.4
2026-02-11,9,PT1H,MC-BajoPutumayo,4995.15,4873.2
2026-02-11,10,PT1H,MC-BajoPutumayo,5594.54,4813.9
2026-02-11,11,PT1H,MC-BajoPutumayo,5974.74,5594.0
2026-02-11,12,PT1H,MC-BajoPutumayo,5769.6,5719.8
2026-02-11,13,PT1H,MC-BajoPutumayo,5754.27,5345.7
2026-02-11,14,PT1H,MC-BajoPutumayo,6099.01,5192.9
2026-02-11,15,PT1H,MC-BajoPutumayo,5230.82,6021.6
2026-02-11,16,PT1H,MC-BajoPutumayo,-1426.78,6414.7
2026-02-11,17,PT1H,MC-BajoPutumayo,-2317.02,15277.8
2026-02-11,18,PT1H,MC-BajoPutumayo,7786.89,15081.4
2026-02-11,19,PT1H,MC-BajoPutumayo,17258.13,16738.6
2026-02-11,20,PT1H,MC-BajoPutumayo,16954.64,16589.2
2026-02-11,21,PT1H,MC-BajoPutumayo,15607.27,15471.3
2026-02-11,22,PT1H,MC-BajoPutumayo,14007.85,13726.6
2026-02-11,23,PT1H,MC-BajoPutumayo,12349.01,11768.0
2026-02-11,24,PT1H,MC-BajoPutumayo,10648.3,10261.8
2026-02-05,1,PT1H,MC-BajoPutumayo,8376.33,8655.2
2026-02-05,2,PT1H,MC-BajoPutumayo,7884.09,8162.8
2026-02-05,3,PT1H,MC-BajoPutumayo,7682.73,7830.9
2026-02-05,4,PT1H,MC-BajoPutumayo,7623.89,7715.5
2026-02-05,5,PT1H,MC-BajoPutumayo,7759.73,7583.5
2026-02-05,6,PT1H,MC-BajoPutumayo,8806.35,8147.1
2026-02-05,7,PT1H,MC-BajoPutumayo,9279.65,9164.9
2026-02-05,8,PT1H,MC-BajoPutumayo,10374.26,10174.2
2026-02-05,9,PT1H,MC-BajoPutumayo,11198.13,11281.3
2026-02-05,10,PT1H,MC-BajoPutumayo,12014.41,11924.4
2026-02-05,11,PT1H,MC-BajoPutumayo,12886.98,12836.7
2026-02-05,12,PT1H,MC-BajoPutumayo,13469.29,13211.8
2026-02-05,13,PT1H,MC-BajoPutumayo,13424.88,12812.6
2026-02-05,14,PT1H,MC-BajoPutumayo,14214.07,13092.2
2026-02-05,15,PT1H,MC-BajoPutumayo,14794.48,13955.8
2026-02-05,16,PT1H,MC-BajoPutumayo,14951.51,14131.7
2026-02-05,17,PT1H,MC-BajoPutumayo,14744.57,14001.6
2026-02-05,18,PT1H,MC-BajoPutumayo,14645.75,14096.3
2026-02-05,19,PT1H,MC-BajoPutumayo,16459.26,15576.6
2026-02-05,20,PT1H,MC-BajoPutumayo,16131.85,15720.0
2026-02-05,21,PT1H,MC-BajoPutumayo,15034.7,14708.2
2026-02-05,22,PT1H,MC-BajoPutumayo,13610.76,13172.1
2026-02-05,23,PT1H,MC-BajoPutumayo,11375.96,11273.1
2026-02-05,24,PT1H,MC-BajoPutumayo,10028.4,9754.4
2023-05-05,1,PT1H,MC-BajoPutumayo,6666.05,8031.77
2023-05-05,2,PT1H,MC-BajoPutumayo,6333.85,7522.85
2023-05-05,3,PT1H,MC-BajoPutumayo,6137.86,7225.04
2023-05-05,4,PT1H,MC-BajoPutumayo,5033.42,7039.08
2023-05-05,5,PT1H,MC-BajoPutumayo,5560.79,6909.47
2023-05-05,6,PT1H,MC-BajoPutumayo,6905.17,7333.52
2023-05-05,7,PT1H,MC-BajoPutumayo,7591.15,7832.17
2023-05-05,8,PT1H,MC-BajoPutumayo,8422.97,8511.25
2023-05-05,9,PT1H,MC-BajoPutumayo,9388.65,9504.89
2023-05-05,10,PT1H,MC-BajoPutumayo,10408.74,10268.42
2023-05-05,11,PT1H,MC-BajoPutumayo,11383.38,11003.19
2023-05-05,12,PT1H,MC-BajoPutumayo,12054.4,11471.32
2023-05-05,13,PT1H,MC-BajoPutumayo,11938.99,11324.86
2023-05-05,14,PT1H,MC-BajoPutumayo,12131.54,11643.91
2023-05-05,15,PT1H,MC-BajoPutumayo,12759.41,12152.16
2023-05-05,16,PT1H,MC-BajoPutumayo,13060.97,12076.09
2023-05-05,17,PT1H,MC-BajoPutumayo,12772.91,11932.65
2023-05-05,18,PT1H,MC-BajoPutumayo,12658.05,11764.14
2023-05-05,19,PT1H,MC-BajoPutumayo,13243.66,12928.49
2023-05-05,20,PT1H,MC-BajoPutumayo,12532.43,13205.51
2023-05-05,21,PT1H,MC-BajoPutumayo,11458.79,12405.4
2023-05-05,22,PT1H,MC-BajoPutumayo,11892.46,11421.15
2023-05-05,23,PT1H,MC-BajoPutumayo,10221.99,10056.39
2023-05-05,24,PT1H,MC-BajoPutumayo,8939.27,8856.32
2024-12-27,1,PT1H,MC-BajoPutumayo,9050.21,8023.8
2024-12-27,2,PT1H,MC-BajoPutumayo,8341.26,7576.7
2024-12-27,3,PT1H,MC-BajoPutumayo,8064.61,7260.3
2024-12-27,4,PT1H,MC-BajoPutumayo,8023.1,7064.6
2024-12-27,5,PT1H,MC-BajoPutumayo,7978.66,7159.5
2024-12-27,6,PT1H,MC-BajoPutumayo,8114.08,7413.8
2024-12-27,7,PT1H,MC-BajoPutumayo,7925.0,8274.8
2024-12-27,8,PT1H,MC-BajoPutumayo,9400.59,9460.0
2024-12-27,9,PT1H,MC-BajoPutumayo,10476.57,10392.9
2024-12-27,10,PT1H,MC-BajoPutumayo,10765.28,11221.1
2024-12-27,11,PT1H,MC-BajoPutumayo,11062.2,11784.3
2024-12-27,12,PT1H,MC-BajoPutumayo,11575.34,11982.4
2024-12-27,13,PT1H,MC-BajoPutumayo,11120.6,11750.3
2024-12-27,14,PT1H,MC-BajoPutumayo,10809.42,12451.3
2024-12-27,15,PT1H,MC-BajoPutumayo,10997.6,12670.0
2024-12-27,16,PT1H,MC-BajoPutumayo,11231.98,12797.5
2024-12-27,17,PT1H,MC-BajoPutumayo,11343.48,12478.5
2024-12-27,18,PT1H,MC-BajoPutumayo,11406.94,12851.3
2024-12-27,19,PT1H,MC-BajoPutumayo,12724.79,13627.2
2024-12-27,20,PT1H,MC-BajoPutumayo,12997.8,12809.6
2024-12-27,21,PT1H,MC-BajoPutumayo,12335.37,12068.2
2024-12-27,22,PT1H,MC-BajoPutumayo,11208.74,10706.3
2024-12-27,23,PT1H,MC-BajoPutumayo,9886.18,9437.8
2024-12-27,24,PT1H,MC-BajoPutumayo,8752.93,8392.1
2023-09-25,1,PT1H,MC-BajoPutumayo,8920.31,7549.01
2023-09-25,2,PT1H,MC-BajoPutumayo,8278.14,7230.4
2023-09-25,3,PT1H,MC-BajoPutumayo,7915.19,6852.21
2023-09-25,4,PT1H,MC-BajoPutumayo,7795.97,6779.83
2023-09-25,5,PT1H,MC-BajoPutumayo,7664.96,6917.6
2023-09-25,6,PT1H,MC-BajoPutumayo,8171.5,7991.38
2023-09-25,7,PT1H,MC-BajoPutumayo,9006.36,9085.0
2023-09-25,8,PT1H,MC-BajoPutumayo,9766.27,9690.49
2023-09-25,9,PT1H,MC-BajoPutumayo,11110.59,10332.34
2023-09-25,10,PT1H,MC-BajoPutumayo,12197.68,11128.65
2023-09-25,11,PT1H,MC-BajoPutumayo,12409.69,12070.62
2023-09-25,12,PT1H,MC-BajoPutumayo,12753.16,12677.39
2023-09-25,13,PT1H,MC-BajoPutumayo,10504.04,12374.67
2023-09-25,14,PT1H,MC-BajoPutumayo,10988.54,12833.29
2023-09-25,15,PT1H,MC-BajoPutumayo,11203.35,13538.44
2023-09-25,16,PT1H,MC-BajoPutumayo,11057.9,13831.4
2023-09-25,17,PT1H,MC-BajoPutumayo,11174.89,13471.68
2023-09-25,18,PT1H,MC-BajoPutumayo,11416.21,13022.18
2023-09-25,19,PT1H,MC-BajoPutumayo,12736.92,14741.16
2023-09-25,20,PT1H,MC-BajoPutumayo,12763.11,15595.64
2023-09-25,21,PT1H,MC-BajoPutumayo,11814.34,14883.76
2023-09-25,22,PT1H,MC-BajoPutumayo,10316.26,13267.18
2023-09-25,23,PT1H,MC-BajoPutumayo,8595.12,10820.88
2023-09-25,24,PT1H,MC-BajoPutumayo,7345.71,8966.01
2025-07-29,1,PT1H,MC-BajoPutumayo,7618.34,8230.8
2025-07-29,2,PT1H,MC-BajoPutumayo,7228.62,7740.1
2025-07-29,3,PT1H,MC-BajoPutumayo,7010.43,7479.3
2025-07-29,4,PT1H,MC-BajoPutumayo,6872.24,7375.8
2025-07-29,5,PT1H,MC-BajoPutumayo,6912.02,7430.9
2025-07-29,6,PT1H,MC-BajoPutumayo,7589.84,8068.6
2025-07-29,7,PT1H,MC-BajoPutumayo,8463.36,8859.6
2025-07-29,8,PT1H,MC-BajoPutumayo,9272.71,9668.5
2025-07-29,9,PT1H,MC-BajoPutumayo,10698.27,10847.1
2025-07-29,10,PT1H,MC-BajoPutumayo,11640.7,11706.3
2025-07-29,11,PT1H,MC-BajoPutumayo,12583.22,12339.2
2025-07-29,12,PT1H,MC-BajoPutumayo,13305.2,12838.0
2025-07-29,13,PT1H,MC-BajoPutumayo,13113.36,12456.4
2025-07-29,14,PT1H,MC-BajoPutumayo,12985.77,12329.7
2025-07-29,15,PT1H,MC-BajoPutumayo,12548.73,12886.4
2025-07-29,16,PT1H,MC-BajoPutumayo,12502.56,12998.7
2025-07-29,17,PT1H,MC-BajoPutumayo,12482.82,13003.8
2025-07-29,18,PT1H,MC-BajoPutumayo,12561.59,13087.5
2025-07-29,19,PT1H,MC-BajoPutumayo,13527.37,14400.5
2025-07-29,20,PT1H,MC-BajoPutumayo,14033.43,14998.6
2025-07-29,21,PT1H,MC-BajoPutumayo,13231.92,14081.9
2025-07-29,22,PT1H,MC-BajoPutumayo,11852.84,12659.5
2025-07-29,23,PT1H,MC-BajoPutumayo,9827.47,10691.2
2025-07-29,24,PT1H,MC-BajoPutumayo,8620.5,9143.4
2026-01-30,1,PT1H,MC-BajoPutumayo,7579.54,8610.6
2026-01-30,2,PT1H,MC-BajoPutumayo,7225.26,8337.1
2026-01-30,3,PT1H,MC-BajoPutumayo,7064.23,8151.3
2026-01-30,4,PT1H,MC-BajoPutumayo,6998.13,7853.3
2026-01-30,5,PT1H,MC-BajoPutumayo,7314.36,7699.4
2026-01-30,6,PT1H,MC-BajoPutumayo,7852.54,7554.2
2026-01-30,7,PT1H,MC-BajoPutumayo,8478.42,7929.8
2026-01-30,8,PT1H,MC-BajoPutumayo,9584.48,8986.1
2026-01-30,9,PT1H,MC-BajoPutumayo,10482.65,10413.6
2026-01-30,10,PT1H,MC-BajoPutumayo,10897.75,11234.1
2026-01-30,11,PT1H,MC-BajoPutumayo,11278.4,12305.0
2026-01-30,12,PT1H,MC-BajoPutumayo,11475.13,12712.6
2026-01-30,13,PT1H,MC-BajoPutumayo,11258.41,13197.3
2026-01-30,14,PT1H,MC-BajoPutumayo,11417.51,12702.0
2026-01-30,15,PT1H,MC-BajoPutumayo,11398.96,12901.1
2026-01-30,16,PT1H,MC-BajoPutumayo,9651.11,12719.2
2026-01-30,17,PT1H,MC-BajoPutumayo,9686.6,12702.8
2026-01-30,18,PT1H,MC-BajoPutumayo,9633.11,12831.4
2026-01-30,19,PT1H,MC-BajoPutumayo,6558.65,14359.7
2026-01-30,20,PT1H,MC-BajoPutumayo,6678.06,14531.9
2026-01-30,21,PT1H,MC-BajoPutumayo,13779.56,13875.7
2026-01-30,22,PT1H,MC-BajoPutumayo,10773.28,12664.5
2026-01-30,23,PT1H,MC-BajoPutumayo,9918.26,11580.5
2026-01-30,24,PT1H,MC-BajoPutumayo,8650.28,9471.5
2025-01-20,1,PT1H,MC-BajoPutumayo,9596.62,9634.2
2025-01-20,2,PT1H,MC-BajoPutumayo,8865.58,8926.6
2025-01-20,3,PT1H,MC-BajoPutumayo,8453.23,8440.7
2025-01-20,4,PT1H,MC-BajoPutumayo,8230.91,8373.1
2025-01-20,5,PT1H,MC-BajoPutumayo,8094.97,8304.5
2025-01-20,6,PT1H,MC-BajoPutumayo,8259.98,8455.4
2025-01-20,7,PT1H,MC-BajoPutumayo,8483.28,8816.5
2025-01-20,8,PT1H,MC-BajoPutumayo,9743.41,9617.6
2025-01-20,9,PT1H,MC-BajoPutumayo,11436.63,11051.6
2025-01-20,10,PT1H,MC-BajoPutumayo,12718.53,11944.2
2025-01-20,11,PT1H,MC-BajoPutumayo,13692.65,12358.1
2025-01-20,12,PT1H,MC-BajoPutumayo,14516.25,12823.0
2025-01-20,13,PT1H,MC-BajoPutumayo,14206.59,12819.3
2025-01-20,14,PT1H,MC-BajoPutumayo,14527.31,12892.9
2025-01-20,15,PT1H,MC-BajoPutumayo,15354.39,13358.9
2025-01-20,16,PT1H,MC-BajoPutumayo,15503.52,13560.5
2025-01-20,17,PT1H,MC-BajoPutumayo,15379.17,13618.5
2025-01-20,18,PT1H,MC-BajoPutumayo,14885.71,13417.3
2025-01-20,19,PT1H,MC-BajoPutumayo,15217.24,14605.7
2025-01-20,20,PT1H,MC-BajoPutumayo,15791.61,15127.7
2025-01-20,21,PT1H,MC-BajoPutumayo,15032.03,14543.1
2025-01-20,22,PT1H,MC-BajoPutumayo,13973.31,13470.3
2025-01-20,23,PT1H,MC-BajoPutumayo,12482.01,12218.8
2025-01-20,24,PT1H,MC-BajoPutumayo,10916.15,10750.0
2024-10-11,1,PT1H,MC-BajoPutumayo,7938.38,7988.9
2024-10-11,2,PT1H,MC-BajoPutumayo,7623.25,7580.7
2024-10-11,3,PT1H,MC-BajoPutumayo,7427.15,7329.8
2024-10-11,4,PT1H,MC-BajoPutumayo,7312.54,7165.5
2024-10-11,5,PT1H,MC-BajoPutumayo,7502.9,7282.8
2024-10-11,6,PT1H,MC-BajoPutumayo,7779.5,7770.4
2024-10-11,7,PT1H,MC-BajoPutumayo,8474.39,8120.6
2024-10-11,8,PT1H,MC-BajoPutumayo,10065.23,8933.3
2024-10-11,9,PT1H,MC-BajoPutumayo,11161.74,10162.3
2024-10-11,10,PT1H,MC-BajoPutumayo,12367.39,10680.3
2024-10-11,11,PT1H,MC-BajoPutumayo,13383.22,11500.1
2024-10-11,12,PT1H,MC-BajoPutumayo,13679.5,11720.4
2024-10-11,13,PT1H,MC-BajoPutumayo,13426.4,11741.7
2024-10-11,14,PT1H,MC-BajoPutumayo,13983.93,12425.8
2024-10-11,15,PT1H,MC-BajoPutumayo,14992.94,13009.0
2024-10-11,16,PT1H,MC-BajoPutumayo,14437.84,12834.9
2024-10-11,17,PT1H,MC-BajoPutumayo,14218.7,12368.3
2024-10-11,18,PT1H,MC-BajoPutumayo,14445.95,12740.9
2024-10-11,19,PT1H,MC-BajoPutumayo,15605.66,13740.2
2024-10-11,20,PT1H,MC-BajoPutumayo,13667.38,13152.1
2024-10-11,21,PT1H,MC-BajoPutumayo,13304.91,12502.3
2024-10-11,22,PT1H,MC-BajoPutumayo,12230.35,11459.7
2024-10-11,23,PT1H,MC-BajoPutumayo,10751.13,10063.5
2024-10-11,24,PT1H,MC-BajoPutumayo,9485.68,8826.6
2023-05-18,1,PT1H,MC-BajoPutumayo,8202.28,8138.88
2023-05-18,2,PT1H,MC-BajoPutumayo,7715.07,7556.36
2023-05-18,3,PT1H,MC-BajoPutumayo,7447.43,7417.74
2023-05-18,4,PT1H,MC-BajoPutumayo,7273.07,7182.94
2023-05-18,5,PT1H,MC-BajoPutumayo,7280.64,7095.08
2023-05-18,6,PT1H,MC-BajoPutumayo,7798.91,7811.53
2023-05-18,7,PT1H,MC-BajoPutumayo,8493.4,8641.39
2023-05-18,8,PT1H,MC-BajoPutumayo,9508.83,9212.98
2023-05-18,9,PT1H,MC-BajoPutumayo,10912.47,10256.16
2023-05-18,10,PT1H,MC-BajoPutumayo,11862.17,10929.32
2023-05-18,11,PT1H,MC-BajoPutumayo,12641.11,11409.23
2023-05-18,12,PT1H,MC-BajoPutumayo,13311.26,11990.87
2023-05-18,13,PT1H,MC-BajoPutumayo,13010.32,11566.81
2023-05-18,14,PT1H,MC-BajoPutumayo,13185.23,11357.42
2023-05-18,15,PT1H,MC-BajoPutumayo,14039.73,11836.2
2023-05-18,16,PT1H,MC-BajoPutumayo,14140.25,12131.77
2023-05-18,17,PT1H,MC-BajoPutumayo,13921.02,12162.21
2023-05-18,18,PT1H,MC-BajoPutumayo,13580.17,11934.33
2023-05-18,19,PT1H,MC-BajoPutumayo,14596.43,13203.16
2023-05-18,20,PT1H,MC-BajoPutumayo,14898.89,13498.75
2023-05-18,21,PT1H,MC-BajoPutumayo,14019.1,12816.72
2023-05-18,22,PT1H,MC-BajoPutumayo,12826.37,12300.76
2023-05-18,23,PT1H,MC-BajoPutumayo,11305.6,10713.09
2023-05-18,24,PT1H,MC-BajoPutumayo,9841.57,9305.51
2023-09-26,1,PT1H,MC-BajoPutumayo,6660.01,7857.9
2023-09-26,2,PT1H,MC-BajoPutumayo,6380.16,7532.65
2023-09-26,3,PT1H,MC-BajoPutumayo,6227.64,7099.76
2023-09-26,4,PT1H,MC-BajoPutumayo,6127.44,7019.83
2023-09-26,5,PT1H,MC-BajoPutumayo,6218.15,7157.45
2023-09-26,6,PT1H,MC-BajoPutumayo,6902.68,8204.64
2023-09-26,7,PT1H,MC-BajoPutumayo,7827.68,9339.68
2023-09-26,8,PT1H,MC-BajoPutumayo,8712.21,9922.13
2023-09-26,9,PT1H,MC-BajoPutumayo,9887.55,10621.32
2023-09-26,10,PT1H,MC-BajoPutumayo,10850.53,11300.33
2023-09-26,11,PT1H,MC-BajoPutumayo,12024.75,12160.09
2023-09-26,12,PT1H,MC-BajoPutumayo,14099.61,13085.65
2023-09-26,13,PT1H,MC-BajoPutumayo,12973.01,12792.52
2023-09-26,14,PT1H,MC-BajoPutumayo,12969.58,13126.92
2023-09-26,15,PT1H,MC-BajoPutumayo,14052.6,13846.6
2023-09-26,16,PT1H,MC-BajoPutumayo,14171.78,13998.75
2023-09-26,17,PT1H,MC-BajoPutumayo,14052.87,13697.05
2023-09-26,18,PT1H,MC-BajoPutumayo,13866.51,13390.25
2023-09-26,19,PT1H,MC-BajoPutumayo,14910.85,15007.49
2023-09-26,20,PT1H,MC-BajoPutumayo,14907.78,15857.95
2023-09-26,21,PT1H,MC-BajoPutumayo,13959.21,15076.42
2023-09-26,22,PT1H,MC-BajoPutumayo,12749.31,13399.53
2023-09-26,23,PT1H,MC-BajoPutumayo,10943.08,11212.74
2023-09-26,24,PT1H,MC-BajoPutumayo,9530.47,9415.77
2024-08-24,1,PT1H,MC-BajoPutumayo,7979.83,7407.7
2024-08-24,2,PT1H,MC-BajoPutumayo,7578.06,6885.6
2024-08-24,3,PT1H,MC-BajoPutumayo,7335.76,6784.5
2024-08-24,4,PT1H,MC-BajoPutumayo,7174.22,6399.2
2024-08-24,5,PT1H,MC-BajoPutumayo,6942.28,6691.7
2024-08-24,6,PT1H,MC-BajoPutumayo,7196.95,7518.2
2024-08-24,7,PT1H,MC-BajoPutumayo,7895.33,8611.1
2024-08-24,8,PT1H,MC-BajoPutumayo,8947.19,9142.4
2024-08-24,9,PT1H,MC-BajoPutumayo,10992.4,9889.3
2024-08-24,10,PT1H,MC-BajoPutumayo,11227.78,10656.1
2024-08-24,11,PT1H,MC-BajoPutumayo,12472.16,11399.4
2024-08-24,12,PT1H,MC-BajoPutumayo,12930.72,11863.7
2024-08-24,13,PT1H,MC-BajoPutumayo,12878.03,11481.9
2024-08-24,14,PT1H,MC-BajoPutumayo,13281.7,11669.5
2024-08-24,15,PT1H,MC-BajoPutumayo,13651.34,12060.7
2024-08-24,16,PT1H,MC-BajoPutumayo,13662.82,12045.7
2024-08-24,17,PT1H,MC-BajoPutumayo,13477.42,12093.2
2024-08-24,18,PT1H,MC-BajoPutumayo,13403.07,11924.9
2024-08-24,19,PT1H,MC-BajoPutumayo,14333.36,13294.0
2024-08-24,20,PT1H,MC-BajoPutumayo,7086.96,14386.7
2024-08-24,21,PT1H,MC-BajoPutumayo,5878.4,13765.1
2024-08-24,22,PT1H,MC-BajoPutumayo,6292.97,12300.1
2024-08-24,23,PT1H,MC-BajoPutumayo,5862.72,9925.6
2024-08-24,24,PT1H,MC-BajoPutumayo,5438.36,8040.6
2024-09-27,1,PT1H,MC-BajoPutumayo,9296.83,7679.6
2024-09-27,2,PT1H,MC-BajoPutumayo,8799.13,7272.8
2024-09-27,3,PT1H,MC-BajoPutumayo,8494.76,7056.8
2024-09-27,4,PT1H,MC-BajoPutumayo,8312.36,6947.1
2024-09-27,5,PT1H,MC-BajoPutumayo,8430.33,6896.8
2024-09-27,6,PT1H,MC-BajoPutumayo,8913.15,7221.6
2024-09-27,7,PT1H,MC-BajoPutumayo,9384.2,8128.4
2024-09-27,8,PT1H,MC-BajoPutumayo,9590.72,8874.6
2024-09-27,9,PT1H,MC-BajoPutumayo,11230.22,9761.6
2024-09-27,10,PT1H,MC-BajoPutumayo,11953.4,10655.8
2024-09-27,11,PT1H,MC-BajoPutumayo,13823.67,11317.4
2024-09-27,12,PT1H,MC-BajoPutumayo,14011.48,11755.6
2024-09-27,13,PT1H,MC-BajoPutumayo,13739.08,11441.4
2024-09-27,14,PT1H,MC-BajoPutumayo,14062.86,11588.9
2024-09-27,15,PT1H,MC-BajoPutumayo,14290.09,12025.4
2024-09-27,16,PT1H,MC-BajoPutumayo,11399.9,12103.9
2024-09-27,17,PT1H,MC-BajoPutumayo,12931.56,11702.6
2024-09-27,18,PT1H,MC-BajoPutumayo,14191.08,11792.6
2024-09-27,19,PT1H,MC-BajoPutumayo,14756.86,13775.6
2024-09-27,20,PT1H,MC-BajoPutumayo,13143.77,13972.0
2024-09-27,21,PT1H,MC-BajoPutumayo,13525.26,13352.8
2024-09-27,22,PT1H,MC-BajoPutumayo,12411.44,11918.5
2024-09-27,23,PT1H,MC-BajoPutumayo,10692.1,10002.9
2024-09-27,24,PT1H,MC-BajoPutumayo,9283.13,8409.2
2023-02-10,1,PT1H,MC-BajoPutumayo,7520.52,6816.56
2023-02-10,2,PT1H,MC-BajoPutumayo,7113.5,6378.89
2023-02-10,3,PT1H,MC-BajoPutumayo,6920.64,5988.87
2023-02-10,4,PT1H,MC-BajoPutumayo,6776.74,6134.61
2023-02-10,5,PT1H,MC-BajoPutumayo,6726.54,6119.87
2023-02-10,6,PT1H,MC-BajoPutumayo,7236.43,6391.55
2023-02-10,7,PT1H,MC-BajoPutumayo,7837.18,7090.54
2023-02-10,8,PT1H,MC-BajoPutumayo,8557.47,8264.05
2023-02-10,9,PT1H,MC-BajoPutumayo,9665.25,9286.29
2023-02-10,10,PT1H,MC-BajoPutumayo,10627.9,9992.88
2023-02-10,11,PT1H,MC-BajoPutumayo,11215.59,10524.03
2023-02-10,12,PT1H,MC-BajoPutumayo,10552.09,10904.38
2023-02-10,13,PT1H,MC-BajoPutumayo,10523.73,10708.91
2023-02-10,14,PT1H,MC-BajoPutumayo,10442.52,10888.49
2023-02-10,15,PT1H,MC-BajoPutumayo,10679.69,11666.23
2023-02-10,16,PT1H,MC-BajoPutumayo,11101.88,11727.24
2023-02-10,17,PT1H,MC-BajoPutumayo,11357.11,11743.13
2023-02-10,18,PT1H,MC-BajoPutumayo,11151.22,11668.76
2023-02-10,19,PT1H,MC-BajoPutumayo,11905.78,12527.77
2023-02-10,20,PT1H,MC-BajoPutumayo,12522.58,13144.8
2023-02-10,21,PT1H,MC-BajoPutumayo,11740.32,12350.72
2023-02-10,22,PT1H,MC-BajoPutumayo,10575.22,11316.73
2023-02-10,23,PT1H,MC-BajoPutumayo,9046.37,9907.0
2023-02-10,24,PT1H,MC-BajoPutumayo,7873.7,8690.21
2022-01-06,1,PT1H,MC-BajoPutumayo,7751.06,7922.05
2022-01-06,2,PT1H,MC-BajoPutumayo,7206.67,7437.75
2022-01-06,3,PT1H,MC-BajoPutumayo,7047.94,7153.92
2022-01-06,4,PT1H,MC-BajoPutumayo,6926.02,6802.93
2022-01-06,5,PT1H,MC-BajoPutumayo,6941.37,6781.2
2022-01-06,6,PT1H,MC-BajoPutumayo,7077.63,6861.91
2022-01-06,7,PT1H,MC-BajoPutumayo,7206.1,6978.19
2022-01-06,8,PT1H,MC-BajoPutumayo,8076.53,8501.09
2022-01-06,9,PT1H,MC-BajoPutumayo,9399.62,9951.74
2022-01-06,10,PT1H,MC-BajoPutumayo,9922.88,10873.4
2022-01-06,11,PT1H,MC-BajoPutumayo,10992.45,11325.62
2022-01-06,12,PT1H,MC-BajoPutumayo,10963.37,12078.45
2022-01-06,13,PT1H,MC-BajoPutumayo,11124.04,11868.19
2022-01-06,14,PT1H,MC-BajoPutumayo,11338.97,11957.95
2022-01-06,15,PT1H,MC-BajoPutumayo,10669.78,12385.34
2022-01-06,16,PT1H,MC-BajoPutumayo,10905.49,12432.68
2022-01-06,17,PT1H,MC-BajoPutumayo,11539.19,12423.04
2022-01-06,18,PT1H,MC-BajoPutumayo,10460.27,12177.41
2022-01-06,19,PT1H,MC-BajoPutumayo,10926.46,13347.79
2022-01-06,20,PT1H,MC-BajoPutumayo,11711.13,13595.95
2022-01-06,21,PT1H,MC-BajoPutumayo,11425.54,13011.02
2022-01-06,22,PT1H,MC-BajoPutumayo,10820.13,12112.52
2022-01-06,23,PT1H,MC-BajoPutumayo,9482.94,10752.22
2022-01-06,24,PT1H,MC-BajoPutumayo,7970.66,9081.4
2024-01-01,1,PT1H,MC-BajoPutumayo,9345.99,6820.23
2024-01-01,2,PT1H,MC-BajoPutumayo,9014.49,6356.23
2024-01-01,3,PT1H,MC-BajoPutumayo,8611.35,6100.59
2024-01-01,4,PT1H,MC-BajoPutumayo,8264.64,5943.23
2024-01-01,5,PT1H,MC-BajoPutumayo,7979.53,5951.54
2024-01-01,6,PT1H,MC-BajoPutumayo,7706.44,6161.57
2024-01-01,7,PT1H,MC-BajoPutumayo,7158.32,6574.58
2024-01-01,8,PT1H,MC-BajoPutumayo,7471.22,7554.6
2024-01-01,9,PT1H,MC-BajoPutumayo,8050.0,8886.19
2024-01-01,10,PT1H,MC-BajoPutumayo,8773.13,9810.25
2024-01-01,11,PT1H,MC-BajoPutumayo,9584.51,10567.08
2024-01-01,12,PT1H,MC-BajoPutumayo,10152.5,11206.27
2024-01-01,13,PT1H,MC-BajoPutumayo,10442.33,11007.18
2024-01-01,14,PT1H,MC-BajoPutumayo,10313.16,11073.21
2024-01-01,15,PT1H,MC-BajoPutumayo,9556.97,11685.36
2024-01-01,16,PT1H,MC-BajoPutumayo,10134.75,11760.4
2024-01-01,17,PT1H,MC-BajoPutumayo,9972.34,11726.85
2024-01-01,18,PT1H,MC-BajoPutumayo,9959.34,11491.03
2024-01-01,19,PT1H,MC-BajoPutumayo,11339.26,12215.13
2024-01-01,20,PT1H,MC-BajoPutumayo,12422.29,12204.44
2024-01-01,21,PT1H,MC-BajoPutumayo,12152.89,11449.28
2024-01-01,22,PT1H,MC-BajoPutumayo,11185.62,10517.06
2024-01-01,23,PT1H,MC-BajoPutumayo,10164.7,9175.05
2024-01-01,24,PT1H,MC-BajoPutumayo,9322.28,7976.14
2025-10-12,1,PT1H,MC-BajoPutumayo,19311.34,17362.6
2025-10-12,2,PT1H,MC-BajoPutumayo,18169.56,16377.8
2025-10-12,3,PT1H,MC-BajoPutumayo,17213.96,15527.8
2025-10-12,4,PT1H,MC-BajoPutumayo,16496.42,14927.1
2025-10-12,5,PT1H,MC-BajoPutumayo,16348.46,14542.7
2025-10-12,6,PT1H,MC-BajoPutumayo,16142.3,14749.6
2025-10-12,7,PT1H,MC-BajoPutumayo,16916.22,15320.1
2025-10-12,8,PT1H,MC-BajoPutumayo,18751.32,17304.0
2025-10-12,9,PT1H,MC-BajoPutumayo,20910.58,20057.2
2025-10-12,10,PT1H,MC-BajoPutumayo,22040.6,22466.5
2025-10-12,11,PT1H,MC-BajoPutumayo,22386.18,23951.0
2025-10-12,12,PT1H,MC-BajoPutumayo,22353.64,25375.5
2025-10-12,13,PT1H,MC-BajoPutumayo,21803.78,25489.5
2025-10-12,14,PT1H,MC-BajoPutumayo,21023.04,23343.3
2025-10-12,15,PT1H,MC-BajoPutumayo,20669.7,24172.6
2025-10-12,16,PT1H,MC-BajoPutumayo,20828.12,26478.3
2025-10-12,17,PT1H,MC-BajoPutumayo,20924.74,25829.2
2025-10-12,18,PT1H,MC-BajoPutumayo,22080.72,25842.1
2025-10-12,19,PT1H,MC-BajoPutumayo,25662.72,28806.4
2025-10-12,20,PT1H,MC-BajoPutumayo,25553.9,29455.1
2025-10-12,21,PT1H,MC-BajoPutumayo,24314.42,28703.3
2025-10-12,22,PT1H,MC-BajoPutumayo,21842.68,26661.4
2025-10-12,23,PT1H,MC-BajoPutumayo,19185.72,23606.0
2025-10-12,24,PT1H,MC-BajoPutumayo,16913.2,20079.3
2023-03-04,1,PT1H,MC-BajoPutumayo,8431.97,7822.54
2023-03-04,2,PT1H,MC-BajoPutumayo,7816.24,7248.6
2023-03-04,3,PT1H,MC-BajoPutumayo,7430.54,6930.25
2023-03-04,4,PT1H,MC-BajoPutumayo,7218.72,6734.92
2023-03-04,5,PT1H,MC-BajoPutumayo,7131.12,6594.51
2023-03-04,6,PT1H,MC-BajoPutumayo,7330.92,6764.02
2023-03-04,7,PT1H,MC-BajoPutumayo,7646.27,7072.56
2023-03-04,8,PT1H,MC-BajoPutumayo,8724.61,8029.55
2023-03-04,9,PT1H,MC-BajoPutumayo,10261.91,9370.05
2023-03-04,10,PT1H,MC-BajoPutumayo,11633.88,10184.81
2023-03-04,11,PT1H,MC-BajoPutumayo,12742.79,10897.28
2023-03-04,12,PT1H,MC-BajoPutumayo,13350.24,11590.19
2023-03-04,13,PT1H,MC-BajoPutumayo,13152.79,11563.02
2023-03-04,14,PT1H,MC-BajoPutumayo,12937.49,11487.25
2023-03-04,15,PT1H,MC-BajoPutumayo,13492.88,11724.3
2023-03-04,16,PT1H,MC-BajoPutumayo,13444.42,11841.04
2023-03-04,17,PT1H,MC-BajoPutumayo,13301.36,11804.17
2023-03-04,18,PT1H,MC-BajoPutumayo,13132.93,11605.4
2023-03-04,19,PT1H,MC-BajoPutumayo,13879.46,12450.83
2023-03-04,20,PT1H,MC-BajoPutumayo,13225.48,13272.27
2023-03-04,21,PT1H,MC-BajoPutumayo,11778.42,12561.29
2023-03-04,22,PT1H,MC-BajoPutumayo,11747.44,11658.78
2023-03-04,23,PT1H,MC-BajoPutumayo,11406.62,10428.54
2023-03-04,24,PT1H,MC-BajoPutumayo,10104.97,9206.27
2024-04-15,1,PT1H,MC-BajoPutumayo,9523.57,8579.17
2024-04-15,2,PT1H,MC-BajoPutumayo,8922.34,8129.43
2024-04-15,3,PT1H,MC-BajoPutumayo,8581.92,7813.06
2024-04-15,4,PT1H,MC-BajoPutumayo,8323.9,7545.74
2024-04-15,5,PT1H,MC-BajoPutumayo,8306.65,7599.97
2024-04-15,6,PT1H,MC-BajoPutumayo,8816.76,7993.89
2024-04-15,7,PT1H,MC-BajoPutumayo,9321.39,8318.59
2024-04-15,8,PT1H,MC-BajoPutumayo,10276.41,9049.97
2024-04-15,9,PT1H,MC-BajoPutumayo,11562.15,10186.59
2024-04-15,10,PT1H,MC-BajoPutumayo,12282.37,11136.36
2024-04-15,11,PT1H,MC-BajoPutumayo,12790.72,11966.05
2024-04-15,12,PT1H,MC-BajoPutumayo,13252.64,12027.99
2024-04-15,13,PT1H,MC-BajoPutumayo,13104.14,11739.88
2024-04-15,14,PT1H,MC-BajoPutumayo,13628.5,12456.32
2024-04-15,15,PT1H,MC-BajoPutumayo,14738.75,13181.28
2024-04-15,16,PT1H,MC-BajoPutumayo,15019.43,13394.89
2024-04-15,17,PT1H,MC-BajoPutumayo,14966.1,13438.03
2024-04-15,18,PT1H,MC-BajoPutumayo,14568.33,13178.85
2024-04-15,19,PT1H,MC-BajoPutumayo,15485.18,14077.47
2024-04-15,20,PT1H,MC-BajoPutumayo,15774.48,14482.45
2024-04-15,21,PT1H,MC-BajoPutumayo,15058.3,13709.1
2024-04-15,22,PT1H,MC-BajoPutumayo,13925.9,12679.73
2024-04-15,23,PT1H,MC-BajoPutumayo,12179.5,10860.29
2024-04-15,24,PT1H,MC-BajoPutumayo,10461.29,9323.56
2023-07-07,1,PT1H,MC-BajoPutumayo,6947.88,6705.83
2023-07-07,2,PT1H,MC-BajoPutumayo,6576.68,6343.06
2023-07-07,3,PT1H,MC-BajoPutumayo,6355.55,6217.54
2023-07-07,4,PT1H,MC-BajoPutumayo,6251.52,6069.94
2023-07-07,5,PT1H,MC-BajoPutumayo,6353.1,6180.09
2023-07-07,6,PT1H,MC-BajoPutumayo,6667.16,6272.31
2023-07-07,7,PT1H,MC-BajoPutumayo,7105.76,7061.29
2023-07-07,8,PT1H,MC-BajoPutumayo,8256.03,8285.83
2023-07-07,9,PT1H,MC-BajoPutumayo,9474.59,9114.27
2023-07-07,10,PT1H,MC-BajoPutumayo,10166.85,9752.68
2023-07-07,11,PT1H,MC-BajoPutumayo,10869.04,10213.84
2023-07-07,12,PT1H,MC-BajoPutumayo,11583.17,10712.98
2023-07-07,13,PT1H,MC-BajoPutumayo,11515.91,10590.86
2023-07-07,14,PT1H,MC-BajoPutumayo,11653.12,10898.2
2023-07-07,15,PT1H,MC-BajoPutumayo,12421.0,11384.13
2023-07-07,16,PT1H,MC-BajoPutumayo,12574.87,11752.12
2023-07-07,17,PT1H,MC-BajoPutumayo,12593.24,11390.8
2023-07-07,18,PT1H,MC-BajoPutumayo,12305.92,11234.21
2023-07-07,19,PT1H,MC-BajoPutumayo,13080.12,13119.91
2023-07-07,20,PT1H,MC-BajoPutumayo,13558.6,13767.61
2023-07-07,21,PT1H,MC-BajoPutumayo,12591.38,12872.31
2023-07-07,22,PT1H,MC-BajoPutumayo,11413.88,11278.79
2023-07-07,23,PT1H,MC-BajoPutumayo,9905.97,9259.44
2023-07-07,24,PT1H,MC-BajoPutumayo,8622.07,7754.81
2024-07-14,1,PT1H,MC-BajoPutumayo,7143.69,7996.5
2024-07-14,2,PT1H,MC-BajoPutumayo,6777.89,7379.4
2024-07-14,3,PT1H,MC-BajoPutumayo,6435.74,7002.2
2024-07-14,4,PT1H,MC-BajoPutumayo,6277.56,6839.6
2024-07-14,5,PT1H,MC-BajoPutumayo,6169.74,6674.4
2024-07-14,6,PT1H,MC-BajoPutumayo,6339.12,6661.7
2024-07-14,7,PT1H,MC-BajoPutumayo,6428.94,6909.3
2024-07-14,8,PT1H,MC-BajoPutumayo,7665.74,7802.1
2024-07-14,9,PT1H,MC-BajoPutumayo,8696.93,8762.1
2024-07-14,10,PT1H,MC-BajoPutumayo,9350.18,9488.4
2024-07-14,11,PT1H,MC-BajoPutumayo,9653.94,10081.9
2024-07-14,12,PT1H,MC-BajoPutumayo,9895.76,10495.3
2024-07-14,13,PT1H,MC-BajoPutumayo,9951.1,10714.3
2024-07-14,14,PT1H,MC-BajoPutumayo,9930.38,10621.5
2024-07-14,15,PT1H,MC-BajoPutumayo,9971.98,10777.6
2024-07-14,16,PT1H,MC-BajoPutumayo,9957.22,10741.0
2024-07-14,17,PT1H,MC-BajoPutumayo,9876.89,10648.8
2024-07-14,18,PT1H,MC-BajoPutumayo,10291.98,10677.5
2024-07-14,19,PT1H,MC-BajoPutumayo,11367.96,11921.5
2024-07-14,20,PT1H,MC-BajoPutumayo,11179.13,12328.3
2024-07-14,21,PT1H,MC-BajoPutumayo,10473.52,11786.6
2024-07-14,22,PT1H,MC-BajoPutumayo,10186.47,10934.6
2024-07-14,23,PT1H,MC-BajoPutumayo,9716.43,9588.9
2024-07-14,24,PT1H,MC-BajoPutumayo,8752.37,8481.9
2022-04-10,1,PT1H,MC-BajoPutumayo,7072.05,7490.57
2022-04-10,2,PT1H,MC-BajoPutumayo,6726.27,6910.65
2022-04-10,3,PT1H,MC-BajoPutumayo,6406.02,6615.39
2022-04-10,4,PT1H,MC-BajoPutumayo,6231.1,6419.86
2022-04-10,5,PT1H,MC-BajoPutumayo,6135.6,6248.19
2022-04-10,6,PT1H,MC-BajoPutumayo,6308.57,6369.71
2022-04-10,7,PT1H,MC-BajoPutumayo,6561.27,6644.11
2022-04-10,8,PT1H,MC-BajoPutumayo,7375.2,7601.81
2022-04-10,9,PT1H,MC-BajoPutumayo,8288.75,8624.97
2022-04-10,10,PT1H,MC-BajoPutumayo,8962.97,9389.58
2022-04-10,11,PT1H,MC-BajoPutumayo,9238.42,9809.55
2022-04-10,12,PT1H,MC-BajoPutumayo,9770.12,9871.87
2022-04-10,13,PT1H,MC-BajoPutumayo,9911.01,9870.62
2022-04-10,14,PT1H,MC-BajoPutumayo,9847.99,9674.97
2022-04-10,15,PT1H,MC-BajoPutumayo,10017.67,9700.29
2022-04-10,16,PT1H,MC-BajoPutumayo,10150.25,9533.69
2022-04-10,17,PT1H,MC-BajoPutumayo,10098.79,9626.59
2022-04-10,18,PT1H,MC-BajoPutumayo,10066.86,9610.43
2022-04-10,19,PT1H,MC-BajoPutumayo,11310.17,10829.8
2022-04-10,20,PT1H,MC-BajoPutumayo,11853.92,11582.41
2022-04-10,21,PT1H,MC-BajoPutumayo,11364.41,10986.23
2022-04-10,22,PT1H,MC-BajoPutumayo,10509.38,9952.84
2022-04-10,23,PT1H,MC-BajoPutumayo,9242.47,8524.99
2022-04-10,24,PT1H,MC-BajoPutumayo,8151.45,7339.91
2023-03-25,1,PT1H,MC-BajoPutumayo,8246.55,7465.56
2023-03-25,2,PT1H,MC-BajoPutumayo,7720.24,7085.86
2023-03-25,3,PT1H,MC-BajoPutumayo,7220.45,6854.66
2023-03-25,4,PT1H,MC-BajoPutumayo,6954.56,6724.78
2023-03-25,5,PT1H,MC-BajoPutumayo,6777.0,6672.78
2023-03-25,6,PT1H,MC-BajoPutumayo,6946.52,6905.69
2023-03-25,7,PT1H,MC-BajoPutumayo,7297.25,7328.93
2023-03-25,8,PT1H,MC-BajoPutumayo,8233.21,8286.26
2023-03-25,9,PT1H,MC-BajoPutumayo,9560.85,9572.14
2023-03-25,10,PT1H,MC-BajoPutumayo,10330.36,10228.4
2023-03-25,11,PT1H,MC-BajoPutumayo,5874.55,10660.45
2023-03-25,12,PT1H,MC-BajoPutumayo,11441.66,10751.82
2023-03-25,13,PT1H,MC-BajoPutumayo,11425.49,10682.73
2023-03-25,14,PT1H,MC-BajoPutumayo,11592.77,10528.4
2023-03-25,15,PT1H,MC-BajoPutumayo,11666.96,10484.21
2023-03-25,16,PT1H,MC-BajoPutumayo,12239.37,10534.81
2023-03-25,17,PT1H,MC-BajoPutumayo,11924.4,10452.27
2023-03-25,18,PT1H,MC-BajoPutumayo,11085.16,10727.18
2023-03-25,19,PT1H,MC-BajoPutumayo,12997.93,11962.21
2023-03-25,20,PT1H,MC-BajoPutumayo,12990.67,12354.91
2023-03-25,21,PT1H,MC-BajoPutumayo,12033.29,11575.99
2023-03-25,22,PT1H,MC-BajoPutumayo,10808.94,10587.21
2023-03-25,23,PT1H,MC-BajoPutumayo,9758.13,9287.59
2023-03-25,24,PT1H,MC-BajoPutumayo,8687.34,7847.24
2025-02-13,1,PT1H,MC-BajoPutumayo,8235.2,8649.6
2025-02-13,2,PT1H,MC-BajoPutumayo,7720.72,8163.2
2025-02-13,3,PT1H,MC-BajoPutumayo,7420.82,7867.3
2025-02-13,4,PT1H,MC-BajoPutumayo,7303.34,7543.2
2025-02-13,5,PT1H,MC-BajoPutumayo,7308.03,7578.0
2025-02-13,6,PT1H,MC-BajoPutumayo,6518.54,5243.8
2025-02-13,7,PT1H,MC-BajoPutumayo,8680.94,8064.2
2025-02-13,8,PT1H,MC-BajoPutumayo,9224.35,9116.9
2025-02-13,9,PT1H,MC-BajoPutumayo,10236.1,10627.9
2025-02-13,10,PT1H,MC-BajoPutumayo,10869.51,11505.1
2025-02-13,11,PT1H,MC-BajoPutumayo,11577.02,12183.8
2025-02-13,12,PT1H,MC-BajoPutumayo,11882.57,12703.1
2025-02-13,13,PT1H,MC-BajoPutumayo,11461.59,12451.0
2025-02-13,14,PT1H,MC-BajoPutumayo,11706.06,12648.5
2025-02-13,15,PT1H,MC-BajoPutumayo,13059.83,13612.8
2025-02-13,16,PT1H,MC-BajoPutumayo,13275.32,13791.8
2025-02-13,17,PT1H,MC-BajoPutumayo,13263.1,13633.0
2025-02-13,18,PT1H,MC-BajoPutumayo,13045.05,13411.6
2025-02-13,19,PT1H,MC-BajoPutumayo,14018.47,13948.8
2025-02-13,20,PT1H,MC-BajoPutumayo,14735.97,14458.8
2025-02-13,21,PT1H,MC-BajoPutumayo,13887.79,13589.7
2025-02-13,22,PT1H,MC-BajoPutumayo,12524.56,12452.2
2025-02-13,23,PT1H,MC-BajoPutumayo,10880.79,11028.5
2025-02-13,24,PT1H,MC-BajoPutumayo,9503.37,9714.1
2024-02-20,1,PT1H,MC-BajoPutumayo,9101.32,8863.53
2024-02-20,2,PT1H,MC-BajoPutumayo,8594.2,8297.33
2024-02-20,3,PT1H,MC-BajoPutumayo,6416.11,7827.84
2024-02-20,4,PT1H,MC-BajoPutumayo,8026.63,7849.26
2024-02-20,5,PT1H,MC-BajoPutumayo,7855.92,7975.82
2024-02-20,6,PT1H,MC-BajoPutumayo,8339.86,8310.46
2024-02-20,7,PT1H,MC-BajoPutumayo,9055.74,9375.67
2024-02-20,8,PT1H,MC-BajoPutumayo,9826.35,10165.21
2024-02-20,9,PT1H,MC-BajoPutumayo,11265.27,11576.68
2024-02-20,10,PT1H,MC-BajoPutumayo,12111.69,12415.23
2024-02-20,11,PT1H,MC-BajoPutumayo,13020.02,12982.4
2024-02-20,12,PT1H,MC-BajoPutumayo,13377.35,13020.88
2024-02-20,13,PT1H,MC-BajoPutumayo,12801.33,12995.85
2024-02-20,14,PT1H,MC-BajoPutumayo,12995.75,12820.82
2024-02-20,15,PT1H,MC-BajoPutumayo,13524.83,13181.87
2024-02-20,16,PT1H,MC-BajoPutumayo,13680.7,12556.73
2024-02-20,17,PT1H,MC-BajoPutumayo,13678.3,12385.66
2024-02-20,18,PT1H,MC-BajoPutumayo,13367.15,12671.47
2024-02-20,19,PT1H,MC-BajoPutumayo,14104.15,13542.51
2024-02-20,20,PT1H,MC-BajoPutumayo,14885.81,13929.54
2024-02-20,21,PT1H,MC-BajoPutumayo,14194.18,13319.16
2024-02-20,22,PT1H,MC-BajoPutumayo,13061.88,12830.63
2024-02-20,23,PT1H,MC-BajoPutumayo,11228.79,11240.46
2024-02-20,24,PT1H,MC-BajoPutumayo,9897.45,9783.07
2023-10-31,1,PT1H,MC-BajoPutumayo,7820.15,8086.92
2023-10-31,2,PT1H,MC-BajoPutumayo,7282.06,7612.31
2023-10-31,3,PT1H,MC-BajoPutumayo,7054.76,7323.9
2023-10-31,4,PT1H,MC-BajoPutumayo,6930.97,7124.2
2023-10-31,5,PT1H,MC-BajoPutumayo,6968.75,7125.0
2023-10-31,6,PT1H,MC-BajoPutumayo,7589.61,7437.1
2023-10-31,7,PT1H,MC-BajoPutumayo,8258.98,7863.58
2023-10-31,8,PT1H,MC-BajoPutumayo,8965.21,8995.22
2023-10-31,9,PT1H,MC-BajoPutumayo,10138.37,9951.63
2023-10-31,10,PT1H,MC-BajoPutumayo,11167.87,10676.97
2023-10-31,11,PT1H,MC-BajoPutumayo,12258.89,11421.75
2023-10-31,12,PT1H,MC-BajoPutumayo,12955.92,11874.16
2023-10-31,13,PT1H,MC-BajoPutumayo,12575.38,11866.01
2023-10-31,14,PT1H,MC-BajoPutumayo,12619.64,11742.7
2023-10-31,15,PT1H,MC-BajoPutumayo,12360.85,12435.62
2023-10-31,16,PT1H,MC-BajoPutumayo,13138.51,12478.51
2023-10-31,17,PT1H,MC-BajoPutumayo,13098.68,12524.62
2023-10-31,18,PT1H,MC-BajoPutumayo,13899.38,12666.14
2023-10-31,19,PT1H,MC-BajoPutumayo,14847.24,13948.35
2023-10-31,20,PT1H,MC-BajoPutumayo,13540.04,14297.08
2023-10-31,21,PT1H,MC-BajoPutumayo,12707.31,12894.62
2023-10-31,22,PT1H,MC-BajoPutumayo,11586.53,11432.28
2023-10-31,23,PT1H,MC-BajoPutumayo,10229.58,9906.38
2023-10-31,24,PT1H,MC-BajoPutumayo,9049.36,8857.56
2024-08-11,1,PT1H,MC-BajoPutumayo,8018.0,8266.9
2024-08-11,2,PT1H,MC-BajoPutumayo,7570.62,7760.5
2024-08-11,3,PT1H,MC-BajoPutumayo,7236.78,7390.5
2024-08-11,4,PT1H,MC-BajoPutumayo,7008.69,7190.1
2024-08-11,5,PT1H,MC-BajoPutumayo,6835.69,7105.3
2024-08-11,6,PT1H,MC-BajoPutumayo,6823.85,7290.1
2024-08-11,7,PT1H,MC-BajoPutumayo,7128.48,7581.3
2024-08-11,8,PT1H,MC-BajoPutumayo,8360.62,8629.7
2024-08-11,9,PT1H,MC-BajoPutumayo,9307.41,9683.7
2024-08-11,10,PT1H,MC-BajoPutumayo,10239.6,10290.0
2024-08-11,11,PT1H,MC-BajoPutumayo,10708.23,10713.7
2024-08-11,12,PT1H,MC-BajoPutumayo,10960.51,10964.1
2024-08-11,13,PT1H,MC-BajoPutumayo,11210.85,11113.8
2024-08-11,14,PT1H,MC-BajoPutumayo,11403.84,11216.6
2024-08-11,15,PT1H,MC-BajoPutumayo,11524.03,11127.7
2024-08-11,16,PT1H,MC-BajoPutumayo,11413.78,10861.4
2024-08-11,17,PT1H,MC-BajoPutumayo,11130.08,10757.0
2024-08-11,18,PT1H,MC-BajoPutumayo,11305.94,11111.2
2024-08-11,19,PT1H,MC-BajoPutumayo,12835.83,12496.0
2024-08-11,20,PT1H,MC-BajoPutumayo,13143.89,12656.1
2024-08-11,21,PT1H,MC-BajoPutumayo,12498.52,12072.9
2024-08-11,22,PT1H,MC-BajoPutumayo,11403.28,10965.9
2024-08-11,23,PT1H,MC-BajoPutumayo,9808.5,9487.6
2024-08-11,24,PT1H,MC-BajoPutumayo,8558.71,8391.3
2026-02-24,1,PT1H,MC-BajoPutumayo,8555.66,7909.4
2026-02-24,2,PT1H,MC-BajoPutumayo,8380.24,7652.1
2026-02-24,3,PT1H,MC-BajoPutumayo,7855.05,7382.4
2026-02-24,4,PT1H,MC-BajoPutumayo,7575.05,7234.9
2026-02-24,5,PT1H,MC-BajoPutumayo,7477.02,7399.1
2026-02-24,6,PT1H,MC-BajoPutumayo,8088.46,8291.6
2026-02-24,7,PT1H,MC-BajoPutumayo,9069.34,8569.3
2026-02-24,8,PT1H,MC-BajoPutumayo,9448.08,9537.1
2026-02-24,9,PT1H,MC-BajoPutumayo,10621.69,10720.9
2026-02-24,10,PT1H,MC-BajoPutumayo,11884.0,11828.4
2026-02-24,11,PT1H,MC-BajoPutumayo,12703.19,12589.8
2026-02-24,12,PT1H,MC-BajoPutumayo,12849.35,12778.4
2026-02-24,13,PT1H,MC-BajoPutumayo,13136.18,12623.4
2026-02-24,14,PT1H,MC-BajoPutumayo,13085.83,13228.3
2026-02-24,15,PT1H,MC-BajoPutumayo,13101.9,13714.8
2026-02-24,16,PT1H,MC-BajoPutumayo,13324.19,13764.6
2026-02-24,17,PT1H,MC-BajoPutumayo,13553.48,13511.6
2026-02-24,18,PT1H,MC-BajoPutumayo,13342.73,13289.8
2026-02-24,19,PT1H,MC-BajoPutumayo,14408.24,14605.9
2026-02-24,20,PT1H,MC-BajoPutumayo,15066.57,14413.3
2026-02-24,21,PT1H,MC-BajoPutumayo,14274.81,13412.5
2026-02-24,22,PT1H,MC-BajoPutumayo,12655.82,11702.0
2026-02-24,23,PT1H,MC-BajoPutumayo,10009.5,9976.5
2026-02-24,24,PT1H,MC-BajoPutumayo,9147.33,8620.3
2022-07-14,1,PT1H,MC-BajoPutumayo,3147.32,7088.84
2022-07-14,2,PT1H,MC-BajoPutumayo,3018.02,6595.25
2022-07-14,3,PT1H,MC-BajoPutumayo,2955.42,6385.21
2022-07-14,4,PT1H,MC-BajoPutumayo,2951.33,6248.68
2022-07-14,5,PT1H,MC-BajoPutumayo,2966.9,6301.19
2022-07-14,6,PT1H,MC-BajoPutumayo,3239.77,6763.28
2022-07-14,7,PT1H,MC-BajoPutumayo,3792.04,7319.88
2022-07-14,8,PT1H,MC-BajoPutumayo,4010.73,8338.58
2022-07-14,9,PT1H,MC-BajoPutumayo,5778.61,9420.28
2022-07-14,10,PT1H,MC-BajoPutumayo,8705.37,10123.91
2022-07-14,11,PT1H,MC-BajoPutumayo,10682.92,10806.54
2022-07-14,12,PT1H,MC-BajoPutumayo,10711.8,11100.6
2022-07-14,13,PT1H,MC-BajoPutumayo,11246.18,11069.09
2022-07-14,14,PT1H,MC-BajoPutumayo,11434.48,11079.59
2022-07-14,15,PT1H,MC-BajoPutumayo,12067.4,11373.65
2022-07-14,16,PT1H,MC-BajoPutumayo,12321.13,11499.67
2022-07-14,17,PT1H,MC-BajoPutumayo,12555.7,11478.67
2022-07-14,18,PT1H,MC-BajoPutumayo,12092.36,11657.2
2022-07-14,19,PT1H,MC-BajoPutumayo,12872.25,12486.86
2022-07-14,20,PT1H,MC-BajoPutumayo,13452.91,12906.94
2022-07-14,21,PT1H,MC-BajoPutumayo,12616.48,12087.79
2022-07-14,22,PT1H,MC-BajoPutumayo,11361.67,10911.56
2022-07-14,23,PT1H,MC-BajoPutumayo,9654.75,9220.74
2022-07-14,24,PT1H,MC-BajoPutumayo,8089.41,7865.99
2024-07-09,1,PT1H,MC-BajoPutumayo,7670.12,7442.4
2024-07-09,2,PT1H,MC-BajoPutumayo,7180.32,7032.0
2024-07-09,3,PT1H,MC-BajoPutumayo,6968.86,6809.4
2024-07-09,4,PT1H,MC-BajoPutumayo,6833.35,6691.5
2024-07-09,5,PT1H,MC-BajoPutumayo,6769.57,6722.6
2024-07-09,6,PT1H,MC-BajoPutumayo,6838.8,7193.2
2024-07-09,7,PT1H,MC-BajoPutumayo,7087.97,7739.7
2024-07-09,8,PT1H,MC-BajoPutumayo,7744.35,8664.3
2024-07-09,9,PT1H,MC-BajoPutumayo,8936.59,9428.5
2024-07-09,10,PT1H,MC-BajoPutumayo,9341.83,9880.0
2024-07-09,11,PT1H,MC-BajoPutumayo,10072.16,10610.4
2024-07-09,12,PT1H,MC-BajoPutumayo,10732.76,11186.0
2024-07-09,13,PT1H,MC-BajoPutumayo,10537.5,11016.2
2024-07-09,14,PT1H,MC-BajoPutumayo,11011.96,11301.0
2024-07-09,15,PT1H,MC-BajoPutumayo,11689.05,12056.8
2024-07-09,16,PT1H,MC-BajoPutumayo,11626.22,12240.3
2024-07-09,17,PT1H,MC-BajoPutumayo,11506.37,12035.6
2024-07-09,18,PT1H,MC-BajoPutumayo,11668.07,11834.2
2024-07-09,19,PT1H,MC-BajoPutumayo,12857.81,12883.8
2024-07-09,20,PT1H,MC-BajoPutumayo,13007.45,12980.1
2024-07-09,21,PT1H,MC-BajoPutumayo,11962.07,12158.5
2024-07-09,22,PT1H,MC-BajoPutumayo,10744.11,10955.6
2024-07-09,23,PT1H,MC-BajoPutumayo,9284.81,9419.3
2024-07-09,24,PT1H,MC-BajoPutumayo,7914.24,8175.4
2024-07-30,1,PT1H,MC-BajoPutumayo,5762.77,6717.8
2024-07-30,2,PT1H,MC-BajoPutumayo,4389.36,6315.0
2024-07-30,3,PT1H,MC-BajoPutumayo,5106.53,6209.0
2024-07-30,4,PT1H,MC-BajoPutumayo,7402.06,5947.5
2024-07-30,5,PT1H,MC-BajoPutumayo,7095.11,6200.8
2024-07-30,6,PT1H,MC-BajoPutumayo,7731.42,7059.8
2024-07-30,7,PT1H,MC-BajoPutumayo,8580.38,8033.7
2024-07-30,8,PT1H,MC-BajoPutumayo,9773.52,8607.2
2024-07-30,9,PT1H,MC-BajoPutumayo,10335.48,9212.3
2024-07-30,10,PT1H,MC-BajoPutumayo,10876.88,9878.3
2024-07-30,11,PT1H,MC-BajoPutumayo,11362.38,10741.5
2024-07-30,12,PT1H,MC-BajoPutumayo,11832.82,11117.2
2024-07-30,13,PT1H,MC-BajoPutumayo,11329.89,10622.4
2024-07-30,14,PT1H,MC-BajoPutumayo,11409.11,10893.9
2024-07-30,15,PT1H,MC-BajoPutumayo,12134.85,11034.6
2024-07-30,16,PT1H,MC-BajoPutumayo,12437.67,11050.6
2024-07-30,17,PT1H,MC-BajoPutumayo,12379.09,11107.9
2024-07-30,18,PT1H,MC-BajoPutumayo,12072.88,11167.5
2024-07-30,19,PT1H,MC-BajoPutumayo,13460.81,12534.6
2024-07-30,20,PT1H,MC-BajoPutumayo,13710.67,13404.6
2024-07-30,21,PT1H,MC-BajoPutumayo,12817.32,12659.5
2024-07-30,22,PT1H,MC-BajoPutumayo,11448.36,11414.7
2024-07-30,23,PT1H,MC-BajoPutumayo,9736.26,9217.1
2024-07-30,24,PT1H,MC-BajoPutumayo,8253.97,7475.0
2022-01-29,1,PT1H,MC-BajoPutumayo,8542.58,7229.48
2022-01-29,2,PT1H,MC-BajoPutumayo,7888.01,6806.86
2022-01-29,3,PT1H,MC-BajoPutumayo,7462.16,6470.96
2022-01-29,4,PT1H,MC-BajoPutumayo,7685.31,6357.6
2022-01-29,5,PT1H,MC-BajoPutumayo,6281.68,6015.1
2022-01-29,6,PT1H,MC-BajoPutumayo,6095.11,4735.57
2022-01-29,7,PT1H,MC-BajoPutumayo,4681.95,4959.07
2022-01-29,8,PT1H,MC-BajoPutumayo,5281.65,5599.98
2022-01-29,9,PT1H,MC-BajoPutumayo,6076.34,6797.96
2022-01-29,10,PT1H,MC-BajoPutumayo,6834.78,7691.17
2022-01-29,11,PT1H,MC-BajoPutumayo,7383.52,8494.34
2022-01-29,12,PT1H,MC-BajoPutumayo,7774.5,9157.59
2022-01-29,13,PT1H,MC-BajoPutumayo,7666.71,9353.35
2022-01-29,14,PT1H,MC-BajoPutumayo,7695.13,9110.87
2022-01-29,15,PT1H,MC-BajoPutumayo,7806.84,9162.76
2022-01-29,16,PT1H,MC-BajoPutumayo,7765.67,9297.61
2022-01-29,17,PT1H,MC-BajoPutumayo,7612.81,10953.84
2022-01-29,18,PT1H,MC-BajoPutumayo,7530.5,11603.66
2022-01-29,19,PT1H,MC-BajoPutumayo,9054.13,12790.41
2022-01-29,20,PT1H,MC-BajoPutumayo,9573.34,13233.77
2022-01-29,21,PT1H,MC-BajoPutumayo,13365.22,11999.76
2022-01-29,22,PT1H,MC-BajoPutumayo,13111.52,10739.85
2022-01-29,23,PT1H,MC-BajoPutumayo,11877.03,9432.97
2022-01-29,24,PT1H,MC-BajoPutumayo,10397.23,8105.56
2022-10-04,1,PT1H,MC-BajoPutumayo,8675.72,8297.33
2022-10-04,2,PT1H,MC-BajoPutumayo,8049.49,7851.03
2022-10-04,3,PT1H,MC-BajoPutumayo,7821.8,7545.38
2022-10-04,4,PT1H,MC-BajoPutumayo,7633.02,7393.93
2022-10-04,5,PT1H,MC-BajoPutumayo,7727.98,7377.37
2022-10-04,6,PT1H,MC-BajoPutumayo,8157.03,8058.54
2022-10-04,7,PT1H,MC-BajoPutumayo,8717.66,8748.7
2022-10-04,8,PT1H,MC-BajoPutumayo,9661.47,9697.92
2022-10-04,9,PT1H,MC-BajoPutumayo,10159.47,10841.64
2022-10-04,10,PT1H,MC-BajoPutumayo,10580.64,11735.84
2022-10-04,11,PT1H,MC-BajoPutumayo,12776.84,12502.19
2022-10-04,12,PT1H,MC-BajoPutumayo,13161.58,12831.71
2022-10-04,13,PT1H,MC-BajoPutumayo,12675.85,12428.27
2022-10-04,14,PT1H,MC-BajoPutumayo,13224.17,12675.15
2022-10-04,15,PT1H,MC-BajoPutumayo,14315.79,13400.22
2022-10-04,16,PT1H,MC-BajoPutumayo,14446.18,13503.24
2022-10-04,17,PT1H,MC-BajoPutumayo,14252.45,13507.48
2022-10-04,18,PT1H,MC-BajoPutumayo,14004.87,13597.69
2022-10-04,19,PT1H,MC-BajoPutumayo,15489.72,14845.03
2022-10-04,20,PT1H,MC-BajoPutumayo,15285.41,14710.31
2022-10-04,21,PT1H,MC-BajoPutumayo,14356.65,13662.86
2022-10-04,22,PT1H,MC-BajoPutumayo,13115.62,12185.6
2022-10-04,23,PT1H,MC-BajoPutumayo,11519.83,10247.83
2022-10-04,24,PT1H,MC-BajoPutumayo,10042.48,8888.85
2025-10-22,1,PT1H,MC-BajoPutumayo,17539.2,16944.3
2025-10-22,2,PT1H,MC-BajoPutumayo,16942.56,15916.1
2025-10-22,3,PT1H,MC-BajoPutumayo,16105.58,15516.6
2025-10-22,4,PT1H,MC-BajoPutumayo,15823.9,15147.9
2025-10-22,5,PT1H,MC-BajoPutumayo,15955.84,15191.4
2025-10-22,6,PT1H,MC-BajoPutumayo,17126.74,15962.0
2025-10-22,7,PT1H,MC-BajoPutumayo,18726.46,17234.5
2025-10-22,8,PT1H,MC-BajoPutumayo,19792.4,18735.1
2025-10-22,9,PT1H,MC-BajoPutumayo,22046.46,20977.3
2025-10-22,10,PT1H,MC-BajoPutumayo,23190.4,22435.4
2025-10-22,11,PT1H,MC-BajoPutumayo,24737.02,23792.3
2025-10-22,12,PT1H,MC-BajoPutumayo,25746.4,24495.3
2025-10-22,13,PT1H,MC-BajoPutumayo,24427.94,24201.2
2025-10-22,14,PT1H,MC-BajoPutumayo,24492.7,24603.2
2025-10-22,15,PT1H,MC-BajoPutumayo,25025.94,26469.8
2025-10-22,16,PT1H,MC-BajoPutumayo,27287.72,26881.9
2025-10-22,17,PT1H,MC-BajoPutumayo,27274.06,26814.6
2025-10-22,18,PT1H,MC-BajoPutumayo,28873.82,26668.3
2025-10-22,19,PT1H,MC-BajoPutumayo,32209.2,29433.6
2025-10-22,20,PT1H,MC-BajoPutumayo,31299.5,29119.8
2025-10-22,21,PT1H,MC-BajoPutumayo,29247.32,26781.7
2025-10-22,22,PT1H,MC-BajoPutumayo,25677.04,23834.8
2025-10-22,23,PT1H,MC-BajoPutumayo,21815.1,20130.3
2025-10-22,24,PT1H,MC-BajoPutumayo,19251.52,17877.8
2025-05-15,1,PT1H,MC-BajoPutumayo,7895.76,8900.0
2025-05-15,2,PT1H,MC-BajoPutumayo,7417.63,8268.4
2025-05-15,3,PT1H,MC-BajoPutumayo,7148.15,8002.3
2025-05-15,4,PT1H,MC-BajoPutumayo,7019.94,7787.7
2025-05-15,5,PT1H,MC-BajoPutumayo,7050.77,7722.8
2025-05-15,6,PT1H,MC-BajoPutumayo,7660.07,7961.5
2025-05-15,7,PT1H,MC-BajoPutumayo,8475.79,8342.0
2025-05-15,8,PT1H,MC-BajoPutumayo,9114.62,9127.8
2025-05-15,9,PT1H,MC-BajoPutumayo,9934.81,10212.6
2025-05-15,10,PT1H,MC-BajoPutumayo,10530.43,10867.8
2025-05-15,11,PT1H,MC-BajoPutumayo,11031.54,11431.7
2025-05-15,12,PT1H,MC-BajoPutumayo,11534.82,11933.0
2025-05-15,13,PT1H,MC-BajoPutumayo,11133.02,11858.3
2025-05-15,14,PT1H,MC-BajoPutumayo,10918.24,11870.3
2025-05-15,15,PT1H,MC-BajoPutumayo,11520.17,12263.4
2025-05-15,16,PT1H,MC-BajoPutumayo,11773.08,12269.6
2025-05-15,17,PT1H,MC-BajoPutumayo,11927.47,12240.0
2025-05-15,18,PT1H,MC-BajoPutumayo,12050.03,12211.8
2025-05-15,19,PT1H,MC-BajoPutumayo,13336.33,13562.1
2025-05-15,20,PT1H,MC-BajoPutumayo,13639.32,13872.4
2025-05-15,21,PT1H,MC-BajoPutumayo,12876.99,13108.9
2025-05-15,22,PT1H,MC-BajoPutumayo,11594.9,11804.6
2025-05-15,23,PT1H,MC-BajoPutumayo,10018.52,10455.2
2025-05-15,24,PT1H,MC-BajoPutumayo,8546.0,9165.5
2026-01-21,1,PT1H,MC-BajoPutumayo,8202.84,8273.0
2026-01-21,2,PT1H,MC-BajoPutumayo,7872.2,7795.1
2026-01-21,3,PT1H,MC-BajoPutumayo,7417.85,7479.3
2026-01-21,4,PT1H,MC-BajoPutumayo,7321.14,7280.6
2026-01-21,5,PT1H,MC-BajoPutumayo,7490.36,7313.4
2026-01-21,6,PT1H,MC-BajoPutumayo,7754.17,7812.1
2026-01-21,7,PT1H,MC-BajoPutumayo,8391.33,8445.0
2026-01-21,8,PT1H,MC-BajoPutumayo,9847.63,9339.4
2026-01-21,9,PT1H,MC-BajoPutumayo,12414.87,10768.6
2026-01-21,10,PT1H,MC-BajoPutumayo,11998.71,11500.9
2026-01-21,11,PT1H,MC-BajoPutumayo,13538.86,12082.1
2026-01-21,12,PT1H,MC-BajoPutumayo,13453.05,12386.9
2026-01-21,13,PT1H,MC-BajoPutumayo,12931.91,12043.9
2026-01-21,14,PT1H,MC-BajoPutumayo,13426.67,12239.1
2026-01-21,15,PT1H,MC-BajoPutumayo,13915.92,12640.6
2026-01-21,16,PT1H,MC-BajoPutumayo,14030.83,12824.4
2026-01-21,17,PT1H,MC-BajoPutumayo,13677.98,12816.7
2026-01-21,18,PT1H,MC-BajoPutumayo,13622.58,13020.9
2026-01-21,19,PT1H,MC-BajoPutumayo,15338.1,14598.7
2026-01-21,20,PT1H,MC-BajoPutumayo,15288.88,14562.0
2026-01-21,21,PT1H,MC-BajoPutumayo,14166.0,14145.0
2026-01-21,22,PT1H,MC-BajoPutumayo,12683.85,12012.8
2026-01-21,23,PT1H,MC-BajoPutumayo,11033.0,10095.0
2026-01-21,24,PT1H,MC-BajoPutumayo,9600.9,8801.2
2025-01-12,1,PT1H,MC-BajoPutumayo,9459.75,8659.3
2025-01-12,2,PT1H,MC-BajoPutumayo,8834.03,8131.2
2025-01-12,3,PT1H,MC-BajoPutumayo,8220.08,7654.6
2025-01-12,4,PT1H,MC-BajoPutumayo,8014.36,7514.9
2025-01-12,5,PT1H,MC-BajoPutumayo,7967.02,7537.4
2025-01-12,6,PT1H,MC-BajoPutumayo,7938.51,7422.3
2025-01-12,7,PT1H,MC-BajoPutumayo,7861.97,7717.6
2025-01-12,8,PT1H,MC-BajoPutumayo,8804.05,8652.8
2025-01-12,9,PT1H,MC-BajoPutumayo,9745.2,9701.7
2025-01-12,10,PT1H,MC-BajoPutumayo,10693.2,10538.9
2025-01-12,11,PT1H,MC-BajoPutumayo,11626.46,11122.9
2025-01-12,12,PT1H,MC-BajoPutumayo,12266.75,11455.5
2025-01-12,13,PT1H,MC-BajoPutumayo,12523.06,11587.4
2025-01-12,14,PT1H,MC-BajoPutumayo,12482.92,11816.2
2025-01-12,15,PT1H,MC-BajoPutumayo,12585.7,12003.5
2025-01-12,16,PT1H,MC-BajoPutumayo,12590.62,12080.8
2025-01-12,17,PT1H,MC-BajoPutumayo,12375.52,11906.9
2025-01-12,18,PT1H,MC-BajoPutumayo,12229.87,12172.2
2025-01-12,19,PT1H,MC-BajoPutumayo,13392.0,13167.6
2025-01-12,20,PT1H,MC-BajoPutumayo,14180.38,13265.9
2025-01-12,21,PT1H,MC-BajoPutumayo,13654.31,12787.6
2025-01-12,22,PT1H,MC-BajoPutumayo,12861.33,12011.3
2025-01-12,23,PT1H,MC-BajoPutumayo,11504.53,10780.0
2025-01-12,24,PT1H,MC-BajoPutumayo,10238.23,9561.2
2023-08-20,1,PT1H,MC-BajoPutumayo,8520.55,8585.18
2023-08-20,2,PT1H,MC-BajoPutumayo,7916.08,8022.79
2023-08-20,3,PT1H,MC-BajoPutumayo,7533.93,7653.47
2023-08-20,4,PT1H,MC-BajoPutumayo,7354.49,7452.74
2023-08-20,5,PT1H,MC-BajoPutumayo,7200.39,7243.59
2023-08-20,6,PT1H,MC-BajoPutumayo,7294.98,7302.12
2023-08-20,7,PT1H,MC-BajoPutumayo,7310.47,7563.79
2023-08-20,8,PT1H,MC-BajoPutumayo,8341.48,8445.42
2023-08-20,9,PT1H,MC-BajoPutumayo,9732.16,9623.6
2023-08-20,10,PT1H,MC-BajoPutumayo,10290.78,10317.63
2023-08-20,11,PT1H,MC-BajoPutumayo,10798.56,10971.21
2023-08-20,12,PT1H,MC-BajoPutumayo,12066.76,11534.92
2023-08-20,13,PT1H,MC-BajoPutumayo,12156.46,11569.2
2023-08-20,14,PT1H,MC-BajoPutumayo,12021.03,11425.93
2023-08-20,15,PT1H,MC-BajoPutumayo,11594.22,11437.71
2023-08-20,16,PT1H,MC-BajoPutumayo,11229.78,11417.0
2023-08-20,17,PT1H,MC-BajoPutumayo,11284.56,11417.75
2023-08-20,18,PT1H,MC-BajoPutumayo,11001.95,11393.57
2023-08-20,19,PT1H,MC-BajoPutumayo,12245.42,12852.27
2023-08-20,20,PT1H,MC-BajoPutumayo,12836.14,13709.7
2023-08-20,21,PT1H,MC-BajoPutumayo,12347.59,13108.59
2023-08-20,22,PT1H,MC-BajoPutumayo,11626.2,12101.53
2023-08-20,23,PT1H,MC-BajoPutumayo,10469.19,10656.25
2023-08-20,24,PT1H,MC-BajoPutumayo,9352.21,9405.31
2025-03-16,1,PT1H,MC-BajoPutumayo,7829.87,8474.6
2025-03-16,2,PT1H,MC-BajoPutumayo,7365.97,7921.0
2025-03-16,3,PT1H,MC-BajoPutumayo,6999.26,7473.5
2025-03-16,4,PT1H,MC-BajoPutumayo,6861.46,7278.1
2025-03-16,5,PT1H,MC-BajoPutumayo,6703.89,7128.5
2025-03-16,6,PT1H,MC-BajoPutumayo,6871.37,7168.2
2025-03-16,7,PT1H,MC-BajoPutumayo,7072.36,7421.2
2025-03-16,8,PT1H,MC-BajoPutumayo,8163.26,8105.5
2025-03-16,9,PT1H,MC-BajoPutumayo,9303.79,9050.8
2025-03-16,10,PT1H,MC-BajoPutumayo,10119.83,9777.0
2025-03-16,11,PT1H,MC-BajoPutumayo,10561.45,10278.0
2025-03-16,12,PT1H,MC-BajoPutumayo,11050.54,10831.0
2025-03-16,13,PT1H,MC-BajoPutumayo,11484.61,11235.3
2025-03-16,14,PT1H,MC-BajoPutumayo,11409.43,11184.4
2025-03-16,15,PT1H,MC-BajoPutumayo,11519.43,11330.3
2025-03-16,16,PT1H,MC-BajoPutumayo,11654.19,11434.9
2025-03-16,17,PT1H,MC-BajoPutumayo,11688.21,11558.0
2025-03-16,18,PT1H,MC-BajoPutumayo,11668.4,11443.3
2025-03-16,19,PT1H,MC-BajoPutumayo,12960.27,12365.2
2025-03-16,20,PT1H,MC-BajoPutumayo,13586.14,13318.9
2025-03-16,21,PT1H,MC-BajoPutumayo,13165.71,12827.1
2025-03-16,22,PT1H,MC-BajoPutumayo,12250.97,11885.4
2025-03-16,23,PT1H,MC-BajoPutumayo,9972.84,10484.2
2025-03-16,24,PT1H,MC-BajoPutumayo,8637.07,9160.1
2023-02-20,1,PT1H,MC-BajoPutumayo,8582.46,7537.11
2023-02-20,2,PT1H,MC-BajoPutumayo,7871.16,7210.64
2023-02-20,3,PT1H,MC-BajoPutumayo,7513.99,6760.87
2023-02-20,4,PT1H,MC-BajoPutumayo,7274.04,6578.97
2023-02-20,5,PT1H,MC-BajoPutumayo,7200.83,6635.89
2023-02-20,6,PT1H,MC-BajoPutumayo,7787.94,7037.43
2023-02-20,7,PT1H,MC-BajoPutumayo,8434.24,7683.64
2023-02-20,8,PT1H,MC-BajoPutumayo,9127.39,8451.89
2023-02-20,9,PT1H,MC-BajoPutumayo,10322.43,9510.29
2023-02-20,10,PT1H,MC-BajoPutumayo,11134.09,10243.97
2023-02-20,11,PT1H,MC-BajoPutumayo,11643.78,10899.06
2023-02-20,12,PT1H,MC-BajoPutumayo,12399.83,11356.44
2023-02-20,13,PT1H,MC-BajoPutumayo,12126.0,11151.8
2023-02-20,14,PT1H,MC-BajoPutumayo,12300.47,11242.85
2023-02-20,15,PT1H,MC-BajoPutumayo,13095.82,11811.48
2023-02-20,16,PT1H,MC-BajoPutumayo,13084.66,11865.9
2023-02-20,17,PT1H,MC-BajoPutumayo,12887.77,11926.45
2023-02-20,18,PT1H,MC-BajoPutumayo,12547.94,11576.57
2023-02-20,19,PT1H,MC-BajoPutumayo,13093.88,12360.94
2023-02-20,20,PT1H,MC-BajoPutumayo,13786.6,12941.15
2023-02-20,21,PT1H,MC-BajoPutumayo,13085.37,12170.23
2023-02-20,22,PT1H,MC-BajoPutumayo,11860.75,11092.47
2023-02-20,23,PT1H,MC-BajoPutumayo,10321.92,9617.85
2023-02-20,24,PT1H,MC-BajoPutumayo,8865.38,8156.43
2022-08-29,1,PT1H,MC-BajoPutumayo,6694.18,6723.13
2022-08-29,2,PT1H,MC-BajoPutumayo,6329.73,6227.81
2022-08-29,3,PT1H,MC-BajoPutumayo,6150.99,6020.71
2022-08-29,4,PT1H,MC-BajoPutumayo,6042.07,5912.0
2022-08-29,5,PT1H,MC-BajoPutumayo,6072.5,5926.52
2022-08-29,6,PT1H,MC-BajoPutumayo,6643.84,6423.63
2022-08-29,7,PT1H,MC-BajoPutumayo,7436.48,7107.21
2022-08-29,8,PT1H,MC-BajoPutumayo,8105.89,7925.61
2022-08-29,9,PT1H,MC-BajoPutumayo,9184.07,8986.47
2022-08-29,10,PT1H,MC-BajoPutumayo,9884.78,9732.32
2022-08-29,11,PT1H,MC-BajoPutumayo,10349.3,10266.68
2022-08-29,12,PT1H,MC-BajoPutumayo,10922.19,10754.82
2022-08-29,13,PT1H,MC-BajoPutumayo,10475.73,10599.49
2022-08-29,14,PT1H,MC-BajoPutumayo,10685.17,10647.46
2022-08-29,15,PT1H,MC-BajoPutumayo,11523.26,10915.18
2022-08-29,16,PT1H,MC-BajoPutumayo,11821.55,10968.19
2022-08-29,17,PT1H,MC-BajoPutumayo,12012.89,10774.82
2022-08-29,18,PT1H,MC-BajoPutumayo,11681.78,10659.06
2022-08-29,19,PT1H,MC-BajoPutumayo,12256.59,11591.79
2022-08-29,20,PT1H,MC-BajoPutumayo,12264.86,12252.32
2022-08-29,21,PT1H,MC-BajoPutumayo,11161.04,11522.52
2022-08-29,22,PT1H,MC-BajoPutumayo,9787.65,10343.93
2022-08-29,23,PT1H,MC-BajoPutumayo,8191.64,8754.57
2022-08-29,24,PT1H,MC-BajoPutumayo,7012.92,7487.16
2023-12-31,1,PT1H,MC-BajoPutumayo,8546.98,8516.5
2023-12-31,2,PT1H,MC-BajoPutumayo,7889.13,7995.33
2023-12-31,3,PT1H,MC-BajoPutumayo,7489.72,7601.08
2023-12-31,4,PT1H,MC-BajoPutumayo,7255.97,7383.65
2023-12-31,5,PT1H,MC-BajoPutumayo,7153.76,7264.79
2023-12-31,6,PT1H,MC-BajoPutumayo,7204.21,7231.9
2023-12-31,7,PT1H,MC-BajoPutumayo,7444.75,7399.05
2023-12-31,8,PT1H,MC-BajoPutumayo,8477.5,8277.47
2023-12-31,9,PT1H,MC-BajoPutumayo,9775.0,9377.06
2023-12-31,10,PT1H,MC-BajoPutumayo,10536.91,10136.48
2023-12-31,11,PT1H,MC-BajoPutumayo,10886.92,10721.41
2023-12-31,12,PT1H,MC-BajoPutumayo,11092.48,11208.66
2023-12-31,13,PT1H,MC-BajoPutumayo,11367.02,11468.15
2023-12-31,14,PT1H,MC-BajoPutumayo,11619.57,11330.59
2023-12-31,15,PT1H,MC-BajoPutumayo,11807.59,11416.74
2023-12-31,16,PT1H,MC-BajoPutumayo,11877.8,11395.96
2023-12-31,17,PT1H,MC-BajoPutumayo,11990.88,11230.3
2023-12-31,18,PT1H,MC-BajoPutumayo,11252.49,11265.08
2023-12-31,19,PT1H,MC-BajoPutumayo,12873.24,12591.94
2023-12-31,20,PT1H,MC-BajoPutumayo,13250.1,13018.55
2023-12-31,21,PT1H,MC-BajoPutumayo,12649.75,12593.46
2023-12-31,22,PT1H,MC-BajoPutumayo,11788.24,11492.32
2023-12-31,23,PT1H,MC-BajoPutumayo,10832.33,10204.57
2023-12-31,24,PT1H,MC-BajoPutumayo,9950.6,9002.36
2023-01-19,1,PT1H,MC-BajoPutumayo,7063.93,6785.25
2023-01-19,2,PT1H,MC-BajoPutumayo,6372.69,6368.16
2023-01-19,3,PT1H,MC-BajoPutumayo,6395.61,6056.52
2023-01-19,4,PT1H,MC-BajoPutumayo,6186.87,5919.34
2023-01-19,5,PT1H,MC-BajoPutumayo,6191.07,6063.84
2023-01-19,6,PT1H,MC-BajoPutumayo,6514.21,6288.25
2023-01-19,7,PT1H,MC-BajoPutumayo,7173.69,7112.21
2023-01-19,8,PT1H,MC-BajoPutumayo,8364.42,8030.07
2023-01-19,9,PT1H,MC-BajoPutumayo,9156.01,9033.83
2023-01-19,10,PT1H,MC-BajoPutumayo,9697.79,9592.09
2023-01-19,11,PT1H,MC-BajoPutumayo,10041.63,10225.82
2023-01-19,12,PT1H,MC-BajoPutumayo,10519.85,10631.37
2023-01-19,13,PT1H,MC-BajoPutumayo,10475.97,10475.76
2023-01-19,14,PT1H,MC-BajoPutumayo,10304.3,10614.49
2023-01-19,15,PT1H,MC-BajoPutumayo,10992.81,11410.49
2023-01-19,16,PT1H,MC-BajoPutumayo,11062.57,11436.68
2023-01-19,17,PT1H,MC-BajoPutumayo,10187.69,11402.05
2023-01-19,18,PT1H,MC-BajoPutumayo,9989.51,11247.56
2023-01-19,19,PT1H,MC-BajoPutumayo,11361.69,12365.63
2023-01-19,20,PT1H,MC-BajoPutumayo,10843.21,12378.73
2023-01-19,21,PT1H,MC-BajoPutumayo,10031.8,11533.02
2023-01-19,22,PT1H,MC-BajoPutumayo,8992.73,10380.54
2023-01-19,23,PT1H,MC-BajoPutumayo,7715.65,8916.63
2023-01-19,24,PT1H,MC-BajoPutumayo,7085.01,7700.66
2024-01-15,1,PT1H,MC-BajoPutumayo,8692.58,8046.03
2024-01-15,2,PT1H,MC-BajoPutumayo,8133.69,7553.41
2024-01-15,3,PT1H,MC-BajoPutumayo,7793.26,7257.62
2024-01-15,4,PT1H,MC-BajoPutumayo,7596.04,7198.46
2024-01-15,5,PT1H,MC-BajoPutumayo,7531.8,7239.62
2024-01-15,6,PT1H,MC-BajoPutumayo,7712.21,7696.08
2024-01-15,7,PT1H,MC-BajoPutumayo,7951.03,8376.91
2024-01-15,8,PT1H,MC-BajoPutumayo,8990.74,9436.53
2024-01-15,9,PT1H,MC-BajoPutumayo,10200.63,10660.32
2024-01-15,10,PT1H,MC-BajoPutumayo,11189.58,11408.1
2024-01-15,11,PT1H,MC-BajoPutumayo,12086.01,12110.54
2024-01-15,12,PT1H,MC-BajoPutumayo,12905.22,12632.09
2024-01-15,13,PT1H,MC-BajoPutumayo,12883.64,12088.93
2024-01-15,14,PT1H,MC-BajoPutumayo,12891.95,12434.06
2024-01-15,15,PT1H,MC-BajoPutumayo,13435.79,12958.37
2024-01-15,16,PT1H,MC-BajoPutumayo,13747.26,13189.08
2024-01-15,17,PT1H,MC-BajoPutumayo,13693.9,12981.72
2024-01-15,18,PT1H,MC-BajoPutumayo,13210.19,12807.17
2024-01-15,19,PT1H,MC-BajoPutumayo,13764.52,14241.87
2024-01-15,20,PT1H,MC-BajoPutumayo,14509.37,14941.47
2024-01-15,21,PT1H,MC-BajoPutumayo,13884.3,14165.18
2024-01-15,22,PT1H,MC-BajoPutumayo,12969.1,13008.3
2024-01-15,23,PT1H,MC-BajoPutumayo,11651.14,11184.07
2024-01-15,24,PT1H,MC-BajoPutumayo,10793.08,9640.34
2024-06-27,1,PT1H,MC-BajoPutumayo,7195.43,7131.0
2024-06-27,2,PT1H,MC-BajoPutumayo,6822.88,6722.0
2024-06-27,3,PT1H,MC-BajoPutumayo,6646.84,6602.1
2024-06-27,4,PT1H,MC-BajoPutumayo,6594.57,6459.2
2024-06-27,5,PT1H,MC-BajoPutumayo,6724.98,6477.1
2024-06-27,6,PT1H,MC-BajoPutumayo,7405.23,7166.8
2024-06-27,7,PT1H,MC-BajoPutumayo,8056.73,7904.7
2024-06-27,8,PT1H,MC-BajoPutumayo,8816.06,8675.4
2024-06-27,9,PT1H,MC-BajoPutumayo,9761.26,9463.3
2024-06-27,10,PT1H,MC-BajoPutumayo,10261.0,10057.8
2024-06-27,11,PT1H,MC-BajoPutumayo,10846.28,10507.2
2024-06-27,12,PT1H,MC-BajoPutumayo,11159.87,10711.2
2024-06-27,13,PT1H,MC-BajoPutumayo,10885.3,10759.9
2024-06-27,14,PT1H,MC-BajoPutumayo,11238.54,11017.3
2024-06-27,15,PT1H,MC-BajoPutumayo,12251.63,11673.3
2024-06-27,16,PT1H,MC-BajoPutumayo,12619.63,11819.1
2024-06-27,17,PT1H,MC-BajoPutumayo,12672.46,11916.4
2024-06-27,18,PT1H,MC-BajoPutumayo,12360.2,12046.0
2024-06-27,19,PT1H,MC-BajoPutumayo,13417.45,13275.5
2024-06-27,20,PT1H,MC-BajoPutumayo,13651.11,13429.1
2024-06-27,21,PT1H,MC-BajoPutumayo,12835.62,12583.0
2024-06-27,22,PT1H,MC-BajoPutumayo,11691.01,11315.1
2024-06-27,23,PT1H,MC-BajoPutumayo,9852.86,9621.5
2024-06-27,24,PT1H,MC-BajoPutumayo,8415.66,8311.1
2024-03-01,9,PT1H,MC-BajoPutumayo,10557.26,9543.98
2024-03-01,10,PT1H,MC-BajoPutumayo,11691.87,10622.2
2024-03-01,11,PT1H,MC-BajoPutumayo,12636.75,11401.96
2024-03-01,12,PT1H,MC-BajoPutumayo,13207.6,11975.79
2024-03-01,13,PT1H,MC-BajoPutumayo,12904.5,11936.35
2024-03-01,14,PT1H,MC-BajoPutumayo,13237.67,11686.69
2024-03-01,15,PT1H,MC-BajoPutumayo,13949.81,11865.45
2024-03-01,16,PT1H,MC-BajoPutumayo,14210.94,12121.52
2024-03-01,17,PT1H,MC-BajoPutumayo,13859.63,12070.98
2024-03-01,18,PT1H,MC-BajoPutumayo,13281.31,11975.35
2024-03-01,19,PT1H,MC-BajoPutumayo,13764.11,13088.85
2024-03-01,20,PT1H,MC-BajoPutumayo,14151.6,13658.27
2024-03-01,21,PT1H,MC-BajoPutumayo,13488.69,12972.12
2024-03-01,22,PT1H,MC-BajoPutumayo,12047.48,11871.16
2024-03-01,23,PT1H,MC-BajoPutumayo,10241.14,10621.47
2024-03-01,24,PT1H,MC-BajoPutumayo,8776.49,9368.32
2024-03-01,1,PT1H,MC-BajoPutumayo,8109.66,8198.89
2024-03-01,2,PT1H,MC-BajoPutumayo,7716.39,7396.41
2024-03-01,3,PT1H,MC-BajoPutumayo,7524.6,6982.66
2024-03-01,4,PT1H,MC-BajoPutumayo,7370.95,6833.33
2024-03-01,5,PT1H,MC-BajoPutumayo,7342.46,6870.63
2024-03-01,6,PT1H,MC-BajoPutumayo,7997.01,7051.15
2024-03-01,7,PT1H,MC-BajoPutumayo,8569.9,7397.93
2024-03-01,8,PT1H,MC-BajoPutumayo,9212.49,8144.14
2024-07-04,1,PT1H,MC-BajoPutumayo,6693.49,7249.2
2024-07-04,2,PT1H,MC-BajoPutumayo,6421.9,6804.5
2024-07-04,3,PT1H,MC-BajoPutumayo,6181.98,6683.3
2024-07-04,4,PT1H,MC-BajoPutumayo,6146.54,6540.2
2024-07-04,5,PT1H,MC-BajoPutumayo,6250.73,6563.3
2024-07-04,6,PT1H,MC-BajoPutumayo,6568.56,7136.7
2024-07-04,7,PT1H,MC-BajoPutumayo,7224.67,7859.0
2024-07-04,8,PT1H,MC-BajoPutumayo,8579.99,8834.2
2024-07-04,9,PT1H,MC-BajoPutumayo,9510.58,9789.6
2024-07-04,10,PT1H,MC-BajoPutumayo,9970.25,10473.4
2024-07-04,11,PT1H,MC-BajoPutumayo,10667.93,10991.4
2024-07-04,12,PT1H,MC-BajoPutumayo,11128.04,11262.6
2024-07-04,13,PT1H,MC-BajoPutumayo,10955.45,10974.7
2024-07-04,14,PT1H,MC-BajoPutumayo,11429.01,11099.8
2024-07-04,15,PT1H,MC-BajoPutumayo,12343.7,11753.1
2024-07-04,16,PT1H,MC-BajoPutumayo,12646.78,11865.7
2024-07-04,17,PT1H,MC-BajoPutumayo,12439.66,11972.6
2024-07-04,18,PT1H,MC-BajoPutumayo,12178.08,12070.9
2024-07-04,19,PT1H,MC-BajoPutumayo,13368.51,13188.6
2024-07-04,20,PT1H,MC-BajoPutumayo,13460.21,13258.9
2024-07-04,21,PT1H,MC-BajoPutumayo,12765.62,12357.0
2024-07-04,22,PT1H,MC-BajoPutumayo,11406.28,11012.1
2024-07-04,23,PT1H,MC-BajoPutumayo,9706.48,9446.3
2024-07-04,24,PT1H,MC-BajoPutumayo,8335.29,8193.9
2022-11-05,1,PT1H,MC-BajoPutumayo,6506.63,8375.65
2022-11-05,2,PT1H,MC-BajoPutumayo,6112.32,7783.64
2022-11-05,3,PT1H,MC-BajoPutumayo,5868.73,7381.77
2022-11-05,4,PT1H,MC-BajoPutumayo,5736.75,7144.41
2022-11-05,5,PT1H,MC-BajoPutumayo,5719.18,7198.14
2022-11-05,6,PT1H,MC-BajoPutumayo,6018.21,7280.0
2022-11-05,7,PT1H,MC-BajoPutumayo,6694.42,7367.54
2022-11-05,8,PT1H,MC-BajoPutumayo,7881.53,8537.16
2022-11-05,9,PT1H,MC-BajoPutumayo,9258.03,9709.83
2022-11-05,10,PT1H,MC-BajoPutumayo,10277.22,10702.61
2022-11-05,11,PT1H,MC-BajoPutumayo,10810.35,11218.66
2022-11-05,12,PT1H,MC-BajoPutumayo,11481.32,11690.16
2022-11-05,13,PT1H,MC-BajoPutumayo,11470.17,11476.53
2022-11-05,14,PT1H,MC-BajoPutumayo,11522.52,11480.78
2022-11-05,15,PT1H,MC-BajoPutumayo,11713.47,11881.07
2022-11-05,16,PT1H,MC-BajoPutumayo,11821.87,12035.76
2022-11-05,17,PT1H,MC-BajoPutumayo,11754.44,11742.83
2022-11-05,18,PT1H,MC-BajoPutumayo,11745.63,12104.63
2022-11-05,19,PT1H,MC-BajoPutumayo,13185.37,13323.79
2022-11-05,20,PT1H,MC-BajoPutumayo,13116.93,13362.24
2022-11-05,21,PT1H,MC-BajoPutumayo,12189.57,12743.3
2022-11-05,22,PT1H,MC-BajoPutumayo,11043.66,11864.14
2022-11-05,23,PT1H,MC-BajoPutumayo,9648.05,10182.43
2022-11-05,24,PT1H,MC-BajoPutumayo,8565.98,9045.32
2025-07-07,1,PT1H,MC-BajoPutumayo,7989.66,8098.2
2025-07-07,2,PT1H,MC-BajoPutumayo,7485.63,7568.8
2025-07-07,3,PT1H,MC-BajoPutumayo,7172.19,7235.8
2025-07-07,4,PT1H,MC-BajoPutumayo,6986.75,7028.2
2025-07-07,5,PT1H,MC-BajoPutumayo,6961.95,6996.9
2025-07-07,6,PT1H,MC-BajoPutumayo,7523.5,7488.5
2025-07-07,7,PT1H,MC-BajoPutumayo,8181.03,8038.2
2025-07-07,8,PT1H,MC-BajoPutumayo,8744.64,8750.7
2025-07-07,9,PT1H,MC-BajoPutumayo,9470.38,9969.8
2025-07-07,10,PT1H,MC-BajoPutumayo,10023.17,10726.6
2025-07-07,11,PT1H,MC-BajoPutumayo,10335.42,11603.7
2025-07-07,12,PT1H,MC-BajoPutumayo,10549.96,12330.9
2025-07-07,13,PT1H,MC-BajoPutumayo,10255.12,12104.2
2025-07-07,14,PT1H,MC-BajoPutumayo,10264.78,12143.6
2025-07-07,15,PT1H,MC-BajoPutumayo,11030.58,12212.7
2025-07-07,16,PT1H,MC-BajoPutumayo,11432.74,12409.9
2025-07-07,17,PT1H,MC-BajoPutumayo,11405.16,12220.7
2025-07-07,18,PT1H,MC-BajoPutumayo,11379.1,12038.1
2025-07-07,19,PT1H,MC-BajoPutumayo,12745.92,13286.2
2025-07-07,20,PT1H,MC-BajoPutumayo,13392.24,13886.3
2025-07-07,21,PT1H,MC-BajoPutumayo,12612.98,13309.6
2025-07-07,22,PT1H,MC-BajoPutumayo,11337.49,11909.0
2025-07-07,23,PT1H,MC-BajoPutumayo,9434.63,10193.1
2025-07-07,24,PT1H,MC-BajoPutumayo,8176.17,8803.7
2025-12-26,1,PT1H,MC-BajoPutumayo,9082.35,9406.7
2025-12-26,2,PT1H,MC-BajoPutumayo,8725.04,8853.7
2025-12-26,3,PT1H,MC-BajoPutumayo,8407.2,8545.3
2025-12-26,4,PT1H,MC-BajoPutumayo,8246.57,8254.9
2025-12-26,5,PT1H,MC-BajoPutumayo,8105.2,8300.8
2025-12-26,6,PT1H,MC-BajoPutumayo,7974.34,8591.5
2025-12-26,7,PT1H,MC-BajoPutumayo,8977.84,9168.9
2025-12-26,8,PT1H,MC-BajoPutumayo,10240.36,10492.4
2025-12-26,9,PT1H,MC-BajoPutumayo,12393.23,11975.1
2025-12-26,10,PT1H,MC-BajoPutumayo,12641.51,12266.0
2025-12-26,11,PT1H,MC-BajoPutumayo,13418.67,13146.0
2025-12-26,12,PT1H,MC-BajoPutumayo,14070.33,13615.2
2025-12-26,13,PT1H,MC-BajoPutumayo,13801.81,13324.8
2025-12-26,14,PT1H,MC-BajoPutumayo,14275.69,13596.3
2025-12-26,15,PT1H,MC-BajoPutumayo,15034.57,14270.8
2025-12-26,16,PT1H,MC-BajoPutumayo,15200.77,14232.0
2025-12-26,17,PT1H,MC-BajoPutumayo,15471.91,14227.8
2025-12-26,18,PT1H,MC-BajoPutumayo,14296.59,14457.0
2025-12-26,19,PT1H,MC-BajoPutumayo,16542.66,15609.9
2025-12-26,20,PT1H,MC-BajoPutumayo,16028.9,15580.4
2025-12-26,21,PT1H,MC-BajoPutumayo,14817.66,14707.0
2025-12-26,22,PT1H,MC-BajoPutumayo,13218.58,13027.4
2025-12-26,23,PT1H,MC-BajoPutumayo,11656.43,11496.4
2025-12-26,24,PT1H,MC-BajoPutumayo,10579.38,10134.5
2022-07-10,1,PT1H,MC-BajoPutumayo,8240.34,6660.73
2022-07-10,2,PT1H,MC-BajoPutumayo,7595.61,6243.36
2022-07-10,3,PT1H,MC-BajoPutumayo,6426.07,6020.74
2022-07-10,4,PT1H,MC-BajoPutumayo,5873.6,5853.07
2022-07-10,5,PT1H,MC-BajoPutumayo,5539.28,5782.66
2022-07-10,6,PT1H,MC-BajoPutumayo,5555.65,5866.12
2022-07-10,7,PT1H,MC-BajoPutumayo,5672.57,6111.02
2022-07-10,8,PT1H,MC-BajoPutumayo,6569.98,7134.24
2022-07-10,9,PT1H,MC-BajoPutumayo,8241.18,8121.65
2022-07-10,10,PT1H,MC-BajoPutumayo,8841.66,8858.36
2022-07-10,11,PT1H,MC-BajoPutumayo,9351.5,9332.41
2022-07-10,12,PT1H,MC-BajoPutumayo,9700.75,9770.78
2022-07-10,13,PT1H,MC-BajoPutumayo,9715.5,9901.49
2022-07-10,14,PT1H,MC-BajoPutumayo,9727.66,9867.07
2022-07-10,15,PT1H,MC-BajoPutumayo,9821.24,9637.51
2022-07-10,16,PT1H,MC-BajoPutumayo,9719.22,9716.32
2022-07-10,17,PT1H,MC-BajoPutumayo,9958.74,9834.62
2022-07-10,18,PT1H,MC-BajoPutumayo,10223.23,9937.37
2022-07-10,19,PT1H,MC-BajoPutumayo,10559.06,11016.12
2022-07-10,20,PT1H,MC-BajoPutumayo,10556.17,11428.85
2022-07-10,21,PT1H,MC-BajoPutumayo,9872.58,11169.68
2022-07-10,22,PT1H,MC-BajoPutumayo,9007.99,10284.67
2022-07-10,23,PT1H,MC-BajoPutumayo,7791.55,9107.96
2022-07-10,24,PT1H,MC-BajoPutumayo,6731.33,7954.32
2024-05-17,1,PT1H,MC-BajoPutumayo,7393.01,8466.13
2024-05-17,2,PT1H,MC-BajoPutumayo,6960.65,7938.88
2024-05-17,3,PT1H,MC-BajoPutumayo,6788.44,7623.13
2024-05-17,4,PT1H,MC-BajoPutumayo,6672.92,7423.18
2024-05-17,5,PT1H,MC-BajoPutumayo,6761.36,7390.36
2024-05-17,6,PT1H,MC-BajoPutumayo,7295.66,7772.2
2024-05-17,7,PT1H,MC-BajoPutumayo,7832.27,8292.04
2024-05-17,8,PT1H,MC-BajoPutumayo,8859.22,9094.74
2024-05-17,9,PT1H,MC-BajoPutumayo,10409.92,10149.95
2024-05-17,10,PT1H,MC-BajoPutumayo,11260.32,10763.99
2024-05-17,11,PT1H,MC-BajoPutumayo,12226.25,11327.38
2024-05-17,12,PT1H,MC-BajoPutumayo,12996.17,11873.43
2024-05-17,13,PT1H,MC-BajoPutumayo,12606.75,11621.69
2024-05-17,14,PT1H,MC-BajoPutumayo,12933.99,12433.42
2024-05-17,15,PT1H,MC-BajoPutumayo,13730.34,13017.48
2024-05-17,16,PT1H,MC-BajoPutumayo,13921.44,13225.36
2024-05-17,17,PT1H,MC-BajoPutumayo,13775.78,13443.14
2024-05-17,18,PT1H,MC-BajoPutumayo,12574.09,13443.14
2024-05-17,19,PT1H,MC-BajoPutumayo,12593.77,13517.23
2024-05-17,20,PT1H,MC-BajoPutumayo,12340.12,13449.12
2024-05-17,21,PT1H,MC-BajoPutumayo,13027.53,12553.74
2024-05-17,22,PT1H,MC-BajoPutumayo,11973.42,11449.67
2024-05-17,23,PT1H,MC-BajoPutumayo,10308.32,10031.81
2024-05-17,24,PT1H,MC-BajoPutumayo,9147.13,8728.01
2022-02-10,1,PT1H,MC-BajoPutumayo,7153.83,6842.94
2022-02-10,2,PT1H,MC-BajoPutumayo,5892.24,6447.15
2022-02-10,3,PT1H,MC-BajoPutumayo,6014.69,6301.71
2022-02-10,4,PT1H,MC-BajoPutumayo,6187.14,6034.32
2022-02-10,5,PT1H,MC-BajoPutumayo,6125.52,6148.71
2022-02-10,6,PT1H,MC-BajoPutumayo,6409.43,6718.02
2022-02-10,7,PT1H,MC-BajoPutumayo,7514.14,6759.61
2022-02-10,8,PT1H,MC-BajoPutumayo,7953.65,7571.5
2022-02-10,9,PT1H,MC-BajoPutumayo,8822.63,8288.04
2022-02-10,10,PT1H,MC-BajoPutumayo,9546.06,9336.97
2022-02-10,11,PT1H,MC-BajoPutumayo,10596.93,11117.42
2022-02-10,12,PT1H,MC-BajoPutumayo,8634.35,11520.84
2022-02-10,13,PT1H,MC-BajoPutumayo,8799.1,11173.1
2022-02-10,14,PT1H,MC-BajoPutumayo,10948.7,10982.89
2022-02-10,15,PT1H,MC-BajoPutumayo,11779.93,11383.17
2022-02-10,16,PT1H,MC-BajoPutumayo,12025.53,11725.25
2022-02-10,17,PT1H,MC-BajoPutumayo,12099.92,11333.65
2022-02-10,18,PT1H,MC-BajoPutumayo,11671.05,11003.53
2022-02-10,19,PT1H,MC-BajoPutumayo,12323.74,12497.38
2022-02-10,20,PT1H,MC-BajoPutumayo,13116.03,13430.79
2022-02-10,21,PT1H,MC-BajoPutumayo,12404.97,12706.66
2022-02-10,22,PT1H,MC-BajoPutumayo,11267.75,11572.55
2022-02-10,23,PT1H,MC-BajoPutumayo,9719.9,9972.97
2022-02-10,24,PT1H,MC-BajoPutumayo,8180.61,8275.35
2025-04-28,1,PT1H,MC-BajoPutumayo,8160.67,7795.8
2025-04-28,2,PT1H,MC-BajoPutumayo,7696.66,7436.6
2025-04-28,3,PT1H,MC-BajoPutumayo,7388.43,7161.0
2025-04-28,4,PT1H,MC-BajoPutumayo,7189.03,7057.8
2025-04-28,5,PT1H,MC-BajoPutumayo,6545.91,7148.7
2025-04-28,6,PT1H,MC-BajoPutumayo,6644.83,7697.9
2025-04-28,7,PT1H,MC-BajoPutumayo,7298.95,8381.0
2025-04-28,8,PT1H,MC-BajoPutumayo,8363.45,9206.5
2025-04-28,9,PT1H,MC-BajoPutumayo,10135.71,10193.2
2025-04-28,10,PT1H,MC-BajoPutumayo,10619.88,10874.5
2025-04-28,11,PT1H,MC-BajoPutumayo,10487.29,11139.6
2025-04-28,12,PT1H,MC-BajoPutumayo,10909.82,11347.5
2025-04-28,13,PT1H,MC-BajoPutumayo,10638.56,11301.4
2025-04-28,14,PT1H,MC-BajoPutumayo,10720.89,11661.7
2025-04-28,15,PT1H,MC-BajoPutumayo,11963.85,12478.2
2025-04-28,16,PT1H,MC-BajoPutumayo,12256.59,12632.7
2025-04-28,17,PT1H,MC-BajoPutumayo,12185.15,12472.2
2025-04-28,18,PT1H,MC-BajoPutumayo,12131.0,12334.2
2025-04-28,19,PT1H,MC-BajoPutumayo,13451.45,13268.3
2025-04-28,20,PT1H,MC-BajoPutumayo,13872.03,13808.6
2025-04-28,21,PT1H,MC-BajoPutumayo,13017.1,12892.3
2025-04-28,22,PT1H,MC-BajoPutumayo,11796.16,11710.9
2025-04-28,23,PT1H,MC-BajoPutumayo,9990.8,9895.3
2025-04-28,24,PT1H,MC-BajoPutumayo,8648.62,8669.4
2023-05-30,1,PT1H,MC-BajoPutumayo,7515.53,7531.08
2023-05-30,2,PT1H,MC-BajoPutumayo,7075.31,7109.09
2023-05-30,3,PT1H,MC-BajoPutumayo,6802.57,6911.8
2023-05-30,4,PT1H,MC-BajoPutumayo,6687.09,6797.16
2023-05-30,5,PT1H,MC-BajoPutumayo,6705.18,6727.17
2023-05-30,6,PT1H,MC-BajoPutumayo,7333.07,7095.48
2023-05-30,7,PT1H,MC-BajoPutumayo,7901.03,7746.37
2023-05-30,8,PT1H,MC-BajoPutumayo,8666.44,8559.25
2023-05-30,9,PT1H,MC-BajoPutumayo,9942.53,9668.21
2023-05-30,10,PT1H,MC-BajoPutumayo,10869.64,10306.34
2023-05-30,11,PT1H,MC-BajoPutumayo,11762.0,10936.69
2023-05-30,12,PT1H,MC-BajoPutumayo,12264.0,11365.33
2023-05-30,13,PT1H,MC-BajoPutumayo,12182.53,11157.43
2023-05-30,14,PT1H,MC-BajoPutumayo,12523.1,11153.04
2023-05-30,15,PT1H,MC-BajoPutumayo,13379.86,11760.48
2023-05-30,16,PT1H,MC-BajoPutumayo,13655.82,11957.3
2023-05-30,17,PT1H,MC-BajoPutumayo,13625.05,11981.38
2023-05-30,18,PT1H,MC-BajoPutumayo,13284.93,11664.28
2023-05-30,19,PT1H,MC-BajoPutumayo,14308.52,12658.9
2023-05-30,20,PT1H,MC-BajoPutumayo,14505.1,13355.76
2023-05-30,21,PT1H,MC-BajoPutumayo,13642.43,12731.64
2023-05-30,22,PT1H,MC-BajoPutumayo,12494.69,11439.28
2023-05-30,23,PT1H,MC-BajoPutumayo,10413.8,9730.18
2023-05-30,24,PT1H,MC-BajoPutumayo,8726.12,8451.23
2023-08-01,1,PT1H,MC-BajoPutumayo,6855.5,6452.37
2023-08-01,2,PT1H,MC-BajoPutumayo,6448.91,6093.35
2023-08-01,3,PT1H,MC-BajoPutumayo,6259.33,6004.42
2023-08-01,4,PT1H,MC-BajoPutumayo,6123.88,5992.14
2023-08-01,5,PT1H,MC-BajoPutumayo,6193.06,6219.14
2023-08-01,6,PT1H,MC-BajoPutumayo,6779.52,7137.08
2023-08-01,7,PT1H,MC-BajoPutumayo,7538.7,8190.87
2023-08-01,8,PT1H,MC-BajoPutumayo,8115.29,8518.53
2023-08-01,9,PT1H,MC-BajoPutumayo,8923.59,9177.09
2023-08-01,10,PT1H,MC-BajoPutumayo,9389.07,9682.46
2023-08-01,11,PT1H,MC-BajoPutumayo,9801.13,10358.33
2023-08-01,12,PT1H,MC-BajoPutumayo,10110.67,10735.06
2023-08-01,13,PT1H,MC-BajoPutumayo,9904.7,10398.09
2023-08-01,14,PT1H,MC-BajoPutumayo,9968.45,10363.25
2023-08-01,15,PT1H,MC-BajoPutumayo,10566.76,10695.25
2023-08-01,16,PT1H,MC-BajoPutumayo,10625.98,10596.71
2023-08-01,17,PT1H,MC-BajoPutumayo,10807.35,10799.24
2023-08-01,18,PT1H,MC-BajoPutumayo,10817.95,10708.75
2023-08-01,19,PT1H,MC-BajoPutumayo,11733.62,12073.23
2023-08-01,20,PT1H,MC-BajoPutumayo,12207.78,13172.51
2023-08-01,21,PT1H,MC-BajoPutumayo,11542.1,12510.22
2023-08-01,22,PT1H,MC-BajoPutumayo,10247.11,10975.34
2023-08-01,23,PT1H,MC-BajoPutumayo,8597.04,9087.36
2023-08-01,24,PT1H,MC-BajoPutumayo,7344.51,7605.23
2025-10-17,1,PT1H,MC-BajoPutumayo,15451.66,15919.9
2025-10-17,2,PT1H,MC-BajoPutumayo,14689.34,14934.6
2025-10-17,3,PT1H,MC-BajoPutumayo,14170.18,14291.3
2025-10-17,4,PT1H,MC-BajoPutumayo,13903.6,13931.2
2025-10-17,5,PT1H,MC-BajoPutumayo,14083.86,14012.8
2025-10-17,6,PT1H,MC-BajoPutumayo,15514.5,14748.0
2025-10-17,7,PT1H,MC-BajoPutumayo,17074.76,16479.2
2025-10-17,8,PT1H,MC-BajoPutumayo,18886.32,17580.7
2025-10-17,9,PT1H,MC-BajoPutumayo,18421.88,19237.3
2025-10-17,10,PT1H,MC-BajoPutumayo,19671.34,20362.2
2025-10-17,11,PT1H,MC-BajoPutumayo,20669.42,21776.5
2025-10-17,12,PT1H,MC-BajoPutumayo,23161.24,23047.9
2025-10-17,13,PT1H,MC-BajoPutumayo,25302.8,22727.6
2025-10-17,14,PT1H,MC-BajoPutumayo,26582.36,23211.4
2025-10-17,15,PT1H,MC-BajoPutumayo,28809.3,25321.9
2025-10-17,16,PT1H,MC-BajoPutumayo,28873.52,26095.9
2025-10-17,17,PT1H,MC-BajoPutumayo,28508.3,26013.3
2025-10-17,18,PT1H,MC-BajoPutumayo,28820.16,25626.1
2025-10-17,19,PT1H,MC-BajoPutumayo,31681.66,28077.2
2025-10-17,20,PT1H,MC-BajoPutumayo,30862.34,28202.3
2025-10-17,21,PT1H,MC-BajoPutumayo,28917.24,26386.9
2025-10-17,22,PT1H,MC-BajoPutumayo,26151.16,23998.3
2025-10-17,23,PT1H,MC-BajoPutumayo,22587.48,20638.0
2025-10-17,24,PT1H,MC-BajoPutumayo,19786.06,18110.1
2022-07-12,1,PT1H,MC-BajoPutumayo,5507.41,6452.95
2022-07-12,2,PT1H,MC-BajoPutumayo,5226.12,6079.77
2022-07-12,3,PT1H,MC-BajoPutumayo,4978.02,5883.41
2022-07-12,4,PT1H,MC-BajoPutumayo,4874.53,5805.55
2022-07-12,5,PT1H,MC-BajoPutumayo,4740.43,6022.49
2022-07-12,6,PT1H,MC-BajoPutumayo,5187.78,6480.76
2022-07-12,7,PT1H,MC-BajoPutumayo,5502.41,6969.41
2022-07-12,8,PT1H,MC-BajoPutumayo,7528.86,8095.62
2022-07-12,9,PT1H,MC-BajoPutumayo,8375.55,9362.83
2022-07-12,10,PT1H,MC-BajoPutumayo,8935.93,9955.8
2022-07-12,11,PT1H,MC-BajoPutumayo,9894.02,10707.54
2022-07-12,12,PT1H,MC-BajoPutumayo,10724.39,11170.91
2022-07-12,13,PT1H,MC-BajoPutumayo,10295.91,10953.96
2022-07-12,14,PT1H,MC-BajoPutumayo,10170.22,11084.13
2022-07-12,15,PT1H,MC-BajoPutumayo,9598.99,11574.78
2022-07-12,16,PT1H,MC-BajoPutumayo,9683.97,11681.55
2022-07-12,17,PT1H,MC-BajoPutumayo,9776.44,11995.64
2022-07-12,18,PT1H,MC-BajoPutumayo,9964.22,11526.04
2022-07-12,19,PT1H,MC-BajoPutumayo,10962.98,12269.58
2022-07-12,20,PT1H,MC-BajoPutumayo,11364.76,12683.84
2022-07-12,21,PT1H,MC-BajoPutumayo,10693.53,12020.16
2022-07-12,22,PT1H,MC-BajoPutumayo,9682.61,10796.18
2022-07-12,23,PT1H,MC-BajoPutumayo,8214.31,9218.37
2022-07-12,24,PT1H,MC-BajoPutumayo,6849.57,7731.73
2022-10-08,1,PT1H,MC-BajoPutumayo,7820.3,7362.63
2022-10-08,2,PT1H,MC-BajoPutumayo,7309.33,6920.43
2022-10-08,3,PT1H,MC-BajoPutumayo,6978.25,6486.88
2022-10-08,4,PT1H,MC-BajoPutumayo,6872.97,6216.21
2022-10-08,5,PT1H,MC-BajoPutumayo,6850.02,5980.23
2022-10-08,6,PT1H,MC-BajoPutumayo,6721.05,6134.53
2022-10-08,7,PT1H,MC-BajoPutumayo,7207.09,6477.36
2022-10-08,8,PT1H,MC-BajoPutumayo,8648.41,7573.16
2022-10-08,9,PT1H,MC-BajoPutumayo,9271.13,9172.95
2022-10-08,10,PT1H,MC-BajoPutumayo,10484.45,9992.14
2022-10-08,11,PT1H,MC-BajoPutumayo,11131.21,10568.83
2022-10-08,12,PT1H,MC-BajoPutumayo,12326.02,10943.18
2022-10-08,13,PT1H,MC-BajoPutumayo,11551.09,10740.64
2022-10-08,14,PT1H,MC-BajoPutumayo,9553.41,10401.79
2022-10-08,15,PT1H,MC-BajoPutumayo,11585.44,10576.9
2022-10-08,16,PT1H,MC-BajoPutumayo,11755.01,10651.52
2022-10-08,17,PT1H,MC-BajoPutumayo,11248.12,10656.09
2022-10-08,18,PT1H,MC-BajoPutumayo,12057.25,10723.06
2022-10-08,19,PT1H,MC-BajoPutumayo,12536.23,12128.17
2022-10-08,20,PT1H,MC-BajoPutumayo,12799.16,12191.45
2022-10-08,21,PT1H,MC-BajoPutumayo,11777.9,11389.76
2022-10-08,22,PT1H,MC-BajoPutumayo,9998.97,10249.85
2022-10-08,23,PT1H,MC-BajoPutumayo,8248.45,9002.03
2022-10-08,24,PT1H,MC-BajoPutumayo,8656.05,8002.3
2023-10-29,1,PT1H,MC-BajoPutumayo,9493.45,7764.88
2023-10-29,2,PT1H,MC-BajoPutumayo,9004.42,7309.39
2023-10-29,3,PT1H,MC-BajoPutumayo,8671.55,6968.31
2023-10-29,4,PT1H,MC-BajoPutumayo,8423.47,6736.19
2023-10-29,5,PT1H,MC-BajoPutumayo,8223.23,6585.1
2023-10-29,6,PT1H,MC-BajoPutumayo,8325.76,6519.88
2023-10-29,7,PT1H,MC-BajoPutumayo,8573.76,6643.62
2023-10-29,8,PT1H,MC-BajoPutumayo,9017.28,7434.41
2023-10-29,9,PT1H,MC-BajoPutumayo,9733.31,8256.07
2023-10-29,10,PT1H,MC-BajoPutumayo,10157.4,8932.31
2023-10-29,11,PT1H,MC-BajoPutumayo,10401.2,9641.65
2023-10-29,12,PT1H,MC-BajoPutumayo,10838.69,10162.86
2023-10-29,13,PT1H,MC-BajoPutumayo,11189.73,10465.45
2023-10-29,14,PT1H,MC-BajoPutumayo,11144.0,10558.21
2023-10-29,15,PT1H,MC-BajoPutumayo,10990.26,10509.1
2023-10-29,16,PT1H,MC-BajoPutumayo,10985.27,10422.22
2023-10-29,17,PT1H,MC-BajoPutumayo,11106.47,10396.97
2023-10-29,18,PT1H,MC-BajoPutumayo,10906.83,10443.07
2023-10-29,19,PT1H,MC-BajoPutumayo,11988.98,11900.98
2023-10-29,20,PT1H,MC-BajoPutumayo,11791.93,11396.85
2023-10-29,21,PT1H,MC-BajoPutumayo,11183.92,10970.33
2023-10-29,22,PT1H,MC-BajoPutumayo,10301.84,10309.49
2023-10-29,23,PT1H,MC-BajoPutumayo,9225.77,9463.01
2023-10-29,24,PT1H,MC-BajoPutumayo,8166.2,8435.44
2025-03-29,1,PT1H,MC-BajoPutumayo,7726.99,7906.1
2025-03-29,2,PT1H,MC-BajoPutumayo,7016.29,7387.8
2025-03-29,3,PT1H,MC-BajoPutumayo,6643.23,7082.4
2025-03-29,4,PT1H,MC-BajoPutumayo,6647.64,6888.8
2025-03-29,5,PT1H,MC-BajoPutumayo,6881.92,6813.0
2025-03-29,6,PT1H,MC-BajoPutumayo,7116.48,6993.8
2025-03-29,7,PT1H,MC-BajoPutumayo,7582.61,7376.6
2025-03-29,8,PT1H,MC-BajoPutumayo,8506.01,8360.1
2025-03-29,9,PT1H,MC-BajoPutumayo,9891.15,9536.3
2025-03-29,10,PT1H,MC-BajoPutumayo,10984.21,10343.0
2025-03-29,11,PT1H,MC-BajoPutumayo,12021.93,10956.6
2025-03-29,12,PT1H,MC-BajoPutumayo,12583.28,11271.6
2025-03-29,13,PT1H,MC-BajoPutumayo,12736.07,11024.4
2025-03-29,14,PT1H,MC-BajoPutumayo,12668.67,10862.0
2025-03-29,15,PT1H,MC-BajoPutumayo,12999.46,10957.6
2025-03-29,16,PT1H,MC-BajoPutumayo,13114.74,11057.1
2025-03-29,17,PT1H,MC-BajoPutumayo,12939.1,11175.2
2025-03-29,18,PT1H,MC-BajoPutumayo,12819.23,11340.9
2025-03-29,19,PT1H,MC-BajoPutumayo,14054.28,12579.3
2025-03-29,20,PT1H,MC-BajoPutumayo,14462.53,12973.3
2025-03-29,21,PT1H,MC-BajoPutumayo,13558.98,12187.9
2025-03-29,22,PT1H,MC-BajoPutumayo,12573.09,11224.7
2025-03-29,23,PT1H,MC-BajoPutumayo,11286.34,10004.5
2025-03-29,24,PT1H,MC-BajoPutumayo,9822.63,8939.8
2026-02-20,1,PT1H,MC-BajoPutumayo,7338.62,7740.5
2026-02-20,2,PT1H,MC-BajoPutumayo,7073.94,7334.1
2026-02-20,3,PT1H,MC-BajoPutumayo,6910.24,7161.1
2026-02-20,4,PT1H,MC-BajoPutumayo,6891.99,7099.4
2026-02-20,5,PT1H,MC-BajoPutumayo,7190.86,7314.2
2026-02-20,6,PT1H,MC-BajoPutumayo,8157.58,8079.7
2026-02-20,7,PT1H,MC-BajoPutumayo,8529.07,8612.3
2026-02-20,8,PT1H,MC-BajoPutumayo,9698.51,9669.5
2026-02-20,9,PT1H,MC-BajoPutumayo,10809.24,10496.7
2026-02-20,10,PT1H,MC-BajoPutumayo,11348.61,11090.8
2026-02-20,11,PT1H,MC-BajoPutumayo,12036.71,11695.8
2026-02-20,12,PT1H,MC-BajoPutumayo,12396.67,12070.9
2026-02-20,13,PT1H,MC-BajoPutumayo,11878.17,11945.3
2026-02-20,14,PT1H,MC-BajoPutumayo,12395.4,12401.3
2026-02-20,15,PT1H,MC-BajoPutumayo,13150.04,12995.1
2026-02-20,16,PT1H,MC-BajoPutumayo,13236.07,13255.3
2026-02-20,17,PT1H,MC-BajoPutumayo,13250.46,13142.3
2026-02-20,18,PT1H,MC-BajoPutumayo,13206.74,13137.4
2026-02-20,19,PT1H,MC-BajoPutumayo,14821.87,14642.7
2026-02-20,20,PT1H,MC-BajoPutumayo,14608.18,14420.9
2026-02-20,21,PT1H,MC-BajoPutumayo,13561.33,13298.8
2026-02-20,22,PT1H,MC-BajoPutumayo,12081.19,11807.1
2026-02-20,23,PT1H,MC-BajoPutumayo,10407.15,10323.6
2026-02-20,24,PT1H,MC-BajoPutumayo,8980.37,9061.6
2022-06-19,1,PT1H,MC-BajoPutumayo,6371.27,6531.33
2022-06-19,2,PT1H,MC-BajoPutumayo,6012.89,6136.84
2022-06-19,3,PT1H,MC-BajoPutumayo,5878.65,5875.17
2022-06-19,4,PT1H,MC-BajoPutumayo,5817.68,5756.33
2022-06-19,5,PT1H,MC-BajoPutumayo,5840.44,5622.84
2022-06-19,6,PT1H,MC-BajoPutumayo,5949.84,5744.17
2022-06-19,7,PT1H,MC-BajoPutumayo,6208.21,6135.2
2022-06-19,8,PT1H,MC-BajoPutumayo,7449.77,6986.32
2022-06-19,9,PT1H,MC-BajoPutumayo,8496.22,7891.22
2022-06-19,10,PT1H,MC-BajoPutumayo,9017.97,8731.32
2022-06-19,11,PT1H,MC-BajoPutumayo,9452.97,9201.18
2022-06-19,12,PT1H,MC-BajoPutumayo,9926.39,9567.92
2022-06-19,13,PT1H,MC-BajoPutumayo,10134.43,9602.14
2022-06-19,14,PT1H,MC-BajoPutumayo,10170.55,9511.6
2022-06-19,15,PT1H,MC-BajoPutumayo,10238.3,9170.41
2022-06-19,16,PT1H,MC-BajoPutumayo,10294.44,9323.45
2022-06-19,17,PT1H,MC-BajoPutumayo,10345.14,9220.1
2022-06-19,18,PT1H,MC-BajoPutumayo,10272.14,9030.05
2022-06-19,19,PT1H,MC-BajoPutumayo,11228.1,10712.6
2022-06-19,20,PT1H,MC-BajoPutumayo,11361.09,11372.08
2022-06-19,21,PT1H,MC-BajoPutumayo,11455.94,10826.93
2022-06-19,22,PT1H,MC-BajoPutumayo,10409.9,9866.91
2022-06-19,23,PT1H,MC-BajoPutumayo,9262.29,8419.22
2022-06-19,24,PT1H,MC-BajoPutumayo,8054.55,7419.55
2022-02-03,1,PT1H,MC-BajoPutumayo,7513.23,7761.47
2022-02-03,2,PT1H,MC-BajoPutumayo,7058.51,7251.21
2022-02-03,3,PT1H,MC-BajoPutumayo,6829.54,7060.22
2022-02-03,4,PT1H,MC-BajoPutumayo,6739.91,7232.85
2022-02-03,5,PT1H,MC-BajoPutumayo,6917.47,7212.76
2022-02-03,6,PT1H,MC-BajoPutumayo,7343.07,7191.39
2022-02-03,7,PT1H,MC-BajoPutumayo,7920.86,7349.09
2022-02-03,8,PT1H,MC-BajoPutumayo,8393.78,8389.61
2022-02-03,9,PT1H,MC-BajoPutumayo,9310.11,9427.68
2022-02-03,10,PT1H,MC-BajoPutumayo,10221.07,10105.61
2022-02-03,11,PT1H,MC-BajoPutumayo,10609.31,10911.93
2022-02-03,12,PT1H,MC-BajoPutumayo,10954.18,11524.37
2022-02-03,13,PT1H,MC-BajoPutumayo,10768.95,11365.24
2022-02-03,14,PT1H,MC-BajoPutumayo,10800.66,11262.57
2022-02-03,15,PT1H,MC-BajoPutumayo,11348.61,11557.4
2022-02-03,16,PT1H,MC-BajoPutumayo,11273.32,11554.08
2022-02-03,17,PT1H,MC-BajoPutumayo,11238.11,11881.06
2022-02-03,18,PT1H,MC-BajoPutumayo,11216.8,11453.02
2022-02-03,19,PT1H,MC-BajoPutumayo,11930.51,12408.92
2022-02-03,20,PT1H,MC-BajoPutumayo,12651.28,13245.46
2022-02-03,21,PT1H,MC-BajoPutumayo,11844.26,12413.34
2022-02-03,22,PT1H,MC-BajoPutumayo,10927.32,11463.14
2022-02-03,23,PT1H,MC-BajoPutumayo,9469.99,10052.1
2022-02-03,24,PT1H,MC-BajoPutumayo,8051.57,8489.7
2023-04-04,1,PT1H,MC-BajoPutumayo,6907.99,7119.08
2023-04-04,2,PT1H,MC-BajoPutumayo,6936.7,6643.98
2023-04-04,3,PT1H,MC-BajoPutumayo,6359.6,6337.37
2023-04-04,4,PT1H,MC-BajoPutumayo,6233.67,6119.66
2023-04-04,5,PT1H,MC-BajoPutumayo,6146.53,6154.68
2023-04-04,6,PT1H,MC-BajoPutumayo,6425.29,6683.51
2023-04-04,7,PT1H,MC-BajoPutumayo,6985.42,7446.97
2023-04-04,8,PT1H,MC-BajoPutumayo,8068.7,8271.98
2023-04-04,9,PT1H,MC-BajoPutumayo,9300.02,9328.37
2023-04-04,10,PT1H,MC-BajoPutumayo,9900.21,9872.81
2023-04-04,11,PT1H,MC-BajoPutumayo,10536.64,10447.24
2023-04-04,12,PT1H,MC-BajoPutumayo,11386.17,10936.08
2023-04-04,13,PT1H,MC-BajoPutumayo,11416.05,10486.25
2023-04-04,14,PT1H,MC-BajoPutumayo,11637.6,10809.76
2023-04-04,15,PT1H,MC-BajoPutumayo,12588.54,11491.09
2023-04-04,16,PT1H,MC-BajoPutumayo,12778.19,11907.58
2023-04-04,17,PT1H,MC-BajoPutumayo,12612.7,11929.89
2023-04-04,18,PT1H,MC-BajoPutumayo,12353.08,11540.23
2023-04-04,19,PT1H,MC-BajoPutumayo,13336.36,12490.68
2023-04-04,20,PT1H,MC-BajoPutumayo,13617.37,12852.79
2023-04-04,21,PT1H,MC-BajoPutumayo,12836.37,12012.89
2023-04-04,22,PT1H,MC-BajoPutumayo,11686.73,10768.71
2023-04-04,23,PT1H,MC-BajoPutumayo,10108.21,9191.77
2023-04-04,24,PT1H,MC-BajoPutumayo,8754.63,7947.93
2025-12-06,1,PT1H,MC-BajoPutumayo,9839.38,8529.6
2025-12-06,2,PT1H,MC-BajoPutumayo,9218.4,7847.4
2025-12-06,3,PT1H,MC-BajoPutumayo,8845.23,7322.8
2025-12-06,4,PT1H,MC-BajoPutumayo,8695.69,7038.2
2025-12-06,5,PT1H,MC-BajoPutumayo,8592.31,6974.0
2025-12-06,6,PT1H,MC-BajoPutumayo,8769.11,7166.4
2025-12-06,7,PT1H,MC-BajoPutumayo,9221.55,8082.4
2025-12-06,8,PT1H,MC-BajoPutumayo,10644.5,10632.0
2025-12-06,9,PT1H,MC-BajoPutumayo,12100.95,12520.0
2025-12-06,10,PT1H,MC-BajoPutumayo,13337.56,13880.9
2025-12-06,11,PT1H,MC-BajoPutumayo,14312.73,14643.6
2025-12-06,12,PT1H,MC-BajoPutumayo,14405.82,14830.5
2025-12-06,13,PT1H,MC-BajoPutumayo,14100.75,14611.9
2025-12-06,14,PT1H,MC-BajoPutumayo,14220.51,15167.2
2025-12-06,15,PT1H,MC-BajoPutumayo,15150.27,15928.5
2025-12-06,16,PT1H,MC-BajoPutumayo,15034.99,16191.1
2025-12-06,17,PT1H,MC-BajoPutumayo,15018.99,16021.6
2025-12-06,18,PT1H,MC-BajoPutumayo,15403.08,16277.4
2025-12-06,19,PT1H,MC-BajoPutumayo,17026.09,17029.1
2025-12-06,20,PT1H,MC-BajoPutumayo,16411.28,15229.1
2025-12-06,21,PT1H,MC-BajoPutumayo,15445.4,14376.3
2025-12-06,22,PT1H,MC-BajoPutumayo,13989.42,12735.6
2025-12-06,23,PT1H,MC-BajoPutumayo,12359.64,10958.5
2025-12-06,24,PT1H,MC-BajoPutumayo,11193.01,9586.0
2024-06-19,1,PT1H,MC-BajoPutumayo,7929.06,6977.2
2024-06-19,2,PT1H,MC-BajoPutumayo,7427.82,6544.7
2024-06-19,3,PT1H,MC-BajoPutumayo,7218.64,6448.8
2024-06-19,4,PT1H,MC-BajoPutumayo,6887.25,6163.9
2024-06-19,5,PT1H,MC-BajoPutumayo,7015.3,6415.2
2024-06-19,6,PT1H,MC-BajoPutumayo,7449.13,7217.1
2024-06-19,7,PT1H,MC-BajoPutumayo,7944.59,8248.1
2024-06-19,8,PT1H,MC-BajoPutumayo,9068.47,8881.9
2024-06-19,9,PT1H,MC-BajoPutumayo,9933.08,9572.8
2024-06-19,10,PT1H,MC-BajoPutumayo,10359.33,10277.9
2024-06-19,11,PT1H,MC-BajoPutumayo,10843.89,11020.1
2024-06-19,12,PT1H,MC-BajoPutumayo,11395.87,11396.1
2024-06-19,13,PT1H,MC-BajoPutumayo,11332.71,10912.4
2024-06-19,14,PT1H,MC-BajoPutumayo,11628.35,11081.6
2024-06-19,15,PT1H,MC-BajoPutumayo,12102.16,11321.9
2024-06-19,16,PT1H,MC-BajoPutumayo,11903.73,11517.9
2024-06-19,17,PT1H,MC-BajoPutumayo,11821.86,11458.2
2024-06-19,18,PT1H,MC-BajoPutumayo,12008.26,11456.8
2024-06-19,19,PT1H,MC-BajoPutumayo,12939.41,12876.3
2024-06-19,20,PT1H,MC-BajoPutumayo,12816.26,13662.7
2024-06-19,21,PT1H,MC-BajoPutumayo,11982.92,12868.0
2024-06-19,22,PT1H,MC-BajoPutumayo,10783.69,11677.5
2024-06-19,23,PT1H,MC-BajoPutumayo,9385.37,9646.9
2024-06-19,24,PT1H,MC-BajoPutumayo,8160.88,7980.4
2022-09-08,1,PT1H,MC-BajoPutumayo,6147.47,7183.56
2022-09-08,2,PT1H,MC-BajoPutumayo,5829.84,6797.57
2022-09-08,3,PT1H,MC-BajoPutumayo,5656.66,6551.23
2022-09-08,4,PT1H,MC-BajoPutumayo,5563.49,6463.78
2022-09-08,5,PT1H,MC-BajoPutumayo,5672.23,6453.87
2022-09-08,6,PT1H,MC-BajoPutumayo,6325.49,7003.81
2022-09-08,7,PT1H,MC-BajoPutumayo,7086.77,7741.61
2022-09-08,8,PT1H,MC-BajoPutumayo,7994.27,8578.47
2022-09-08,9,PT1H,MC-BajoPutumayo,9199.93,9727.04
2022-09-08,10,PT1H,MC-BajoPutumayo,9912.69,10682.66
2022-09-08,11,PT1H,MC-BajoPutumayo,10956.45,11581.7
2022-09-08,12,PT1H,MC-BajoPutumayo,11610.62,12040.41
2022-09-08,13,PT1H,MC-BajoPutumayo,11420.87,11778.69
2022-09-08,14,PT1H,MC-BajoPutumayo,11766.53,11946.28
2022-09-08,15,PT1H,MC-BajoPutumayo,12742.87,12454.26
2022-09-08,16,PT1H,MC-BajoPutumayo,12828.97,12662.88
2022-09-08,17,PT1H,MC-BajoPutumayo,12757.71,12624.58
2022-09-08,18,PT1H,MC-BajoPutumayo,12479.62,12561.25
2022-09-08,19,PT1H,MC-BajoPutumayo,13660.47,13646.77
2022-09-08,20,PT1H,MC-BajoPutumayo,13683.22,14044.38
2022-09-08,21,PT1H,MC-BajoPutumayo,12614.69,13117.22
2022-09-08,22,PT1H,MC-BajoPutumayo,11155.61,11818.08
2022-09-08,23,PT1H,MC-BajoPutumayo,9349.93,10066.28
2022-09-08,24,PT1H,MC-BajoPutumayo,7887.37,8643.33
2024-02-21,1,PT1H,MC-BajoPutumayo,8935.48,9345.74
2024-02-21,2,PT1H,MC-BajoPutumayo,8514.29,8749.79
2024-02-21,3,PT1H,MC-BajoPutumayo,8110.45,8410.08
2024-02-21,4,PT1H,MC-BajoPutumayo,7721.77,8163.81
2024-02-21,5,PT1H,MC-BajoPutumayo,7789.18,8071.58
2024-02-21,6,PT1H,MC-BajoPutumayo,8425.62,8444.69
2024-02-21,7,PT1H,MC-BajoPutumayo,8859.07,8949.13
2024-02-21,8,PT1H,MC-BajoPutumayo,9649.98,9845.44
2024-02-21,9,PT1H,MC-BajoPutumayo,11346.51,11227.12
2024-02-21,10,PT1H,MC-BajoPutumayo,12689.29,12214.93
2024-02-21,11,PT1H,MC-BajoPutumayo,13732.44,13120.49
2024-02-21,12,PT1H,MC-BajoPutumayo,14501.02,13902.09
2024-02-21,13,PT1H,MC-BajoPutumayo,14115.88,13636.12
2024-02-21,14,PT1H,MC-BajoPutumayo,13922.25,13599.29
2024-02-21,15,PT1H,MC-BajoPutumayo,14738.36,13972.31
2024-02-21,16,PT1H,MC-BajoPutumayo,15488.13,13908.27
2024-02-21,17,PT1H,MC-BajoPutumayo,15543.85,13971.91
2024-02-21,18,PT1H,MC-BajoPutumayo,15029.45,13742.33
2024-02-21,19,PT1H,MC-BajoPutumayo,15486.35,14403.61
2024-02-21,20,PT1H,MC-BajoPutumayo,16191.98,15117.56
2024-02-21,21,PT1H,MC-BajoPutumayo,15471.55,14420.45
2024-02-21,22,PT1H,MC-BajoPutumayo,14351.96,13305.67
2024-02-21,23,PT1H,MC-BajoPutumayo,12904.37,11625.4
2024-02-21,24,PT1H,MC-BajoPutumayo,11396.04,10206.8
2022-06-28,1,PT1H,MC-BajoPutumayo,7212.73,6927.47
2022-06-28,2,PT1H,MC-BajoPutumayo,6775.65,6496.87
2022-06-28,3,PT1H,MC-BajoPutumayo,6475.01,6245.73
2022-06-28,4,PT1H,MC-BajoPutumayo,6325.94,6130.23
2022-06-28,5,PT1H,MC-BajoPutumayo,6303.85,6371.25
2022-06-28,6,PT1H,MC-BajoPutumayo,6663.57,7213.24
2022-06-28,7,PT1H,MC-BajoPutumayo,7076.56,8121.59
2022-06-28,8,PT1H,MC-BajoPutumayo,8397.75,8657.16
2022-06-28,9,PT1H,MC-BajoPutumayo,9835.5,9181.74
2022-06-28,10,PT1H,MC-BajoPutumayo,10775.25,9787.29
2022-06-28,11,PT1H,MC-BajoPutumayo,11682.4,10403.8
2022-06-28,12,PT1H,MC-BajoPutumayo,12272.91,11093.19
2022-06-28,13,PT1H,MC-BajoPutumayo,11772.09,10749.41
2022-06-28,14,PT1H,MC-BajoPutumayo,11898.97,10758.92
2022-06-28,15,PT1H,MC-BajoPutumayo,12405.69,11577.01
2022-06-28,16,PT1H,MC-BajoPutumayo,12565.86,11859.33
2022-06-28,17,PT1H,MC-BajoPutumayo,12513.69,11877.61
2022-06-28,18,PT1H,MC-BajoPutumayo,12319.42,11880.51
2022-06-28,19,PT1H,MC-BajoPutumayo,12978.01,13535.78
2022-06-28,20,PT1H,MC-BajoPutumayo,13432.61,14089.27
2022-06-28,21,PT1H,MC-BajoPutumayo,12705.91,13207.63
2022-06-28,22,PT1H,MC-BajoPutumayo,11547.29,11684.18
2022-06-28,23,PT1H,MC-BajoPutumayo,9904.72,9642.8
2022-06-28,24,PT1H,MC-BajoPutumayo,8282.87,8061.59
2024-07-06,1,PT1H,MC-BajoPutumayo,7751.16,7208.3
2024-07-06,2,PT1H,MC-BajoPutumayo,7262.98,6814.1
2024-07-06,3,PT1H,MC-BajoPutumayo,6909.18,6541.3
2024-07-06,4,PT1H,MC-BajoPutumayo,6718.0,6391.0
2024-07-06,5,PT1H,MC-BajoPutumayo,6679.33,6454.6
2024-07-06,6,PT1H,MC-BajoPutumayo,6895.87,6733.0
2024-07-06,7,PT1H,MC-BajoPutumayo,7047.01,7156.5
2024-07-06,8,PT1H,MC-BajoPutumayo,8032.22,8149.3
2024-07-06,9,PT1H,MC-BajoPutumayo,9217.71,9337.5
2024-07-06,10,PT1H,MC-BajoPutumayo,9847.83,10151.3
2024-07-06,11,PT1H,MC-BajoPutumayo,10325.77,10822.6
2024-07-06,12,PT1H,MC-BajoPutumayo,10780.85,11323.3
2024-07-06,13,PT1H,MC-BajoPutumayo,10367.75,11293.0
2024-07-06,14,PT1H,MC-BajoPutumayo,10164.82,11309.9
2024-07-06,15,PT1H,MC-BajoPutumayo,10310.6,11583.7
2024-07-06,16,PT1H,MC-BajoPutumayo,10613.98,11709.3
2024-07-06,17,PT1H,MC-BajoPutumayo,10928.95,11743.1
2024-07-06,18,PT1H,MC-BajoPutumayo,11104.41,11728.2
2024-07-06,19,PT1H,MC-BajoPutumayo,12227.53,13024.2
2024-07-06,20,PT1H,MC-BajoPutumayo,12270.9,13040.7
2024-07-06,21,PT1H,MC-BajoPutumayo,11275.94,12275.8
2024-07-06,22,PT1H,MC-BajoPutumayo,10178.35,11385.1
2024-07-06,23,PT1H,MC-BajoPutumayo,9078.9,10121.5
2024-07-06,24,PT1H,MC-BajoPutumayo,8028.35,8940.2
2025-10-15,1,PT1H,MC-BajoPutumayo,16516.34,16542.0
2025-10-15,2,PT1H,MC-BajoPutumayo,15666.42,15503.2
2025-10-15,3,PT1H,MC-BajoPutumayo,15527.28,15106.3
2025-10-15,4,PT1H,MC-BajoPutumayo,15258.9,14790.3
2025-10-15,5,PT1H,MC-BajoPutumayo,15271.02,14952.9
2025-10-15,6,PT1H,MC-BajoPutumayo,16520.44,16160.9
2025-10-15,7,PT1H,MC-BajoPutumayo,17952.9,17642.8
2025-10-15,8,PT1H,MC-BajoPutumayo,18799.74,18753.1
2025-10-15,9,PT1H,MC-BajoPutumayo,22502.7,20914.1
2025-10-15,10,PT1H,MC-BajoPutumayo,21976.32,22578.4
2025-10-15,11,PT1H,MC-BajoPutumayo,25187.46,24270.7
2025-10-15,12,PT1H,MC-BajoPutumayo,26744.6,25485.8
2025-10-15,13,PT1H,MC-BajoPutumayo,26554.44,25287.6
2025-10-15,14,PT1H,MC-BajoPutumayo,27560.68,26009.3
2025-10-15,15,PT1H,MC-BajoPutumayo,30190.8,28055.0
2025-10-15,16,PT1H,MC-BajoPutumayo,30002.66,28560.8
2025-10-15,17,PT1H,MC-BajoPutumayo,29968.92,28453.1
2025-10-15,18,PT1H,MC-BajoPutumayo,29231.52,28062.1
2025-10-15,19,PT1H,MC-BajoPutumayo,32771.8,30703.2
2025-10-15,20,PT1H,MC-BajoPutumayo,31460.54,30549.4
2025-10-15,21,PT1H,MC-BajoPutumayo,29488.62,28081.9
2025-10-15,22,PT1H,MC-BajoPutumayo,26278.42,25184.2
2025-10-15,23,PT1H,MC-BajoPutumayo,22300.48,21288.6
2025-10-15,24,PT1H,MC-BajoPutumayo,18595.72,18794.0
2026-02-01,1,PT1H,MC-BajoPutumayo,8031.32,8528.8
2026-02-01,2,PT1H,MC-BajoPutumayo,7607.5,8035.3
2026-02-01,3,PT1H,MC-BajoPutumayo,7321.99,7715.3
2026-02-01,4,PT1H,MC-BajoPutumayo,7131.37,7589.9
2026-02-01,5,PT1H,MC-BajoPutumayo,7065.87,7674.5
2026-02-01,6,PT1H,MC-BajoPutumayo,7264.27,7785.3
2026-02-01,7,PT1H,MC-BajoPutumayo,7503.81,8214.1
2026-02-01,8,PT1H,MC-BajoPutumayo,8584.7,9542.0
2026-02-01,9,PT1H,MC-BajoPutumayo,9650.95,10975.4
2026-02-01,10,PT1H,MC-BajoPutumayo,10363.68,11926.1
2026-02-01,11,PT1H,MC-BajoPutumayo,11080.79,12766.8
2026-02-01,12,PT1H,MC-BajoPutumayo,12176.22,13050.7
2026-02-01,13,PT1H,MC-BajoPutumayo,12496.42,12720.2
2026-02-01,14,PT1H,MC-BajoPutumayo,12768.53,13162.2
2026-02-01,15,PT1H,MC-BajoPutumayo,12749.66,13822.7
2026-02-01,16,PT1H,MC-BajoPutumayo,12456.24,13812.0
2026-02-01,17,PT1H,MC-BajoPutumayo,12475.64,13611.3
2026-02-01,18,PT1H,MC-BajoPutumayo,12706.61,13515.1
2026-02-01,19,PT1H,MC-BajoPutumayo,14457.15,14771.0
2026-02-01,20,PT1H,MC-BajoPutumayo,14319.52,14330.3
2026-02-01,21,PT1H,MC-BajoPutumayo,13811.04,13567.4
2026-02-01,22,PT1H,MC-BajoPutumayo,12451.04,12302.6
2026-02-01,23,PT1H,MC-BajoPutumayo,10627.94,10965.3
2026-02-01,24,PT1H,MC-BajoPutumayo,9561.16,9740.8
2023-07-09,1,PT1H,MC-BajoPutumayo,7987.0,6387.49
2023-07-09,2,PT1H,MC-BajoPutumayo,7521.83,6190.59
2023-07-09,3,PT1H,MC-BajoPutumayo,7149.2,5856.01
2023-07-09,4,PT1H,MC-BajoPutumayo,6906.19,5867.89
2023-07-09,5,PT1H,MC-BajoPutumayo,6780.18,5971.05
2023-07-09,6,PT1H,MC-BajoPutumayo,6796.4,6092.34
2023-07-09,7,PT1H,MC-BajoPutumayo,6951.73,6846.37
2023-07-09,8,PT1H,MC-BajoPutumayo,7846.14,7959.89
2023-07-09,9,PT1H,MC-BajoPutumayo,8925.87,8703.08
2023-07-09,10,PT1H,MC-BajoPutumayo,9680.07,9210.96
2023-07-09,11,PT1H,MC-BajoPutumayo,10269.6,9593.74
2023-07-09,12,PT1H,MC-BajoPutumayo,10617.54,10063.53
2023-07-09,13,PT1H,MC-BajoPutumayo,10936.65,9892.87
2023-07-09,14,PT1H,MC-BajoPutumayo,10976.89,10111.67
2023-07-09,15,PT1H,MC-BajoPutumayo,10650.61,10729.76
2023-07-09,16,PT1H,MC-BajoPutumayo,10250.9,10917.79
2023-07-09,17,PT1H,MC-BajoPutumayo,10149.24,10714.77
2023-07-09,18,PT1H,MC-BajoPutumayo,10103.43,10538.75
2023-07-09,19,PT1H,MC-BajoPutumayo,11346.46,12203.12
2023-07-09,20,PT1H,MC-BajoPutumayo,11867.47,12747.83
2023-07-09,21,PT1H,MC-BajoPutumayo,11241.55,11963.97
2023-07-09,22,PT1H,MC-BajoPutumayo,10197.2,10549.81
2023-07-09,23,PT1H,MC-BajoPutumayo,8745.91,8716.34
2023-07-09,24,PT1H,MC-BajoPutumayo,7702.1,7308.35
2025-11-03,1,PT1H,MC-BajoPutumayo,8891.28,7723.7
2025-11-03,2,PT1H,MC-BajoPutumayo,8258.62,7380.7
2025-11-03,3,PT1H,MC-BajoPutumayo,7817.31,6979.6
2025-11-03,4,PT1H,MC-BajoPutumayo,7586.13,6836.3
2025-11-03,5,PT1H,MC-BajoPutumayo,7606.6,6730.5
2025-11-03,6,PT1H,MC-BajoPutumayo,7734.08,6957.5
2025-11-03,7,PT1H,MC-BajoPutumayo,8285.06,7571.2
2025-11-03,8,PT1H,MC-BajoPutumayo,9333.61,8710.6
2025-11-03,9,PT1H,MC-BajoPutumayo,10682.25,10060.3
2025-11-03,10,PT1H,MC-BajoPutumayo,11685.48,11022.5
2025-11-03,11,PT1H,MC-BajoPutumayo,12413.05,11786.3
2025-11-03,12,PT1H,MC-BajoPutumayo,13020.07,12409.1
2025-11-03,13,PT1H,MC-BajoPutumayo,12606.86,12299.6
2025-11-03,14,PT1H,MC-BajoPutumayo,12085.65,12575.4
2025-11-03,15,PT1H,MC-BajoPutumayo,11598.76,13053.7
2025-11-03,16,PT1H,MC-BajoPutumayo,11545.93,13093.0
2025-11-03,17,PT1H,MC-BajoPutumayo,11628.03,12959.3
2025-11-03,18,PT1H,MC-BajoPutumayo,12466.88,12732.0
2025-11-03,19,PT1H,MC-BajoPutumayo,13743.88,13792.0
2025-11-03,20,PT1H,MC-BajoPutumayo,13479.66,13196.1
2025-11-03,21,PT1H,MC-BajoPutumayo,12778.94,12268.2
2025-11-03,22,PT1H,MC-BajoPutumayo,11344.11,10955.6
2025-11-03,23,PT1H,MC-BajoPutumayo,9729.99,9330.2
2025-11-03,24,PT1H,MC-BajoPutumayo,8464.22,8087.6
2025-01-13,1,PT1H,MC-BajoPutumayo,9059.6,9060.9
2025-01-13,2,PT1H,MC-BajoPutumayo,8451.94,8604.0
2025-01-13,3,PT1H,MC-BajoPutumayo,7984.98,8195.0
2025-01-13,4,PT1H,MC-BajoPutumayo,7811.3,8059.0
2025-01-13,5,PT1H,MC-BajoPutumayo,7854.79,8139.4
2025-01-13,6,PT1H,MC-BajoPutumayo,8048.84,8292.0
2025-01-13,7,PT1H,MC-BajoPutumayo,8400.78,8863.1
2025-01-13,8,PT1H,MC-BajoPutumayo,9620.86,9582.1
2025-01-13,9,PT1H,MC-BajoPutumayo,11171.37,11011.3
2025-01-13,10,PT1H,MC-BajoPutumayo,12448.23,11861.0
2025-01-13,11,PT1H,MC-BajoPutumayo,13490.45,12282.0
2025-01-13,12,PT1H,MC-BajoPutumayo,14060.32,12770.9
2025-01-13,13,PT1H,MC-BajoPutumayo,13624.12,12599.9
2025-01-13,14,PT1H,MC-BajoPutumayo,13705.65,12856.5
2025-01-13,15,PT1H,MC-BajoPutumayo,14499.93,13619.3
2025-01-13,16,PT1H,MC-BajoPutumayo,14659.96,13846.1
2025-01-13,17,PT1H,MC-BajoPutumayo,14511.2,13782.0
2025-01-13,18,PT1H,MC-BajoPutumayo,14053.24,13536.4
2025-01-13,19,PT1H,MC-BajoPutumayo,14771.08,14524.1
2025-01-13,20,PT1H,MC-BajoPutumayo,15257.61,14757.4
2025-01-13,21,PT1H,MC-BajoPutumayo,14524.69,13966.2
2025-01-13,22,PT1H,MC-BajoPutumayo,13452.29,12776.2
2025-01-13,23,PT1H,MC-BajoPutumayo,11856.38,11465.6
2025-01-13,24,PT1H,MC-BajoPutumayo,10568.28,9906.2
2024-05-26,1,PT1H,MC-BajoPutumayo,7493.57,8594.83
2024-05-26,2,PT1H,MC-BajoPutumayo,7071.54,7967.14
2024-05-26,3,PT1H,MC-BajoPutumayo,6744.75,7590.0
2024-05-26,4,PT1H,MC-BajoPutumayo,6529.85,7358.52
2024-05-26,5,PT1H,MC-BajoPutumayo,6429.94,7228.27
2024-05-26,6,PT1H,MC-BajoPutumayo,6461.16,7145.57
2024-05-26,7,PT1H,MC-BajoPutumayo,6768.41,7394.35
2024-05-26,8,PT1H,MC-BajoPutumayo,7721.34,8173.75
2024-05-26,9,PT1H,MC-BajoPutumayo,8637.52,9171.59
2024-05-26,10,PT1H,MC-BajoPutumayo,9365.84,9773.1
2024-05-26,11,PT1H,MC-BajoPutumayo,9977.97,10302.37
2024-05-26,12,PT1H,MC-BajoPutumayo,10386.91,10836.44
2024-05-26,13,PT1H,MC-BajoPutumayo,10547.77,11051.1
2024-05-26,14,PT1H,MC-BajoPutumayo,10661.32,10928.3
2024-05-26,15,PT1H,MC-BajoPutumayo,10849.5,10924.17
2024-05-26,16,PT1H,MC-BajoPutumayo,11818.23,11055.1
2024-05-26,17,PT1H,MC-BajoPutumayo,11279.95,11031.47
2024-05-26,18,PT1H,MC-BajoPutumayo,10892.48,11038.38
2024-05-26,19,PT1H,MC-BajoPutumayo,12387.22,12360.92
2024-05-26,20,PT1H,MC-BajoPutumayo,12739.71,12727.93
2024-05-26,21,PT1H,MC-BajoPutumayo,12020.48,12180.64
2024-05-26,22,PT1H,MC-BajoPutumayo,10881.26,11284.35
2024-05-26,23,PT1H,MC-BajoPutumayo,9470.79,10109.52
2024-05-26,24,PT1H,MC-BajoPutumayo,8260.23,9013.99
2023-09-12,1,PT1H,MC-BajoPutumayo,8423.66,7449.25
2023-09-12,2,PT1H,MC-BajoPutumayo,7883.79,6938.28
2023-09-12,3,PT1H,MC-BajoPutumayo,7545.64,6874.23
2023-09-12,4,PT1H,MC-BajoPutumayo,7363.53,6668.68
2023-09-12,5,PT1H,MC-BajoPutumayo,7346.04,6722.27
2023-09-12,6,PT1H,MC-BajoPutumayo,7752.58,7411.55
2023-09-12,7,PT1H,MC-BajoPutumayo,8308.65,8169.46
2023-09-12,8,PT1H,MC-BajoPutumayo,9036.28,9076.26
2023-09-12,9,PT1H,MC-BajoPutumayo,10488.07,10165.69
2023-09-12,10,PT1H,MC-BajoPutumayo,11689.88,10878.26
2023-09-12,11,PT1H,MC-BajoPutumayo,12666.77,11467.43
2023-09-12,12,PT1H,MC-BajoPutumayo,13530.98,12144.44
2023-09-12,13,PT1H,MC-BajoPutumayo,13056.65,12048.03
2023-09-12,14,PT1H,MC-BajoPutumayo,13420.62,11832.65
2023-09-12,15,PT1H,MC-BajoPutumayo,14264.95,12387.07
2023-09-12,16,PT1H,MC-BajoPutumayo,14708.35,12666.23
2023-09-12,17,PT1H,MC-BajoPutumayo,14652.75,12574.33
2023-09-12,18,PT1H,MC-BajoPutumayo,14270.43,12475.75
2023-09-12,19,PT1H,MC-BajoPutumayo,15556.23,13479.71
2023-09-12,20,PT1H,MC-BajoPutumayo,15906.11,14356.21
2023-09-12,21,PT1H,MC-BajoPutumayo,14896.44,13156.3
2023-09-12,22,PT1H,MC-BajoPutumayo,13676.09,11910.09
2023-09-12,23,PT1H,MC-BajoPutumayo,11890.2,9962.17
2023-09-12,24,PT1H,MC-BajoPutumayo,10299.33,8657.08
2024-02-26,1,PT1H,MC-BajoPutumayo,9600.2,8704.69
2024-02-26,2,PT1H,MC-BajoPutumayo,9065.31,8211.55
2024-02-26,3,PT1H,MC-BajoPutumayo,8725.76,7950.01
2024-02-26,4,PT1H,MC-BajoPutumayo,8397.46,7751.62
2024-02-26,5,PT1H,MC-BajoPutumayo,8305.74,7743.79
2024-02-26,6,PT1H,MC-BajoPutumayo,8845.69,8243.48
2024-02-26,7,PT1H,MC-BajoPutumayo,9320.66,8823.6
2024-02-26,8,PT1H,MC-BajoPutumayo,9894.53,9663.55
2024-02-26,9,PT1H,MC-BajoPutumayo,11386.5,10830.72
2024-02-26,10,PT1H,MC-BajoPutumayo,12177.13,11718.28
2024-02-26,11,PT1H,MC-BajoPutumayo,12851.93,12504.92
2024-02-26,12,PT1H,MC-BajoPutumayo,12292.81,13519.33
2024-02-26,13,PT1H,MC-BajoPutumayo,12291.55,13244.5
2024-02-26,14,PT1H,MC-BajoPutumayo,13130.01,13373.05
2024-02-26,15,PT1H,MC-BajoPutumayo,14186.16,14300.27
2024-02-26,16,PT1H,MC-BajoPutumayo,14503.77,14457.02
2024-02-26,17,PT1H,MC-BajoPutumayo,14647.56,14328.23
2024-02-26,18,PT1H,MC-BajoPutumayo,13768.99,13944.95
2024-02-26,19,PT1H,MC-BajoPutumayo,14485.06,14432.28
2024-02-26,20,PT1H,MC-BajoPutumayo,14748.38,15193.99
2024-02-26,21,PT1H,MC-BajoPutumayo,13935.33,14447.82
2024-02-26,22,PT1H,MC-BajoPutumayo,12744.56,13239.98
2024-02-26,23,PT1H,MC-BajoPutumayo,11005.68,11484.82
2024-02-26,24,PT1H,MC-BajoPutumayo,9625.91,9800.05
2023-10-19,1,PT1H,MC-BajoPutumayo,7813.74,8221.52
2023-10-19,2,PT1H,MC-BajoPutumayo,7375.01,7947.38
2023-10-19,3,PT1H,MC-BajoPutumayo,7205.01,7659.37
2023-10-19,4,PT1H,MC-BajoPutumayo,6990.05,7434.08
2023-10-19,5,PT1H,MC-BajoPutumayo,6998.94,7413.35
2023-10-19,6,PT1H,MC-BajoPutumayo,7524.85,7888.52
2023-10-19,7,PT1H,MC-BajoPutumayo,8432.76,8425.02
2023-10-19,8,PT1H,MC-BajoPutumayo,9219.36,8273.29
2023-10-19,9,PT1H,MC-BajoPutumayo,10011.61,9088.61
2023-10-19,10,PT1H,MC-BajoPutumayo,10425.87,9961.32
2023-10-19,11,PT1H,MC-BajoPutumayo,10967.55,10751.08
2023-10-19,12,PT1H,MC-BajoPutumayo,11104.37,11246.78
2023-10-19,13,PT1H,MC-BajoPutumayo,10824.42,11414.01
2023-10-19,14,PT1H,MC-BajoPutumayo,10973.89,11727.89
2023-10-19,15,PT1H,MC-BajoPutumayo,11827.0,12318.43
2023-10-19,16,PT1H,MC-BajoPutumayo,12306.81,12417.76
2023-10-19,17,PT1H,MC-BajoPutumayo,12391.97,13489.72
2023-10-19,18,PT1H,MC-BajoPutumayo,12139.35,13740.62
2023-10-19,19,PT1H,MC-BajoPutumayo,13497.64,14641.33
2023-10-19,20,PT1H,MC-BajoPutumayo,13398.54,14961.14
2023-10-19,21,PT1H,MC-BajoPutumayo,12508.95,14117.22
2023-10-19,22,PT1H,MC-BajoPutumayo,11187.95,12650.19
2023-10-19,23,PT1H,MC-BajoPutumayo,9505.24,11217.73
2023-10-19,24,PT1H,MC-BajoPutumayo,8169.63,9612.44
2022-03-27,1,PT1H,MC-BajoPutumayo,6940.09,7242.72
2022-03-27,2,PT1H,MC-BajoPutumayo,6398.92,6820.88
2022-03-27,3,PT1H,MC-BajoPutumayo,6123.48,6505.45
2022-03-27,4,PT1H,MC-BajoPutumayo,5941.02,6196.91
2022-03-27,5,PT1H,MC-BajoPutumayo,5780.93,5898.09
2022-03-27,6,PT1H,MC-BajoPutumayo,5894.11,5902.95
2022-03-27,7,PT1H,MC-BajoPutumayo,6150.49,6338.06
2022-03-27,8,PT1H,MC-BajoPutumayo,7044.55,7028.24
2022-03-27,9,PT1H,MC-BajoPutumayo,7999.66,7966.93
2022-03-27,10,PT1H,MC-BajoPutumayo,8715.46,8681.82
2022-03-27,11,PT1H,MC-BajoPutumayo,9123.99,9081.74
2022-03-27,12,PT1H,MC-BajoPutumayo,9187.65,9428.36
2022-03-27,13,PT1H,MC-BajoPutumayo,9186.86,9635.36
2022-03-27,14,PT1H,MC-BajoPutumayo,8289.52,9739.67
2022-03-27,15,PT1H,MC-BajoPutumayo,9027.11,9787.86
2022-03-27,16,PT1H,MC-BajoPutumayo,8869.54,9917.93
2022-03-27,17,PT1H,MC-BajoPutumayo,8935.1,9761.4
2022-03-27,18,PT1H,MC-BajoPutumayo,8922.05,9936.87
2022-03-27,19,PT1H,MC-BajoPutumayo,10060.88,10855.65
2022-03-27,20,PT1H,MC-BajoPutumayo,10761.02,11148.43
2022-03-27,21,PT1H,MC-BajoPutumayo,10203.03,10656.79
2022-03-27,22,PT1H,MC-BajoPutumayo,9238.81,9626.51
2022-03-27,23,PT1H,MC-BajoPutumayo,7906.29,8383.37
2022-03-27,24,PT1H,MC-BajoPutumayo,6800.52,7347.52
2025-07-15,1,PT1H,MC-BajoPutumayo,7424.4,7819.6
2025-07-15,2,PT1H,MC-BajoPutumayo,6912.02,7379.3
2025-07-15,3,PT1H,MC-BajoPutumayo,6718.27,7138.7
2025-07-15,4,PT1H,MC-BajoPutumayo,6590.21,7025.2
2025-07-15,5,PT1H,MC-BajoPutumayo,6660.42,7016.0
2025-07-15,6,PT1H,MC-BajoPutumayo,7302.93,7451.3
2025-07-15,7,PT1H,MC-BajoPutumayo,8097.21,8052.7
2025-07-15,8,PT1H,MC-BajoPutumayo,8723.07,8964.2
2025-07-15,9,PT1H,MC-BajoPutumayo,9812.83,10200.4
2025-07-15,10,PT1H,MC-BajoPutumayo,10797.93,11008.1
2025-07-15,11,PT1H,MC-BajoPutumayo,11570.89,11677.7
2025-07-15,12,PT1H,MC-BajoPutumayo,12127.62,12042.8
2025-07-15,13,PT1H,MC-BajoPutumayo,11968.36,11510.9
2025-07-15,14,PT1H,MC-BajoPutumayo,12130.31,11178.3
2025-07-15,15,PT1H,MC-BajoPutumayo,12953.26,11549.3
2025-07-15,16,PT1H,MC-BajoPutumayo,13122.39,11840.1
2025-07-15,17,PT1H,MC-BajoPutumayo,13029.64,12077.6
2025-07-15,18,PT1H,MC-BajoPutumayo,12881.52,12109.2
2025-07-15,19,PT1H,MC-BajoPutumayo,13857.57,13332.1
2025-07-15,20,PT1H,MC-BajoPutumayo,14558.23,13710.7
2025-07-15,21,PT1H,MC-BajoPutumayo,13676.76,12743.2
2025-07-15,22,PT1H,MC-BajoPutumayo,12359.16,11370.6
2025-07-15,23,PT1H,MC-BajoPutumayo,10567.05,9642.1
2025-07-15,24,PT1H,MC-BajoPutumayo,8840.09,8413.9
2024-11-14,1,PT1H,MC-BajoPutumayo,9013.64,7684.2
2024-11-14,2,PT1H,MC-BajoPutumayo,8267.53,7322.7
2024-11-14,3,PT1H,MC-BajoPutumayo,8821.68,7080.9
2024-11-14,4,PT1H,MC-BajoPutumayo,6975.14,7009.6
2024-11-14,5,PT1H,MC-BajoPutumayo,7769.89,7329.9
2024-11-14,6,PT1H,MC-BajoPutumayo,8522.97,7739.5
2024-11-14,7,PT1H,MC-BajoPutumayo,9021.33,8433.2
2024-11-14,8,PT1H,MC-BajoPutumayo,10172.32,9573.3
2024-11-14,9,PT1H,MC-BajoPutumayo,10899.11,11083.8
2024-11-14,10,PT1H,MC-BajoPutumayo,10986.65,11756.6
2024-11-14,11,PT1H,MC-BajoPutumayo,11040.93,12424.6
2024-11-14,12,PT1H,MC-BajoPutumayo,10950.81,12849.0
2024-11-14,13,PT1H,MC-BajoPutumayo,10861.83,12460.8
2024-11-14,14,PT1H,MC-BajoPutumayo,11323.13,13026.2
2024-11-14,15,PT1H,MC-BajoPutumayo,11961.39,13458.3
2024-11-14,16,PT1H,MC-BajoPutumayo,12165.79,13367.4
2024-11-14,17,PT1H,MC-BajoPutumayo,12268.72,13211.3
2024-11-14,18,PT1H,MC-BajoPutumayo,13175.14,14056.4
2024-11-14,19,PT1H,MC-BajoPutumayo,13873.84,14680.7
2024-11-14,20,PT1H,MC-BajoPutumayo,13239.59,13988.8
2024-11-14,21,PT1H,MC-BajoPutumayo,12044.12,12834.4
2024-11-14,22,PT1H,MC-BajoPutumayo,10434.02,11427.9
2024-11-14,23,PT1H,MC-BajoPutumayo,9005.37,10042.7
2024-11-14,24,PT1H,MC-BajoPutumayo,7928.87,8812.0
2023-11-02,1,PT1H,MC-BajoPutumayo,7776.63,8235.49
2023-11-02,2,PT1H,MC-BajoPutumayo,7363.02,7706.93
2023-11-02,3,PT1H,MC-BajoPutumayo,7196.94,7409.96
2023-11-02,4,PT1H,MC-BajoPutumayo,7098.13,7177.48
2023-11-02,5,PT1H,MC-BajoPutumayo,7088.78,7147.97
2023-11-02,6,PT1H,MC-BajoPutumayo,7691.39,7394.9
2023-11-02,7,PT1H,MC-BajoPutumayo,8346.28,8092.33
2023-11-02,8,PT1H,MC-BajoPutumayo,9003.72,8967.55
2023-11-02,9,PT1H,MC-BajoPutumayo,9826.04,10156.28
2023-11-02,10,PT1H,MC-BajoPutumayo,10510.74,11102.86
2023-11-02,11,PT1H,MC-BajoPutumayo,11226.97,11907.42
2023-11-02,12,PT1H,MC-BajoPutumayo,11873.12,12327.25
2023-11-02,13,PT1H,MC-BajoPutumayo,12005.46,12049.96
2023-11-02,14,PT1H,MC-BajoPutumayo,12161.12,12337.88
2023-11-02,15,PT1H,MC-BajoPutumayo,12770.65,12924.11
2023-11-02,16,PT1H,MC-BajoPutumayo,12818.59,13170.0
2023-11-02,17,PT1H,MC-BajoPutumayo,12934.15,13160.48
2023-11-02,18,PT1H,MC-BajoPutumayo,12913.8,12862.53
2023-11-02,19,PT1H,MC-BajoPutumayo,14073.72,13811.92
2023-11-02,20,PT1H,MC-BajoPutumayo,13864.55,13752.96
2023-11-02,21,PT1H,MC-BajoPutumayo,12895.15,12786.17
2023-11-02,22,PT1H,MC-BajoPutumayo,11780.69,11706.49
2023-11-02,23,PT1H,MC-BajoPutumayo,10062.8,10144.45
2023-11-02,24,PT1H,MC-BajoPutumayo,8743.89,8933.64
2024-07-25,1,PT1H,MC-BajoPutumayo,7496.88,6565.9
2024-07-25,2,PT1H,MC-BajoPutumayo,7139.37,6228.4
2024-07-25,3,PT1H,MC-BajoPutumayo,6944.57,6010.0
2024-07-25,4,PT1H,MC-BajoPutumayo,6806.11,5899.5
2024-07-25,5,PT1H,MC-BajoPutumayo,6966.79,5982.5
2024-07-25,6,PT1H,MC-BajoPutumayo,7750.08,6379.0
2024-07-25,7,PT1H,MC-BajoPutumayo,8393.89,6900.1
2024-07-25,8,PT1H,MC-BajoPutumayo,9151.23,7951.5
2024-07-25,9,PT1H,MC-BajoPutumayo,10223.97,8937.7
2024-07-25,10,PT1H,MC-BajoPutumayo,10687.23,9581.3
2024-07-25,11,PT1H,MC-BajoPutumayo,11098.37,10089.6
2024-07-25,12,PT1H,MC-BajoPutumayo,11477.4,10498.3
2024-07-25,13,PT1H,MC-BajoPutumayo,11075.19,10417.0
2024-07-25,14,PT1H,MC-BajoPutumayo,11101.36,10613.5
2024-07-25,15,PT1H,MC-BajoPutumayo,11664.8,11511.4
2024-07-25,16,PT1H,MC-BajoPutumayo,11623.58,11635.3
2024-07-25,17,PT1H,MC-BajoPutumayo,11700.98,11603.3
2024-07-25,18,PT1H,MC-BajoPutumayo,11631.28,11315.5
2024-07-25,19,PT1H,MC-BajoPutumayo,13063.54,12334.3
2024-07-25,20,PT1H,MC-BajoPutumayo,13141.56,12344.0
2024-07-25,21,PT1H,MC-BajoPutumayo,12237.56,11562.7
2024-07-25,22,PT1H,MC-BajoPutumayo,10695.78,10410.6
2024-07-25,23,PT1H,MC-BajoPutumayo,9100.14,8962.3
2024-07-25,24,PT1H,MC-BajoPutumayo,7887.26,7724.9
2024-02-08,1,PT1H,MC-BajoPutumayo,8253.1,8225.07
2024-02-08,2,PT1H,MC-BajoPutumayo,7688.31,7664.74
2024-02-08,3,PT1H,MC-BajoPutumayo,7385.95,7354.7
2024-02-08,4,PT1H,MC-BajoPutumayo,7171.98,7022.45
2024-02-08,5,PT1H,MC-BajoPutumayo,7056.72,6981.18
2024-02-08,6,PT1H,MC-BajoPutumayo,7522.43,6886.52
2024-02-08,7,PT1H,MC-BajoPutumayo,8196.88,7213.48
2024-02-08,8,PT1H,MC-BajoPutumayo,8866.71,8001.89
2024-02-08,9,PT1H,MC-BajoPutumayo,10185.42,9206.78
2024-02-08,10,PT1H,MC-BajoPutumayo,11242.54,10635.08
2024-02-08,11,PT1H,MC-BajoPutumayo,12239.17,11631.1
2024-02-08,12,PT1H,MC-BajoPutumayo,13145.02,12335.06
2024-02-08,13,PT1H,MC-BajoPutumayo,13017.08,11946.09
2024-02-08,14,PT1H,MC-BajoPutumayo,13158.32,11912.95
2024-02-08,15,PT1H,MC-BajoPutumayo,13821.25,12626.57
2024-02-08,16,PT1H,MC-BajoPutumayo,13992.89,12664.55
2024-02-08,17,PT1H,MC-BajoPutumayo,13985.89,12478.07
2024-02-08,18,PT1H,MC-BajoPutumayo,13520.36,12030.23
2024-02-08,19,PT1H,MC-BajoPutumayo,13913.9,12585.17
2024-02-08,20,PT1H,MC-BajoPutumayo,14800.81,13120.93
2024-02-08,21,PT1H,MC-BajoPutumayo,14171.49,12411.6
2024-02-08,22,PT1H,MC-BajoPutumayo,13083.8,11397.79
2024-02-08,23,PT1H,MC-BajoPutumayo,11428.15,10059.32
2024-02-08,24,PT1H,MC-BajoPutumayo,9900.57,8862.91
2026-02-16,1,PT1H,MC-BajoPutumayo,7755.26,8285.3
2026-02-16,2,PT1H,MC-BajoPutumayo,7465.45,7834.7
2026-02-16,3,PT1H,MC-BajoPutumayo,7298.29,7536.3
2026-02-16,4,PT1H,MC-BajoPutumayo,7075.37,7416.3
2026-02-16,5,PT1H,MC-BajoPutumayo,7316.73,7282.9
2026-02-16,6,PT1H,MC-BajoPutumayo,8187.25,7982.6
2026-02-16,7,PT1H,MC-BajoPutumayo,8816.29,8042.4
2026-02-16,8,PT1H,MC-BajoPutumayo,9622.31,8845.1
2026-02-16,9,PT1H,MC-BajoPutumayo,10691.08,9852.5
2026-02-16,10,PT1H,MC-BajoPutumayo,11158.52,11048.5
2026-02-16,11,PT1H,MC-BajoPutumayo,11419.74,11790.4
2026-02-16,12,PT1H,MC-BajoPutumayo,11591.11,12106.2
2026-02-16,13,PT1H,MC-BajoPutumayo,10969.95,12321.3
2026-02-16,14,PT1H,MC-BajoPutumayo,11505.0,12641.9
2026-02-16,15,PT1H,MC-BajoPutumayo,12295.48,12958.3
2026-02-16,16,PT1H,MC-BajoPutumayo,12852.79,12485.9
2026-02-16,17,PT1H,MC-BajoPutumayo,12828.24,12644.3
2026-02-16,18,PT1H,MC-BajoPutumayo,12751.08,12624.3
2026-02-16,19,PT1H,MC-BajoPutumayo,14562.53,14340.8
2026-02-16,20,PT1H,MC-BajoPutumayo,14561.51,14232.5
2026-02-16,21,PT1H,MC-BajoPutumayo,13348.29,13652.0
2026-02-16,22,PT1H,MC-BajoPutumayo,11436.07,12307.1
2026-02-16,23,PT1H,MC-BajoPutumayo,9948.49,10532.8
2026-02-16,24,PT1H,MC-BajoPutumayo,8307.52,9522.1
2025-08-04,1,PT1H,MC-BajoPutumayo,7221.36,8318.8
2025-08-04,2,PT1H,MC-BajoPutumayo,6866.75,7777.9
2025-08-04,3,PT1H,MC-BajoPutumayo,6624.88,7401.1
2025-08-04,4,PT1H,MC-BajoPutumayo,6514.5,7214.1
2025-08-04,5,PT1H,MC-BajoPutumayo,6525.92,7149.4
2025-08-04,6,PT1H,MC-BajoPutumayo,7187.8,7550.1
2025-08-04,7,PT1H,MC-BajoPutumayo,8001.76,8106.6
2025-08-04,8,PT1H,MC-BajoPutumayo,8480.54,8776.1
2025-08-04,9,PT1H,MC-BajoPutumayo,9474.12,9812.0
2025-08-04,10,PT1H,MC-BajoPutumayo,10302.59,10635.1
2025-08-04,11,PT1H,MC-BajoPutumayo,10729.69,11144.3
2025-08-04,12,PT1H,MC-BajoPutumayo,8151.19,11675.7
2025-08-04,13,PT1H,MC-BajoPutumayo,11467.03,11624.6
2025-08-04,14,PT1H,MC-BajoPutumayo,11541.27,11565.0
2025-08-04,15,PT1H,MC-BajoPutumayo,12367.5,12010.6
2025-08-04,16,PT1H,MC-BajoPutumayo,12647.11,12197.0
2025-08-04,17,PT1H,MC-BajoPutumayo,12975.86,12137.8
2025-08-04,18,PT1H,MC-BajoPutumayo,12636.13,12524.4
2025-08-04,19,PT1H,MC-BajoPutumayo,13560.88,13881.1
2025-08-04,20,PT1H,MC-BajoPutumayo,14124.9,14357.4
2025-08-04,21,PT1H,MC-BajoPutumayo,13096.07,13548.2
2025-08-04,22,PT1H,MC-BajoPutumayo,11547.06,12216.0
2025-08-04,23,PT1H,MC-BajoPutumayo,9553.21,10389.8
2025-08-04,24,PT1H,MC-BajoPutumayo,8173.28,8899.9
2022-08-20,1,PT1H,MC-BajoPutumayo,7647.53,7150.85
2022-08-20,2,PT1H,MC-BajoPutumayo,7199.16,6658.02
2022-08-20,3,PT1H,MC-BajoPutumayo,6882.53,6345.4
2022-08-20,4,PT1H,MC-BajoPutumayo,6694.17,6148.04
2022-08-20,5,PT1H,MC-BajoPutumayo,6605.59,6091.56
2022-08-20,6,PT1H,MC-BajoPutumayo,6922.18,6389.96
2022-08-20,7,PT1H,MC-BajoPutumayo,7353.41,6856.07
2022-08-20,8,PT1H,MC-BajoPutumayo,8469.01,7974.52
2022-08-20,9,PT1H,MC-BajoPutumayo,9498.63,9201.21
2022-08-20,10,PT1H,MC-BajoPutumayo,10169.0,9983.83
2022-08-20,11,PT1H,MC-BajoPutumayo,10580.84,10528.1
2022-08-20,12,PT1H,MC-BajoPutumayo,10772.12,11052.64
2022-08-20,13,PT1H,MC-BajoPutumayo,10362.54,11096.96
2022-08-20,14,PT1H,MC-BajoPutumayo,10104.79,11134.89
2022-08-20,15,PT1H,MC-BajoPutumayo,9954.95,11326.3
2022-08-20,16,PT1H,MC-BajoPutumayo,9717.62,11494.18
2022-08-20,17,PT1H,MC-BajoPutumayo,9700.93,11467.46
2022-08-20,18,PT1H,MC-BajoPutumayo,9967.18,11296.3
2022-08-20,19,PT1H,MC-BajoPutumayo,11216.68,12359.91
2022-08-20,20,PT1H,MC-BajoPutumayo,11459.48,13012.76
2022-08-20,21,PT1H,MC-BajoPutumayo,10793.31,12240.83
2022-08-20,22,PT1H,MC-BajoPutumayo,8496.07,11131.61
2022-08-20,23,PT1H,MC-BajoPutumayo,5731.02,9802.5
2022-08-20,24,PT1H,MC-BajoPutumayo,4373.3,8606.09
2022-05-07,1,PT1H,MC-BajoPutumayo,7158.54,7447.87
2022-05-07,2,PT1H,MC-BajoPutumayo,6746.02,6780.95
2022-05-07,3,PT1H,MC-BajoPutumayo,6397.57,6574.53
2022-05-07,4,PT1H,MC-BajoPutumayo,6266.91,6232.11
2022-05-07,5,PT1H,MC-BajoPutumayo,6180.97,6160.48
2022-05-07,6,PT1H,MC-BajoPutumayo,6405.13,6288.92
2022-05-07,7,PT1H,MC-BajoPutumayo,6787.92,6711.92
2022-05-07,8,PT1H,MC-BajoPutumayo,7841.65,7824.02
2022-05-07,9,PT1H,MC-BajoPutumayo,9184.59,9175.62
2022-05-07,10,PT1H,MC-BajoPutumayo,9940.79,10019.25
2022-05-07,11,PT1H,MC-BajoPutumayo,10027.74,10727.12
2022-05-07,12,PT1H,MC-BajoPutumayo,11838.06,10952.37
2022-05-07,13,PT1H,MC-BajoPutumayo,11001.19,11373.58
2022-05-07,14,PT1H,MC-BajoPutumayo,8451.72,11296.36
2022-05-07,15,PT1H,MC-BajoPutumayo,7702.75,11458.63
2022-05-07,16,PT1H,MC-BajoPutumayo,10582.86,11371.55
2022-05-07,17,PT1H,MC-BajoPutumayo,10745.35,11029.09
2022-05-07,18,PT1H,MC-BajoPutumayo,10976.73,11157.83
2022-05-07,19,PT1H,MC-BajoPutumayo,11916.67,11927.46
2022-05-07,20,PT1H,MC-BajoPutumayo,12112.49,12112.85
2022-05-07,21,PT1H,MC-BajoPutumayo,11460.27,11584.77
2022-05-07,22,PT1H,MC-BajoPutumayo,10297.42,10688.26
2022-05-07,23,PT1H,MC-BajoPutumayo,8962.28,9504.61
2022-05-07,24,PT1H,MC-BajoPutumayo,7999.33,8388.04
2024-08-12,1,PT1H,MC-BajoPutumayo,7777.43,7320.2
2024-08-12,2,PT1H,MC-BajoPutumayo,7445.92,6846.8
2024-08-12,3,PT1H,MC-BajoPutumayo,7233.7,6551.7
2024-08-12,4,PT1H,MC-BajoPutumayo,7114.98,6396.3
2024-08-12,5,PT1H,MC-BajoPutumayo,7239.53,6439.9
2024-08-12,6,PT1H,MC-BajoPutumayo,7950.62,7013.9
2024-08-12,7,PT1H,MC-BajoPutumayo,8567.3,7589.1
2024-08-12,8,PT1H,MC-BajoPutumayo,9381.79,8545.1
2024-08-12,9,PT1H,MC-BajoPutumayo,10138.58,9584.3
2024-08-12,10,PT1H,MC-BajoPutumayo,10249.87,10278.2
2024-08-12,11,PT1H,MC-BajoPutumayo,10723.4,10924.2
2024-08-12,12,PT1H,MC-BajoPutumayo,11054.84,11399.3
2024-08-12,13,PT1H,MC-BajoPutumayo,10541.64,11091.1
2024-08-12,14,PT1H,MC-BajoPutumayo,10679.69,11368.1
2024-08-12,15,PT1H,MC-BajoPutumayo,10959.19,12001.5
2024-08-12,16,PT1H,MC-BajoPutumayo,10959.96,12137.8
2024-08-12,17,PT1H,MC-BajoPutumayo,11046.68,11977.6
2024-08-12,18,PT1H,MC-BajoPutumayo,11122.16,11896.3
2024-08-12,19,PT1H,MC-BajoPutumayo,12420.91,13038.0
2024-08-12,20,PT1H,MC-BajoPutumayo,12239.59,13345.1
2024-08-12,21,PT1H,MC-BajoPutumayo,11179.0,12544.6
2024-08-12,22,PT1H,MC-BajoPutumayo,9583.45,11114.6
2024-08-12,23,PT1H,MC-BajoPutumayo,8121.42,9321.0
2024-08-12,24,PT1H,MC-BajoPutumayo,7020.01,8005.3
2024-11-29,1,PT1H,MC-BajoPutumayo,8011.38,7742.0
2024-11-29,2,PT1H,MC-BajoPutumayo,7599.26,7518.8
2024-11-29,3,PT1H,MC-BajoPutumayo,6825.19,7330.4
2024-11-29,4,PT1H,MC-BajoPutumayo,7052.25,7258.9
2024-11-29,5,PT1H,MC-BajoPutumayo,7123.6,7435.7
2024-11-29,6,PT1H,MC-BajoPutumayo,7593.42,7892.6
2024-11-29,7,PT1H,MC-BajoPutumayo,8459.55,8470.2
2024-11-29,8,PT1H,MC-BajoPutumayo,9324.53,9417.1
2024-11-29,9,PT1H,MC-BajoPutumayo,10151.41,10606.2
2024-11-29,10,PT1H,MC-BajoPutumayo,10593.69,11305.8
2024-11-29,11,PT1H,MC-BajoPutumayo,11174.76,11853.3
2024-11-29,12,PT1H,MC-BajoPutumayo,11109.07,12151.2
2024-11-29,13,PT1H,MC-BajoPutumayo,10895.27,12087.0
2024-11-29,14,PT1H,MC-BajoPutumayo,11524.96,12743.1
2024-11-29,15,PT1H,MC-BajoPutumayo,12081.22,13539.5
2024-11-29,16,PT1H,MC-BajoPutumayo,12356.36,13096.9
2024-11-29,17,PT1H,MC-BajoPutumayo,10147.88,12827.0
2024-11-29,18,PT1H,MC-BajoPutumayo,9625.61,13420.4
2024-11-29,19,PT1H,MC-BajoPutumayo,11545.75,14338.4
2024-11-29,20,PT1H,MC-BajoPutumayo,12123.07,13551.9
2024-11-29,21,PT1H,MC-BajoPutumayo,11666.58,12334.3
2024-11-29,22,PT1H,MC-BajoPutumayo,10386.9,10993.4
2024-11-29,23,PT1H,MC-BajoPutumayo,8964.88,9737.1
2024-11-29,24,PT1H,MC-BajoPutumayo,7809.81,8713.4
2022-08-01,1,PT1H,MC-BajoPutumayo,6557.6,6620.01
2022-08-01,2,PT1H,MC-BajoPutumayo,6069.41,6197.84
2022-08-01,3,PT1H,MC-BajoPutumayo,5887.18,5984.08
2022-08-01,4,PT1H,MC-BajoPutumayo,5841.07,5882.53
2022-08-01,5,PT1H,MC-BajoPutumayo,5916.12,5847.47
2022-08-01,6,PT1H,MC-BajoPutumayo,6516.87,6270.51
2022-08-01,7,PT1H,MC-BajoPutumayo,7405.9,6886.35
2022-08-01,8,PT1H,MC-BajoPutumayo,8176.96,7819.85
2022-08-01,9,PT1H,MC-BajoPutumayo,9252.82,8865.97
2022-08-01,10,PT1H,MC-BajoPutumayo,9828.4,9482.56
2022-08-01,11,PT1H,MC-BajoPutumayo,10383.46,10040.96
2022-08-01,12,PT1H,MC-BajoPutumayo,10862.53,10437.57
2022-08-01,13,PT1H,MC-BajoPutumayo,10758.61,10412.3
2022-08-01,14,PT1H,MC-BajoPutumayo,11191.82,10428.13
2022-08-01,15,PT1H,MC-BajoPutumayo,11390.74,10281.07
2022-08-01,16,PT1H,MC-BajoPutumayo,11032.16,10253.21
2022-08-01,17,PT1H,MC-BajoPutumayo,10779.47,10351.16
2022-08-01,18,PT1H,MC-BajoPutumayo,10634.7,10348.15
2022-08-01,19,PT1H,MC-BajoPutumayo,11621.24,11234.23
2022-08-01,20,PT1H,MC-BajoPutumayo,12238.61,11874.63
2022-08-01,21,PT1H,MC-BajoPutumayo,11503.41,11219.47
2022-08-01,22,PT1H,MC-BajoPutumayo,10208.27,10105.07
2022-08-01,23,PT1H,MC-BajoPutumayo,8590.85,8783.59
2022-08-01,24,PT1H,MC-BajoPutumayo,7337.55,7588.5
2025-11-16,1,PT1H,MC-BajoPutumayo,8580.75,7458.5
2025-11-16,2,PT1H,MC-BajoPutumayo,8149.71,7077.5
2025-11-16,3,PT1H,MC-BajoPutumayo,7563.09,6876.0
2025-11-16,4,PT1H,MC-BajoPutumayo,7513.21,6752.0
2025-11-16,5,PT1H,MC-BajoPutumayo,7435.23,6815.6
2025-11-16,6,PT1H,MC-BajoPutumayo,7499.98,7405.7
2025-11-16,7,PT1H,MC-BajoPutumayo,8474.47,8251.3
2025-11-16,8,PT1H,MC-BajoPutumayo,8821.5,9395.2
2025-11-16,9,PT1H,MC-BajoPutumayo,9968.16,10497.9
2025-11-16,10,PT1H,MC-BajoPutumayo,10814.09,11258.2
2025-11-16,11,PT1H,MC-BajoPutumayo,11437.03,11921.1
2025-11-16,12,PT1H,MC-BajoPutumayo,11843.87,12345.5
2025-11-16,13,PT1H,MC-BajoPutumayo,12078.81,11956.0
2025-11-16,14,PT1H,MC-BajoPutumayo,12076.57,12223.0
2025-11-16,15,PT1H,MC-BajoPutumayo,12333.27,12941.1
2025-11-16,16,PT1H,MC-BajoPutumayo,12257.99,13090.9
2025-11-16,17,PT1H,MC-BajoPutumayo,12034.84,12816.9
2025-11-16,18,PT1H,MC-BajoPutumayo,12422.01,12518.2
2025-11-16,19,PT1H,MC-BajoPutumayo,13680.56,14318.3
2025-11-16,20,PT1H,MC-BajoPutumayo,13665.85,14371.7
2025-11-16,21,PT1H,MC-BajoPutumayo,13155.69,13517.8
2025-11-16,22,PT1H,MC-BajoPutumayo,11911.87,11999.8
2025-11-16,23,PT1H,MC-BajoPutumayo,10725.21,10064.9
2025-11-16,24,PT1H,MC-BajoPutumayo,9435.74,8467.1
2025-01-16,1,PT1H,MC-BajoPutumayo,9841.88,9103.1
2025-01-16,2,PT1H,MC-BajoPutumayo,9213.35,8551.7
2025-01-16,3,PT1H,MC-BajoPutumayo,8785.77,7959.2
2025-01-16,4,PT1H,MC-BajoPutumayo,8532.74,7970.2
2025-01-16,5,PT1H,MC-BajoPutumayo,8395.73,8082.8
2025-01-16,6,PT1H,MC-BajoPutumayo,8623.38,7945.3
2025-01-16,7,PT1H,MC-BajoPutumayo,8812.98,8358.1
2025-01-16,8,PT1H,MC-BajoPutumayo,9841.46,9699.7
2025-01-16,9,PT1H,MC-BajoPutumayo,11423.12,10904.9
2025-01-16,10,PT1H,MC-BajoPutumayo,12681.4,11794.5
2025-01-16,11,PT1H,MC-BajoPutumayo,13612.22,12467.5
2025-01-16,12,PT1H,MC-BajoPutumayo,14438.5,12968.9
2025-01-16,13,PT1H,MC-BajoPutumayo,14217.47,12820.1
2025-01-16,14,PT1H,MC-BajoPutumayo,14473.55,12933.8
2025-01-16,15,PT1H,MC-BajoPutumayo,15285.73,12905.5
2025-01-16,16,PT1H,MC-BajoPutumayo,15230.18,13007.2
2025-01-16,17,PT1H,MC-BajoPutumayo,14968.67,13300.2
2025-01-16,18,PT1H,MC-BajoPutumayo,14962.38,13664.0
2025-01-16,19,PT1H,MC-BajoPutumayo,15405.53,14735.5
2025-01-16,20,PT1H,MC-BajoPutumayo,15593.15,14748.7
2025-01-16,21,PT1H,MC-BajoPutumayo,14554.24,13972.7
2025-01-16,22,PT1H,MC-BajoPutumayo,13414.49,12772.3
2025-01-16,23,PT1H,MC-BajoPutumayo,11930.89,11410.3
2025-01-16,24,PT1H,MC-BajoPutumayo,10622.12,10172.7
2026-01-11,1,PT1H,MC-BajoPutumayo,9179.71,8642.3
2026-01-11,2,PT1H,MC-BajoPutumayo,8601.3,8142.3
2026-01-11,3,PT1H,MC-BajoPutumayo,8257.68,7818.0
2026-01-11,4,PT1H,MC-BajoPutumayo,7977.43,7691.0
2026-01-11,5,PT1H,MC-BajoPutumayo,7866.72,7776.7
2026-01-11,6,PT1H,MC-BajoPutumayo,7891.25,7889.0
2026-01-11,7,PT1H,MC-BajoPutumayo,7861.83,8323.4
2026-01-11,8,PT1H,MC-BajoPutumayo,8638.71,9669.0
2026-01-11,9,PT1H,MC-BajoPutumayo,9625.1,11121.5
2026-01-11,10,PT1H,MC-BajoPutumayo,10417.69,12084.8
2026-01-11,11,PT1H,MC-BajoPutumayo,10794.65,12936.8
2026-01-11,12,PT1H,MC-BajoPutumayo,10954.38,13224.4
2026-01-11,13,PT1H,MC-BajoPutumayo,11012.83,12889.5
2026-01-11,14,PT1H,MC-BajoPutumayo,10805.52,13337.4
2026-01-11,15,PT1H,MC-BajoPutumayo,10785.85,14006.7
2026-01-11,16,PT1H,MC-BajoPutumayo,10842.37,13995.9
2026-01-11,17,PT1H,MC-BajoPutumayo,10803.11,13792.5
2026-01-11,18,PT1H,MC-BajoPutumayo,11071.72,13695.0
2026-01-11,19,PT1H,MC-BajoPutumayo,12641.09,14967.6
2026-01-11,20,PT1H,MC-BajoPutumayo,13339.91,14521.1
2026-01-11,21,PT1H,MC-BajoPutumayo,11669.75,13748.0
2026-01-11,22,PT1H,MC-BajoPutumayo,10653.79,12466.4
2026-01-11,23,PT1H,MC-BajoPutumayo,9710.54,11111.3
2026-01-11,24,PT1H,MC-BajoPutumayo,8721.45,9870.4
2025-04-03,1,PT1H,MC-BajoPutumayo,7075.28,8005.6
2025-04-03,2,PT1H,MC-BajoPutumayo,6762.76,7560.1
2025-04-03,3,PT1H,MC-BajoPutumayo,6530.53,7404.4
2025-04-03,4,PT1H,MC-BajoPutumayo,6442.42,7211.9
2025-04-03,5,PT1H,MC-BajoPutumayo,6496.59,7294.5
2025-04-03,6,PT1H,MC-BajoPutumayo,7023.04,7991.7
2025-04-03,7,PT1H,MC-BajoPutumayo,7755.04,8756.8
2025-04-03,8,PT1H,MC-BajoPutumayo,8341.4,9360.9
2025-04-03,9,PT1H,MC-BajoPutumayo,9143.64,10295.1
2025-04-03,10,PT1H,MC-BajoPutumayo,10037.42,10804.3
2025-04-03,11,PT1H,MC-BajoPutumayo,10805.15,11507.7
2025-04-03,12,PT1H,MC-BajoPutumayo,11407.85,11703.8
2025-04-03,13,PT1H,MC-BajoPutumayo,11291.47,11374.6
2025-04-03,14,PT1H,MC-BajoPutumayo,11631.62,11629.7
2025-04-03,15,PT1H,MC-BajoPutumayo,12746.26,12395.6
2025-04-03,16,PT1H,MC-BajoPutumayo,13203.7,12668.0
2025-04-03,17,PT1H,MC-BajoPutumayo,13096.67,12685.7
2025-04-03,18,PT1H,MC-BajoPutumayo,12963.21,12803.5
2025-04-03,19,PT1H,MC-BajoPutumayo,14085.04,14132.5
2025-04-03,20,PT1H,MC-BajoPutumayo,14496.78,14502.1
2025-04-03,21,PT1H,MC-BajoPutumayo,13551.26,13700.4
2025-04-03,22,PT1H,MC-BajoPutumayo,12267.25,12256.3
2025-04-03,23,PT1H,MC-BajoPutumayo,10590.57,10302.6
2025-04-03,24,PT1H,MC-BajoPutumayo,8992.99,8892.3
2022-08-24,1,PT1H,MC-BajoPutumayo,6974.81,7017.46
2022-08-24,2,PT1H,MC-BajoPutumayo,6505.14,6619.34
2022-08-24,3,PT1H,MC-BajoPutumayo,6284.94,6394.8
2022-08-24,4,PT1H,MC-BajoPutumayo,6180.18,6288.14
2022-08-24,5,PT1H,MC-BajoPutumayo,6204.97,6294.88
2022-08-24,6,PT1H,MC-BajoPutumayo,6815.48,6703.77
2022-08-24,7,PT1H,MC-BajoPutumayo,7523.14,7324.19
2022-08-24,8,PT1H,MC-BajoPutumayo,8209.52,8529.99
2022-08-24,9,PT1H,MC-BajoPutumayo,9207.85,9532.13
2022-08-24,10,PT1H,MC-BajoPutumayo,9874.69,10391.24
2022-08-24,11,PT1H,MC-BajoPutumayo,10686.48,10688.54
2022-08-24,12,PT1H,MC-BajoPutumayo,11489.56,11095.34
2022-08-24,13,PT1H,MC-BajoPutumayo,11403.23,10583.34
2022-08-24,14,PT1H,MC-BajoPutumayo,11638.99,10679.33
2022-08-24,15,PT1H,MC-BajoPutumayo,12195.2,11061.95
2022-08-24,16,PT1H,MC-BajoPutumayo,12154.01,11139.42
2022-08-24,17,PT1H,MC-BajoPutumayo,11949.74,11179.17
2022-08-24,18,PT1H,MC-BajoPutumayo,11892.17,10756.12
2022-08-24,19,PT1H,MC-BajoPutumayo,13074.44,11628.25
2022-08-24,20,PT1H,MC-BajoPutumayo,13475.95,12788.7
2022-08-24,21,PT1H,MC-BajoPutumayo,12766.59,11871.66
2022-08-24,22,PT1H,MC-BajoPutumayo,11578.46,10780.15
2022-08-24,23,PT1H,MC-BajoPutumayo,9476.03,8924.07
2022-08-24,24,PT1H,MC-BajoPutumayo,8465.31,7875.44
2023-04-03,1,PT1H,MC-BajoPutumayo,6617.9,7145.66
2023-04-03,2,PT1H,MC-BajoPutumayo,6260.95,6689.8
2023-04-03,3,PT1H,MC-BajoPutumayo,6074.61,6420.53
2023-04-03,4,PT1H,MC-BajoPutumayo,5975.52,6295.9
2023-04-03,5,PT1H,MC-BajoPutumayo,6015.42,6333.07
2023-04-03,6,PT1H,MC-BajoPutumayo,6396.9,6860.88
2023-04-03,7,PT1H,MC-BajoPutumayo,6871.05,7581.61
2023-04-03,8,PT1H,MC-BajoPutumayo,8074.41,8496.87
2023-04-03,9,PT1H,MC-BajoPutumayo,9358.38,9521.77
2023-04-03,10,PT1H,MC-BajoPutumayo,10205.24,10200.02
2023-04-03,11,PT1H,MC-BajoPutumayo,10983.95,10710.56
2023-04-03,12,PT1H,MC-BajoPutumayo,11582.55,11260.37
2023-04-03,13,PT1H,MC-BajoPutumayo,11229.75,11132.5
2023-04-03,14,PT1H,MC-BajoPutumayo,11142.76,11122.69
2023-04-03,15,PT1H,MC-BajoPutumayo,11562.57,11700.16
2023-04-03,16,PT1H,MC-BajoPutumayo,11776.08,11969.64
2023-04-03,17,PT1H,MC-BajoPutumayo,11858.94,12122.32
2023-04-03,18,PT1H,MC-BajoPutumayo,11658.05,11813.33
2023-04-03,19,PT1H,MC-BajoPutumayo,12527.56,12912.09
2023-04-03,20,PT1H,MC-BajoPutumayo,12873.8,13411.5
2023-04-03,21,PT1H,MC-BajoPutumayo,11934.79,12605.63
2023-04-03,22,PT1H,MC-BajoPutumayo,10820.89,11152.13
2023-04-03,23,PT1H,MC-BajoPutumayo,9256.37,9548.5
2023-04-03,24,PT1H,MC-BajoPutumayo,7831.99,8223.98
2023-06-06,1,PT1H,MC-BajoPutumayo,7022.66,7407.82
2023-06-06,2,PT1H,MC-BajoPutumayo,6612.05,6992.07
2023-06-06,3,PT1H,MC-BajoPutumayo,6385.03,6696.5
2023-06-06,4,PT1H,MC-BajoPutumayo,6245.03,6542.28
2023-06-06,5,PT1H,MC-BajoPutumayo,6295.24,6573.25
2023-06-06,6,PT1H,MC-BajoPutumayo,6952.62,7064.51
2023-06-06,7,PT1H,MC-BajoPutumayo,7740.78,7834.15
2023-06-06,8,PT1H,MC-BajoPutumayo,8329.59,8605.07
2023-06-06,9,PT1H,MC-BajoPutumayo,9003.79,9598.17
2023-06-06,10,PT1H,MC-BajoPutumayo,9526.55,10044.38
2023-06-06,11,PT1H,MC-BajoPutumayo,9910.87,10476.54
2023-06-06,12,PT1H,MC-BajoPutumayo,10183.46,10802.6
2023-06-06,13,PT1H,MC-BajoPutumayo,9860.91,10404.32
2023-06-06,14,PT1H,MC-BajoPutumayo,9938.89,10320.4
2023-06-06,15,PT1H,MC-BajoPutumayo,10486.11,10862.42
2023-06-06,16,PT1H,MC-BajoPutumayo,10694.51,11213.8
2023-06-06,17,PT1H,MC-BajoPutumayo,10765.43,11474.52
2023-06-06,18,PT1H,MC-BajoPutumayo,11099.07,11374.41
2023-06-06,19,PT1H,MC-BajoPutumayo,12268.13,12536.37
2023-06-06,20,PT1H,MC-BajoPutumayo,12158.87,12801.14
2023-06-06,21,PT1H,MC-BajoPutumayo,11212.33,11924.12
2023-06-06,22,PT1H,MC-BajoPutumayo,9943.9,10662.7
2023-06-06,23,PT1H,MC-BajoPutumayo,8312.99,9048.03
2023-06-06,24,PT1H,MC-BajoPutumayo,7162.14,7860.07
2022-06-04,1,PT1H,MC-BajoPutumayo,6666.97,7290.98
2022-06-04,2,PT1H,MC-BajoPutumayo,6285.39,6893.12
2022-06-04,3,PT1H,MC-BajoPutumayo,6062.18,6663.25
2022-06-04,4,PT1H,MC-BajoPutumayo,5950.2,6611.17
2022-06-04,5,PT1H,MC-BajoPutumayo,5981.29,6507.66
2022-06-04,6,PT1H,MC-BajoPutumayo,6243.46,6636.43
2022-06-04,7,PT1H,MC-BajoPutumayo,6743.98,7029.71
2022-06-04,8,PT1H,MC-BajoPutumayo,7819.8,8222.29
2022-06-04,9,PT1H,MC-BajoPutumayo,9091.05,9119.72
2022-06-04,10,PT1H,MC-BajoPutumayo,9816.35,9778.89
2022-06-04,11,PT1H,MC-BajoPutumayo,10374.27,10439.91
2022-06-04,12,PT1H,MC-BajoPutumayo,10821.79,10967.6
2022-06-04,13,PT1H,MC-BajoPutumayo,11002.68,10919.82
2022-06-04,14,PT1H,MC-BajoPutumayo,10924.74,10493.67
2022-06-04,15,PT1H,MC-BajoPutumayo,11096.11,10718.46
2022-06-04,16,PT1H,MC-BajoPutumayo,11245.0,10872.77
2022-06-04,17,PT1H,MC-BajoPutumayo,10656.26,11169.76
2022-06-04,18,PT1H,MC-BajoPutumayo,11202.75,10843.68
2022-06-04,19,PT1H,MC-BajoPutumayo,12015.1,12148.07
2022-06-04,20,PT1H,MC-BajoPutumayo,12301.15,12343.45
2022-06-04,21,PT1H,MC-BajoPutumayo,11603.84,11527.66
2022-06-04,22,PT1H,MC-BajoPutumayo,10379.73,10369.88
2022-06-04,23,PT1H,MC-BajoPutumayo,9317.02,9008.41
2022-06-04,24,PT1H,MC-BajoPutumayo,8136.29,7910.49
2022-08-03,1,PT1H,MC-BajoPutumayo,6936.6,6928.09
2022-08-03,2,PT1H,MC-BajoPutumayo,6526.86,6569.93
2022-08-03,3,PT1H,MC-BajoPutumayo,6262.68,6390.48
2022-08-03,4,PT1H,MC-BajoPutumayo,6165.74,6419.38
2022-08-03,5,PT1H,MC-BajoPutumayo,6249.73,6380.67
2022-08-03,6,PT1H,MC-BajoPutumayo,6910.6,6802.43
2022-08-03,7,PT1H,MC-BajoPutumayo,7754.79,7441.69
2022-08-03,8,PT1H,MC-BajoPutumayo,8409.15,8476.48
2022-08-03,9,PT1H,MC-BajoPutumayo,9447.53,9429.56
2022-08-03,10,PT1H,MC-BajoPutumayo,10078.27,10021.18
2022-08-03,11,PT1H,MC-BajoPutumayo,10714.4,10513.01
2022-08-03,12,PT1H,MC-BajoPutumayo,11200.84,10881.07
2022-08-03,13,PT1H,MC-BajoPutumayo,10719.46,10444.64
2022-08-03,14,PT1H,MC-BajoPutumayo,10903.18,10386.21
2022-08-03,15,PT1H,MC-BajoPutumayo,11864.95,10772.57
2022-08-03,16,PT1H,MC-BajoPutumayo,12123.97,10835.98
2022-08-03,17,PT1H,MC-BajoPutumayo,12146.78,10935.91
2022-08-03,18,PT1H,MC-BajoPutumayo,11953.23,10832.39
2022-08-03,19,PT1H,MC-BajoPutumayo,12758.75,11953.06
2022-08-03,20,PT1H,MC-BajoPutumayo,13330.01,12746.37
2022-08-03,21,PT1H,MC-BajoPutumayo,12395.61,12013.52
2022-08-03,22,PT1H,MC-BajoPutumayo,11157.2,10836.99
2022-08-03,23,PT1H,MC-BajoPutumayo,9441.89,9251.78
2022-08-03,24,PT1H,MC-BajoPutumayo,8002.43,7835.0
2023-09-20,1,PT1H,MC-BajoPutumayo,7362.83,7296.46
2023-09-20,2,PT1H,MC-BajoPutumayo,7004.23,6850.28
2023-09-20,3,PT1H,MC-BajoPutumayo,6810.58,6569.75
2023-09-20,4,PT1H,MC-BajoPutumayo,6556.66,6407.75
2023-09-20,5,PT1H,MC-BajoPutumayo,6604.57,6376.19
2023-09-20,6,PT1H,MC-BajoPutumayo,7191.35,6645.58
2023-09-20,7,PT1H,MC-BajoPutumayo,8172.34,7432.68
2023-09-20,8,PT1H,MC-BajoPutumayo,9153.76,8143.21
2023-09-20,9,PT1H,MC-BajoPutumayo,9631.1,9159.77
2023-09-20,10,PT1H,MC-BajoPutumayo,10622.35,10106.27
2023-09-20,11,PT1H,MC-BajoPutumayo,11610.39,10779.01
2023-09-20,12,PT1H,MC-BajoPutumayo,12227.85,11403.82
2023-09-20,13,PT1H,MC-BajoPutumayo,11968.98,11111.68
2023-09-20,14,PT1H,MC-BajoPutumayo,12554.6,11479.08
2023-09-20,15,PT1H,MC-BajoPutumayo,12836.6,12437.49
2023-09-20,16,PT1H,MC-BajoPutumayo,13748.51,12571.67
2023-09-20,17,PT1H,MC-BajoPutumayo,13769.48,12581.39
2023-09-20,18,PT1H,MC-BajoPutumayo,13638.64,12334.87
2023-09-20,19,PT1H,MC-BajoPutumayo,14522.96,13169.58
2023-09-20,20,PT1H,MC-BajoPutumayo,14481.54,13734.0
2023-09-20,21,PT1H,MC-BajoPutumayo,13463.9,12969.25
2023-09-20,22,PT1H,MC-BajoPutumayo,12098.12,11840.65
2023-09-20,23,PT1H,MC-BajoPutumayo,10402.47,10186.71
2023-09-20,24,PT1H,MC-BajoPutumayo,8860.66,8671.29
2025-03-27,1,PT1H,MC-BajoPutumayo,8415.52,8234.6
2025-03-27,2,PT1H,MC-BajoPutumayo,7792.94,7745.0
2025-03-27,3,PT1H,MC-BajoPutumayo,7487.59,7525.0
2025-03-27,4,PT1H,MC-BajoPutumayo,7312.95,7367.5
2025-03-27,5,PT1H,MC-BajoPutumayo,7260.31,7459.1
2025-03-27,6,PT1H,MC-BajoPutumayo,7859.76,8158.3
2025-03-27,7,PT1H,MC-BajoPutumayo,8518.13,8758.6
2025-03-27,8,PT1H,MC-BajoPutumayo,9137.78,9362.5
2025-03-27,9,PT1H,MC-BajoPutumayo,10360.42,10247.1
2025-03-27,10,PT1H,MC-BajoPutumayo,11094.45,10787.4
2025-03-27,11,PT1H,MC-BajoPutumayo,12217.13,11484.9
2025-03-27,12,PT1H,MC-BajoPutumayo,13057.68,11854.5
2025-03-27,13,PT1H,MC-BajoPutumayo,13042.06,11472.9
2025-03-27,14,PT1H,MC-BajoPutumayo,13372.03,11510.1
2025-03-27,15,PT1H,MC-BajoPutumayo,14219.81,12197.9
2025-03-27,16,PT1H,MC-BajoPutumayo,14205.28,12518.2
2025-03-27,17,PT1H,MC-BajoPutumayo,13942.56,12604.7
2025-03-27,18,PT1H,MC-BajoPutumayo,13711.31,12581.7
2025-03-27,19,PT1H,MC-BajoPutumayo,14434.92,13678.6
2025-03-27,20,PT1H,MC-BajoPutumayo,14906.79,14198.4
2025-03-27,21,PT1H,MC-BajoPutumayo,13988.09,13467.6
2025-03-27,22,PT1H,MC-BajoPutumayo,12606.27,11996.9
2025-03-27,23,PT1H,MC-BajoPutumayo,10798.77,10218.7
2025-03-27,24,PT1H,MC-BajoPutumayo,9164.3,8782.8
2024-08-01,1,PT1H,MC-BajoPutumayo,7795.45,7253.1
2024-08-01,2,PT1H,MC-BajoPutumayo,7378.89,6706.2
2024-08-01,3,PT1H,MC-BajoPutumayo,7146.16,6554.0
2024-08-01,4,PT1H,MC-BajoPutumayo,7043.3,6199.8
2024-08-01,5,PT1H,MC-BajoPutumayo,7144.05,6386.0
2024-08-01,6,PT1H,MC-BajoPutumayo,7881.59,6874.2
2024-08-01,7,PT1H,MC-BajoPutumayo,8451.81,7442.3
2024-08-01,8,PT1H,MC-BajoPutumayo,9289.0,8596.7
2024-08-01,9,PT1H,MC-BajoPutumayo,10149.62,9595.7
2024-08-01,10,PT1H,MC-BajoPutumayo,10609.93,10436.5
2024-08-01,11,PT1H,MC-BajoPutumayo,10951.44,11177.8
2024-08-01,12,PT1H,MC-BajoPutumayo,11280.01,11588.4
2024-08-01,13,PT1H,MC-BajoPutumayo,10784.8,11335.0
2024-08-01,14,PT1H,MC-BajoPutumayo,10966.81,11219.0
2024-08-01,15,PT1H,MC-BajoPutumayo,11573.52,11085.8
2024-08-01,16,PT1H,MC-BajoPutumayo,11649.2,10998.1
2024-08-01,17,PT1H,MC-BajoPutumayo,11651.66,10994.8
2024-08-01,18,PT1H,MC-BajoPutumayo,11493.99,11111.7
2024-08-01,19,PT1H,MC-BajoPutumayo,12881.81,12740.8
2024-08-01,20,PT1H,MC-BajoPutumayo,13023.52,13645.4
2024-08-01,21,PT1H,MC-BajoPutumayo,12120.21,12910.7
2024-08-01,22,PT1H,MC-BajoPutumayo,10721.06,11656.9
2024-08-01,23,PT1H,MC-BajoPutumayo,8827.97,9764.0
2024-08-01,24,PT1H,MC-BajoPutumayo,7400.84,8333.9
2025-06-03,1,PT1H,MC-BajoPutumayo,6846.68,7103.4
2025-06-03,2,PT1H,MC-BajoPutumayo,6487.83,6730.4
2025-06-03,3,PT1H,MC-BajoPutumayo,6307.9,6518.1
2025-06-03,4,PT1H,MC-BajoPutumayo,6258.21,6410.4
2025-06-03,5,PT1H,MC-BajoPutumayo,6326.45,6470.1
2025-06-03,6,PT1H,MC-BajoPutumayo,6985.45,7070.0
2025-06-03,7,PT1H,MC-BajoPutumayo,7830.77,7923.2
2025-06-03,8,PT1H,MC-BajoPutumayo,8356.28,8494.1
2025-06-03,9,PT1H,MC-BajoPutumayo,9269.94,9377.4
2025-06-03,10,PT1H,MC-BajoPutumayo,9737.58,9933.6
2025-06-03,11,PT1H,MC-BajoPutumayo,10376.34,10478.2
2025-06-03,12,PT1H,MC-BajoPutumayo,10560.87,10940.7
2025-06-03,13,PT1H,MC-BajoPutumayo,10387.61,10920.8
2025-06-03,14,PT1H,MC-BajoPutumayo,10250.1,11065.6
2025-06-03,15,PT1H,MC-BajoPutumayo,10752.45,11928.3
2025-06-03,16,PT1H,MC-BajoPutumayo,11184.94,11958.9
2025-06-03,17,PT1H,MC-BajoPutumayo,11339.36,12031.7
2025-06-03,18,PT1H,MC-BajoPutumayo,11373.51,12012.4
2025-06-03,19,PT1H,MC-BajoPutumayo,12757.82,13367.1
2025-06-03,20,PT1H,MC-BajoPutumayo,13140.21,13643.5
2025-06-03,21,PT1H,MC-BajoPutumayo,12374.36,12630.4
2025-06-03,22,PT1H,MC-BajoPutumayo,11219.56,11355.5
2025-06-03,23,PT1H,MC-BajoPutumayo,9412.2,9663.8
2025-06-03,24,PT1H,MC-BajoPutumayo,8087.42,8186.0
2023-08-06,1,PT1H,MC-BajoPutumayo,8191.91,6651.47
2023-08-06,2,PT1H,MC-BajoPutumayo,7657.12,6476.48
2023-08-06,3,PT1H,MC-BajoPutumayo,7316.47,6294.56
2023-08-06,4,PT1H,MC-BajoPutumayo,7099.98,6263.47
2023-08-06,5,PT1H,MC-BajoPutumayo,6792.51,6474.66
2023-08-06,6,PT1H,MC-BajoPutumayo,6447.67,7234.25
2023-08-06,7,PT1H,MC-BajoPutumayo,7033.48,8404.37
2023-08-06,8,PT1H,MC-BajoPutumayo,7781.23,8930.52
2023-08-06,9,PT1H,MC-BajoPutumayo,8740.7,9592.07
2023-08-06,10,PT1H,MC-BajoPutumayo,9049.67,10060.23
2023-08-06,11,PT1H,MC-BajoPutumayo,9875.83,10625.57
2023-08-06,12,PT1H,MC-BajoPutumayo,10757.57,10953.04
2023-08-06,13,PT1H,MC-BajoPutumayo,10786.12,10660.92
2023-08-06,14,PT1H,MC-BajoPutumayo,10385.19,10747.04
2023-08-06,15,PT1H,MC-BajoPutumayo,10163.58,11143.62
2023-08-06,16,PT1H,MC-BajoPutumayo,10126.5,11153.49
2023-08-06,17,PT1H,MC-BajoPutumayo,10284.7,11188.98
2023-08-06,18,PT1H,MC-BajoPutumayo,10259.94,10940.62
2023-08-06,19,PT1H,MC-BajoPutumayo,11514.87,12478.28
2023-08-06,20,PT1H,MC-BajoPutumayo,12182.37,13481.12
2023-08-06,21,PT1H,MC-BajoPutumayo,11580.94,12749.52
2023-08-06,22,PT1H,MC-BajoPutumayo,10744.55,11200.64
2023-08-06,23,PT1H,MC-BajoPutumayo,9570.82,9055.03
2023-08-06,24,PT1H,MC-BajoPutumayo,8496.94,7469.0
2024-11-05,1,PT1H,MC-BajoPutumayo,8367.01,8152.8
2024-11-05,2,PT1H,MC-BajoPutumayo,8041.19,7972.7
2024-11-05,3,PT1H,MC-BajoPutumayo,7813.38,7304.9
2024-11-05,4,PT1H,MC-BajoPutumayo,7743.07,7261.3
2024-11-05,5,PT1H,MC-BajoPutumayo,7934.9,7465.6
2024-11-05,6,PT1H,MC-BajoPutumayo,9952.32,8041.5
2024-11-05,7,PT1H,MC-BajoPutumayo,9114.04,8601.8
2024-11-05,8,PT1H,MC-BajoPutumayo,9899.08,10022.6
2024-11-05,9,PT1H,MC-BajoPutumayo,11339.08,11288.3
2024-11-05,10,PT1H,MC-BajoPutumayo,12313.52,11951.0
2024-11-05,11,PT1H,MC-BajoPutumayo,13527.35,13198.3
2024-11-05,12,PT1H,MC-BajoPutumayo,13713.79,13461.5
2024-11-05,13,PT1H,MC-BajoPutumayo,13699.26,12987.5
2024-11-05,14,PT1H,MC-BajoPutumayo,14406.67,14025.5
2024-11-05,15,PT1H,MC-BajoPutumayo,15517.95,14249.4
2024-11-05,16,PT1H,MC-BajoPutumayo,14661.82,14474.7
2024-11-05,17,PT1H,MC-BajoPutumayo,14582.08,13937.1
2024-11-05,18,PT1H,MC-BajoPutumayo,15115.18,14699.1
2024-11-05,19,PT1H,MC-BajoPutumayo,15885.89,15547.9
2024-11-05,20,PT1H,MC-BajoPutumayo,15285.41,14806.4
2024-11-05,21,PT1H,MC-BajoPutumayo,14202.92,13914.9
2024-11-05,22,PT1H,MC-BajoPutumayo,12591.94,12221.0
2024-11-05,23,PT1H,MC-BajoPutumayo,10940.57,10461.6
2024-11-05,24,PT1H,MC-BajoPutumayo,9806.99,9240.6
2025-01-06,1,PT1H,MC-BajoPutumayo,8696.69,7832.9
2025-01-06,2,PT1H,MC-BajoPutumayo,7893.17,7439.0
2025-01-06,3,PT1H,MC-BajoPutumayo,7284.75,7163.8
2025-01-06,4,PT1H,MC-BajoPutumayo,7387.93,7050.6
2025-01-06,5,PT1H,MC-BajoPutumayo,7216.77,7124.0
2025-01-06,6,PT1H,MC-BajoPutumayo,7254.17,7283.4
2025-01-06,7,PT1H,MC-BajoPutumayo,7400.38,7926.8
2025-01-06,8,PT1H,MC-BajoPutumayo,8176.95,8773.7
2025-01-06,9,PT1H,MC-BajoPutumayo,9374.78,9888.2
2025-01-06,10,PT1H,MC-BajoPutumayo,10364.48,10549.4
2025-01-06,11,PT1H,MC-BajoPutumayo,11164.07,11004.3
2025-01-06,12,PT1H,MC-BajoPutumayo,11682.63,11335.3
2025-01-06,13,PT1H,MC-BajoPutumayo,11789.91,11037.8
2025-01-06,14,PT1H,MC-BajoPutumayo,11561.37,11274.7
2025-01-06,15,PT1H,MC-BajoPutumayo,11423.17,11897.1
2025-01-06,16,PT1H,MC-BajoPutumayo,11259.85,12054.6
2025-01-06,17,PT1H,MC-BajoPutumayo,11072.26,11829.6
2025-01-06,18,PT1H,MC-BajoPutumayo,11014.85,11960.7
2025-01-06,19,PT1H,MC-BajoPutumayo,12026.85,12675.2
2025-01-06,20,PT1H,MC-BajoPutumayo,12704.46,12443.4
2025-01-06,21,PT1H,MC-BajoPutumayo,12165.19,11582.6
2025-01-06,22,PT1H,MC-BajoPutumayo,11348.31,10643.3
2025-01-06,23,PT1H,MC-BajoPutumayo,10350.14,9459.1
2025-01-06,24,PT1H,MC-BajoPutumayo,9442.41,8226.9
2023-08-03,1,PT1H,MC-BajoPutumayo,7586.81,7418.2
2023-08-03,2,PT1H,MC-BajoPutumayo,7125.37,7016.82
2023-08-03,3,PT1H,MC-BajoPutumayo,6864.04,6871.71
2023-08-03,4,PT1H,MC-BajoPutumayo,6660.0,6672.67
2023-08-03,5,PT1H,MC-BajoPutumayo,6714.56,6826.81
2023-08-03,6,PT1H,MC-BajoPutumayo,7385.91,6919.79
2023-08-03,7,PT1H,MC-BajoPutumayo,8251.71,7782.72
2023-08-03,8,PT1H,MC-BajoPutumayo,8765.01,9091.14
2023-08-03,9,PT1H,MC-BajoPutumayo,9680.65,9912.56
2023-08-03,10,PT1H,MC-BajoPutumayo,10118.09,10557.33
2023-08-03,11,PT1H,MC-BajoPutumayo,10423.23,11056.88
2023-08-03,12,PT1H,MC-BajoPutumayo,10667.99,11619.99
2023-08-03,13,PT1H,MC-BajoPutumayo,10392.65,11546.78
2023-08-03,14,PT1H,MC-BajoPutumayo,10670.98,11865.56
2023-08-03,15,PT1H,MC-BajoPutumayo,11812.34,12421.04
2023-08-03,16,PT1H,MC-BajoPutumayo,12267.96,12381.65
2023-08-03,17,PT1H,MC-BajoPutumayo,12216.91,12342.26
2023-08-03,18,PT1H,MC-BajoPutumayo,12182.58,12089.76
2023-08-03,19,PT1H,MC-BajoPutumayo,12913.71,13540.46
2023-08-03,20,PT1H,MC-BajoPutumayo,13446.68,14991.16
2023-08-03,21,PT1H,MC-BajoPutumayo,12518.3,14052.69
2023-08-03,22,PT1H,MC-BajoPutumayo,11225.52,12361.2
2023-08-03,23,PT1H,MC-BajoPutumayo,9467.43,10283.61
2023-08-03,24,PT1H,MC-BajoPutumayo,8109.66,8619.31
2026-01-12,1,PT1H,MC-BajoPutumayo,7942.49,7830.1
2026-01-12,2,PT1H,MC-BajoPutumayo,7519.01,7431.7
2026-01-12,3,PT1H,MC-BajoPutumayo,7298.2,7136.0
2026-01-12,4,PT1H,MC-BajoPutumayo,7213.54,6995.7
2026-01-12,5,PT1H,MC-BajoPutumayo,7135.68,7026.6
2026-01-12,6,PT1H,MC-BajoPutumayo,7382.26,7113.6
2026-01-12,7,PT1H,MC-BajoPutumayo,7546.46,7472.1
2026-01-12,8,PT1H,MC-BajoPutumayo,8411.91,8335.7
2026-01-12,9,PT1H,MC-BajoPutumayo,9547.29,9767.0
2026-01-12,10,PT1H,MC-BajoPutumayo,10378.21,10505.2
2026-01-12,11,PT1H,MC-BajoPutumayo,11024.27,11080.0
2026-01-12,12,PT1H,MC-BajoPutumayo,11302.12,11301.3
2026-01-12,13,PT1H,MC-BajoPutumayo,11149.09,11140.5
2026-01-12,14,PT1H,MC-BajoPutumayo,11362.87,11452.0
2026-01-12,15,PT1H,MC-BajoPutumayo,11709.51,12017.4
2026-01-12,16,PT1H,MC-BajoPutumayo,11863.84,12127.9
2026-01-12,17,PT1H,MC-BajoPutumayo,11975.89,12093.7
2026-01-12,18,PT1H,MC-BajoPutumayo,11856.26,11757.9
2026-01-12,19,PT1H,MC-BajoPutumayo,13723.56,12411.8
2026-01-12,20,PT1H,MC-BajoPutumayo,13563.02,12446.2
2026-01-12,21,PT1H,MC-BajoPutumayo,12715.15,11801.3
2026-01-12,22,PT1H,MC-BajoPutumayo,11433.29,10784.2
2026-01-12,23,PT1H,MC-BajoPutumayo,9936.86,9660.8
2026-01-12,24,PT1H,MC-BajoPutumayo,8806.38,8666.0
2022-03-16,1,PT1H,MC-BajoPutumayo,6706.64,7292.86
2022-03-16,2,PT1H,MC-BajoPutumayo,6344.42,6888.05
2022-03-16,3,PT1H,MC-BajoPutumayo,6165.43,6634.55
2022-03-16,4,PT1H,MC-BajoPutumayo,6063.81,6389.87
2022-03-16,5,PT1H,MC-BajoPutumayo,6136.94,6474.89
2022-03-16,6,PT1H,MC-BajoPutumayo,6769.91,6868.4
2022-03-16,7,PT1H,MC-BajoPutumayo,7507.05,7566.87
2022-03-16,8,PT1H,MC-BajoPutumayo,8018.01,8060.16
2022-03-16,9,PT1H,MC-BajoPutumayo,8964.81,8850.63
2022-03-16,10,PT1H,MC-BajoPutumayo,9696.08,9407.29
2022-03-16,11,PT1H,MC-BajoPutumayo,10317.51,9763.96
2022-03-16,12,PT1H,MC-BajoPutumayo,10613.05,10253.98
2022-03-16,13,PT1H,MC-BajoPutumayo,10191.92,10057.06
2022-03-16,14,PT1H,MC-BajoPutumayo,10279.6,10267.86
2022-03-16,15,PT1H,MC-BajoPutumayo,11049.38,10821.06
2022-03-16,16,PT1H,MC-BajoPutumayo,11300.27,10986.37
2022-03-16,17,PT1H,MC-BajoPutumayo,11280.94,11030.65
2022-03-16,18,PT1H,MC-BajoPutumayo,11198.04,10860.14
2022-03-16,19,PT1H,MC-BajoPutumayo,11983.18,11743.61
2022-03-16,20,PT1H,MC-BajoPutumayo,12136.3,12261.85
2022-03-16,21,PT1H,MC-BajoPutumayo,11272.89,11439.41
2022-03-16,22,PT1H,MC-BajoPutumayo,10083.15,10382.84
2022-03-16,23,PT1H,MC-BajoPutumayo,8621.22,8814.91
2022-03-16,24,PT1H,MC-BajoPutumayo,7269.59,7446.54
2023-08-21,1,PT1H,MC-BajoPutumayo,8507.68,7269.1
2023-08-21,2,PT1H,MC-BajoPutumayo,7832.87,6709.41
2023-08-21,3,PT1H,MC-BajoPutumayo,7438.33,6429.74
2023-08-21,4,PT1H,MC-BajoPutumayo,7239.32,6298.41
2023-08-21,5,PT1H,MC-BajoPutumayo,7146.1,6343.1
2023-08-21,6,PT1H,MC-BajoPutumayo,7333.99,6789.56
2023-08-21,7,PT1H,MC-BajoPutumayo,7467.54,7327.52
2023-08-21,8,PT1H,MC-BajoPutumayo,8580.33,8089.16
2023-08-21,9,PT1H,MC-BajoPutumayo,9723.88,9152.93
2023-08-21,10,PT1H,MC-BajoPutumayo,10564.92,9781.39
2023-08-21,11,PT1H,MC-BajoPutumayo,11366.82,10357.79
2023-08-21,12,PT1H,MC-BajoPutumayo,11913.13,10989.84
2023-08-21,13,PT1H,MC-BajoPutumayo,11683.19,10924.68
2023-08-21,14,PT1H,MC-BajoPutumayo,11311.41,10970.84
2023-08-21,15,PT1H,MC-BajoPutumayo,11408.25,11161.35
2023-08-21,16,PT1H,MC-BajoPutumayo,11381.0,11221.61
2023-08-21,17,PT1H,MC-BajoPutumayo,11232.08,11186.15
2023-08-21,18,PT1H,MC-BajoPutumayo,11008.16,11277.55
2023-08-21,19,PT1H,MC-BajoPutumayo,12323.63,12260.75
2023-08-21,20,PT1H,MC-BajoPutumayo,13081.31,12667.88
2023-08-21,21,PT1H,MC-BajoPutumayo,12221.24,12007.17
2023-08-21,22,PT1H,MC-BajoPutumayo,10762.52,10836.67
2023-08-21,23,PT1H,MC-BajoPutumayo,9370.12,9296.3
2023-08-21,24,PT1H,MC-BajoPutumayo,8024.43,7941.23
2025-06-04,1,PT1H,MC-BajoPutumayo,7152.27,7035.0
2025-06-04,2,PT1H,MC-BajoPutumayo,6723.9,6613.1
2025-06-04,3,PT1H,MC-BajoPutumayo,6509.06,6399.1
2025-06-04,4,PT1H,MC-BajoPutumayo,6391.26,6295.9
2025-06-04,5,PT1H,MC-BajoPutumayo,6459.5,6443.3
2025-06-04,6,PT1H,MC-BajoPutumayo,4736.73,7020.9
2025-06-04,7,PT1H,MC-BajoPutumayo,8253.17,7769.9
2025-06-04,8,PT1H,MC-BajoPutumayo,8902.92,8338.2
2025-06-04,9,PT1H,MC-BajoPutumayo,9718.99,9373.8
2025-06-04,10,PT1H,MC-BajoPutumayo,10338.63,10016.4
2025-06-04,11,PT1H,MC-BajoPutumayo,11098.84,10667.5
2025-06-04,12,PT1H,MC-BajoPutumayo,11555.58,11291.8
2025-06-04,13,PT1H,MC-BajoPutumayo,11211.11,11135.3
2025-06-04,14,PT1H,MC-BajoPutumayo,11128.03,11200.7
2025-06-04,15,PT1H,MC-BajoPutumayo,11644.82,12216.6
2025-06-04,16,PT1H,MC-BajoPutumayo,12295.59,12510.1
2025-06-04,17,PT1H,MC-BajoPutumayo,12316.04,12607.8
2025-06-04,18,PT1H,MC-BajoPutumayo,12223.18,12380.1
2025-06-04,19,PT1H,MC-BajoPutumayo,13350.39,13241.7
2025-06-04,20,PT1H,MC-BajoPutumayo,13672.37,13486.3
2025-06-04,21,PT1H,MC-BajoPutumayo,12816.07,12666.6
2025-06-04,22,PT1H,MC-BajoPutumayo,11467.35,11472.5
2025-06-04,23,PT1H,MC-BajoPutumayo,9666.7,9938.2
2025-06-04,24,PT1H,MC-BajoPutumayo,8230.51,8485.2
2026-01-04,1,PT1H,MC-BajoPutumayo,9895.58,8031.6
2026-01-04,2,PT1H,MC-BajoPutumayo,9328.44,7472.3
2026-01-04,3,PT1H,MC-BajoPutumayo,8846.09,7230.1
2026-01-04,4,PT1H,MC-BajoPutumayo,8602.41,7053.2
2026-01-04,5,PT1H,MC-BajoPutumayo,8408.45,6960.1
2026-01-04,6,PT1H,MC-BajoPutumayo,8436.54,6902.9
2026-01-04,7,PT1H,MC-BajoPutumayo,8589.69,7438.3
2026-01-04,8,PT1H,MC-BajoPutumayo,9630.16,8270.0
2026-01-04,9,PT1H,MC-BajoPutumayo,10996.12,9453.7
2026-01-04,10,PT1H,MC-BajoPutumayo,11943.94,10135.4
2026-01-04,11,PT1H,MC-BajoPutumayo,12745.14,11042.5
2026-01-04,12,PT1H,MC-BajoPutumayo,13097.77,11396.6
2026-01-04,13,PT1H,MC-BajoPutumayo,13404.17,11695.0
2026-01-04,14,PT1H,MC-BajoPutumayo,13361.92,11553.1
2026-01-04,15,PT1H,MC-BajoPutumayo,13300.73,11727.7
2026-01-04,16,PT1H,MC-BajoPutumayo,12965.48,11660.6
2026-01-04,17,PT1H,MC-BajoPutumayo,13390.81,11542.5
2026-01-04,18,PT1H,MC-BajoPutumayo,12813.48,11728.5
2026-01-04,19,PT1H,MC-BajoPutumayo,14359.01,13047.0
2026-01-04,20,PT1H,MC-BajoPutumayo,14421.42,13051.3
2026-01-04,21,PT1H,MC-BajoPutumayo,13845.43,12483.4
2026-01-04,22,PT1H,MC-BajoPutumayo,12763.13,11382.6
2026-01-04,23,PT1H,MC-BajoPutumayo,11552.28,10263.6
2026-01-04,24,PT1H,MC-BajoPutumayo,10455.24,8843.4
2023-09-19,1,PT1H,MC-BajoPutumayo,8411.12,7605.35
2023-09-19,2,PT1H,MC-BajoPutumayo,7980.11,7166.82
2023-09-19,3,PT1H,MC-BajoPutumayo,7879.27,6934.71
2023-09-19,4,PT1H,MC-BajoPutumayo,7555.59,6700.17
2023-09-19,5,PT1H,MC-BajoPutumayo,7537.0,6684.27
2023-09-19,6,PT1H,MC-BajoPutumayo,8023.93,7170.84
2023-09-19,7,PT1H,MC-BajoPutumayo,8739.8,6444.58
2023-09-19,8,PT1H,MC-BajoPutumayo,5770.12,6987.49
2023-09-19,9,PT1H,MC-BajoPutumayo,8305.36,7733.58
2023-09-19,10,PT1H,MC-BajoPutumayo,8973.61,8220.86
2023-09-19,11,PT1H,MC-BajoPutumayo,9702.08,8681.25
2023-09-19,12,PT1H,MC-BajoPutumayo,10139.76,9399.58
2023-09-19,13,PT1H,MC-BajoPutumayo,9836.24,9296.55
2023-09-19,14,PT1H,MC-BajoPutumayo,10012.78,9197.12
2023-09-19,15,PT1H,MC-BajoPutumayo,10664.24,9731.63
2023-09-19,16,PT1H,MC-BajoPutumayo,10414.08,10080.46
2023-09-19,17,PT1H,MC-BajoPutumayo,10246.9,13109.35
2023-09-19,18,PT1H,MC-BajoPutumayo,9893.22,12710.05
2023-09-19,19,PT1H,MC-BajoPutumayo,10839.37,13667.68
2023-09-19,20,PT1H,MC-BajoPutumayo,12285.37,14006.55
2023-09-19,21,PT1H,MC-BajoPutumayo,12506.93,13285.11
2023-09-19,22,PT1H,MC-BajoPutumayo,11107.88,11982.43
2023-09-19,23,PT1H,MC-BajoPutumayo,9388.07,10176.24
2023-09-19,24,PT1H,MC-BajoPutumayo,8013.38,8790.1
2022-09-22,1,PT1H,MC-BajoPutumayo,8206.98,7286.81
2022-09-22,2,PT1H,MC-BajoPutumayo,7687.82,7031.1
2022-09-22,3,PT1H,MC-BajoPutumayo,7391.47,6932.25
2022-09-22,4,PT1H,MC-BajoPutumayo,7198.92,6698.76
2022-09-22,5,PT1H,MC-BajoPutumayo,7192.43,6854.73
2022-09-22,6,PT1H,MC-BajoPutumayo,7608.58,7240.96
2022-09-22,7,PT1H,MC-BajoPutumayo,8182.02,8074.81
2022-09-22,8,PT1H,MC-BajoPutumayo,9101.12,9211.28
2022-09-22,9,PT1H,MC-BajoPutumayo,10548.01,10641.9
2022-09-22,10,PT1H,MC-BajoPutumayo,11501.67,11384.3
2022-09-22,11,PT1H,MC-BajoPutumayo,12331.57,12250.88
2022-09-22,12,PT1H,MC-BajoPutumayo,12983.63,12929.92
2022-09-22,13,PT1H,MC-BajoPutumayo,12691.26,12688.77
2022-09-22,14,PT1H,MC-BajoPutumayo,13091.92,12823.92
2022-09-22,15,PT1H,MC-BajoPutumayo,13891.62,13194.25
2022-09-22,16,PT1H,MC-BajoPutumayo,14009.3,13277.9
2022-09-22,17,PT1H,MC-BajoPutumayo,13976.56,13438.48
2022-09-22,18,PT1H,MC-BajoPutumayo,13948.32,13200.38
2022-09-22,19,PT1H,MC-BajoPutumayo,15238.47,14272.25
2022-09-22,20,PT1H,MC-BajoPutumayo,15424.79,14791.81
2022-09-22,21,PT1H,MC-BajoPutumayo,14414.32,13883.36
2022-09-22,22,PT1H,MC-BajoPutumayo,13062.0,12547.46
2022-09-22,23,PT1H,MC-BajoPutumayo,11365.14,10697.99
2022-09-22,24,PT1H,MC-BajoPutumayo,9735.29,9170.03
2025-06-15,1,PT1H,MC-BajoPutumayo,8381.2,8345.2
2025-06-15,2,PT1H,MC-BajoPutumayo,8061.33,7886.3
2025-06-15,3,PT1H,MC-BajoPutumayo,7162.95,7575.0
2025-06-15,4,PT1H,MC-BajoPutumayo,7100.85,7334.1
2025-06-15,5,PT1H,MC-BajoPutumayo,6989.84,7194.2
2025-06-15,6,PT1H,MC-BajoPutumayo,7045.5,7314.6
2025-06-15,7,PT1H,MC-BajoPutumayo,7329.54,7567.7
2025-06-15,8,PT1H,MC-BajoPutumayo,8375.31,8522.7
2025-06-15,9,PT1H,MC-BajoPutumayo,9761.84,9570.6
2025-06-15,10,PT1H,MC-BajoPutumayo,10542.34,10147.9
2025-06-15,11,PT1H,MC-BajoPutumayo,11143.01,10491.3
2025-06-15,12,PT1H,MC-BajoPutumayo,11735.16,10776.9
2025-06-15,13,PT1H,MC-BajoPutumayo,12036.55,11150.3
2025-06-15,14,PT1H,MC-BajoPutumayo,12097.63,10938.1
2025-06-15,15,PT1H,MC-BajoPutumayo,12283.65,11137.5
2025-06-15,16,PT1H,MC-BajoPutumayo,12194.1,11244.9
2025-06-15,17,PT1H,MC-BajoPutumayo,11781.65,11200.5
2025-06-15,18,PT1H,MC-BajoPutumayo,11631.84,11384.5
2025-06-15,19,PT1H,MC-BajoPutumayo,12798.72,12929.8
2025-06-15,20,PT1H,MC-BajoPutumayo,13337.91,13284.1
2025-06-15,21,PT1H,MC-BajoPutumayo,12733.49,12573.8
2025-06-15,22,PT1H,MC-BajoPutumayo,11445.72,11391.9
2025-06-15,23,PT1H,MC-BajoPutumayo,10080.84,9836.4
2025-06-15,24,PT1H,MC-BajoPutumayo,8802.08,8658.4
2025-08-02,1,PT1H,MC-BajoPutumayo,8551.52,7526.9
2025-08-02,2,PT1H,MC-BajoPutumayo,7913.01,7032.5
2025-08-02,3,PT1H,MC-BajoPutumayo,7481.23,6700.6
2025-08-02,4,PT1H,MC-BajoPutumayo,7306.9,6585.3
2025-08-02,5,PT1H,MC-BajoPutumayo,7187.84,6515.1
2025-08-02,6,PT1H,MC-BajoPutumayo,7378.91,6830.5
2025-08-02,7,PT1H,MC-BajoPutumayo,7717.69,7272.3
2025-08-02,8,PT1H,MC-BajoPutumayo,8729.64,8498.9
2025-08-02,9,PT1H,MC-BajoPutumayo,10012.27,9918.3
2025-08-02,10,PT1H,MC-BajoPutumayo,10686.47,10954.2
2025-08-02,11,PT1H,MC-BajoPutumayo,11444.49,11693.8
2025-08-02,12,PT1H,MC-BajoPutumayo,11903.95,12210.7
2025-08-02,13,PT1H,MC-BajoPutumayo,11852.36,12058.8
2025-08-02,14,PT1H,MC-BajoPutumayo,11956.18,12064.6
2025-08-02,15,PT1H,MC-BajoPutumayo,12415.84,12101.3
2025-08-02,16,PT1H,MC-BajoPutumayo,12767.08,12082.7
2025-08-02,17,PT1H,MC-BajoPutumayo,12925.72,12094.6
2025-08-02,18,PT1H,MC-BajoPutumayo,12988.11,12323.4
2025-08-02,19,PT1H,MC-BajoPutumayo,14275.23,13621.8
2025-08-02,20,PT1H,MC-BajoPutumayo,14376.87,14056.4
2025-08-02,21,PT1H,MC-BajoPutumayo,7790.19,13241.1
2025-08-02,22,PT1H,MC-BajoPutumayo,7174.73,12047.1
2025-08-02,23,PT1H,MC-BajoPutumayo,6296.55,10534.8
2025-08-02,24,PT1H,MC-BajoPutumayo,5484.77,9266.9
2023-01-06,1,PT1H,MC-BajoPutumayo,7773.68,7303.67
2023-01-06,2,PT1H,MC-BajoPutumayo,7366.42,6912.38
2023-01-06,3,PT1H,MC-BajoPutumayo,7150.15,6463.5
2023-01-06,4,PT1H,MC-BajoPutumayo,7011.89,5824.24
2023-01-06,5,PT1H,MC-BajoPutumayo,6917.16,5906.18
2023-01-06,6,PT1H,MC-BajoPutumayo,7024.05,5992.89
2023-01-06,7,PT1H,MC-BajoPutumayo,7148.15,6635.96
2023-01-06,8,PT1H,MC-BajoPutumayo,8086.57,7753.88
2023-01-06,9,PT1H,MC-BajoPutumayo,8984.89,8987.23
2023-01-06,10,PT1H,MC-BajoPutumayo,9584.46,9566.49
2023-01-06,11,PT1H,MC-BajoPutumayo,10351.82,10143.81
2023-01-06,12,PT1H,MC-BajoPutumayo,10761.21,10549.66
2023-01-06,13,PT1H,MC-BajoPutumayo,10748.4,10854.94
2023-01-06,14,PT1H,MC-BajoPutumayo,10651.92,11421.28
2023-01-06,15,PT1H,MC-BajoPutumayo,10455.91,11972.35
2023-01-06,16,PT1H,MC-BajoPutumayo,10516.07,12023.09
2023-01-06,17,PT1H,MC-BajoPutumayo,10429.58,11256.5
2023-01-06,18,PT1H,MC-BajoPutumayo,10439.99,10923.32
2023-01-06,19,PT1H,MC-BajoPutumayo,11443.57,11870.35
2023-01-06,20,PT1H,MC-BajoPutumayo,12249.02,12823.08
2023-01-06,21,PT1H,MC-BajoPutumayo,11696.09,12153.46
2023-01-06,22,PT1H,MC-BajoPutumayo,10960.33,10952.9
2023-01-06,23,PT1H,MC-BajoPutumayo,9845.02,9683.94
2023-01-06,24,PT1H,MC-BajoPutumayo,8630.54,8646.9
2024-06-14,1,PT1H,MC-BajoPutumayo,7794.11,7101.5
2024-06-14,2,PT1H,MC-BajoPutumayo,7282.36,6716.5
2024-06-14,3,PT1H,MC-BajoPutumayo,6860.37,6523.6
2024-06-14,4,PT1H,MC-BajoPutumayo,6705.95,6410.7
2024-06-14,5,PT1H,MC-BajoPutumayo,6753.98,6486.3
2024-06-14,6,PT1H,MC-BajoPutumayo,7214.51,6901.7
2024-06-14,7,PT1H,MC-BajoPutumayo,7849.77,7512.1
2024-06-14,8,PT1H,MC-BajoPutumayo,8962.33,8491.8
2024-06-14,9,PT1H,MC-BajoPutumayo,10008.8,9728.2
2024-06-14,10,PT1H,MC-BajoPutumayo,10861.75,10509.2
2024-06-14,11,PT1H,MC-BajoPutumayo,11173.21,11303.7
2024-06-14,12,PT1H,MC-BajoPutumayo,11397.81,11877.6
2024-06-14,13,PT1H,MC-BajoPutumayo,11086.62,11474.9
2024-06-14,14,PT1H,MC-BajoPutumayo,11325.74,11723.4
2024-06-14,15,PT1H,MC-BajoPutumayo,11664.93,12380.7
2024-06-14,16,PT1H,MC-BajoPutumayo,11671.13,12465.7
2024-06-14,17,PT1H,MC-BajoPutumayo,11439.85,12176.3
2024-06-14,18,PT1H,MC-BajoPutumayo,11526.15,11655.9
2024-06-14,19,PT1H,MC-BajoPutumayo,12819.91,12472.7
2024-06-14,20,PT1H,MC-BajoPutumayo,12922.02,12438.5
2024-06-14,21,PT1H,MC-BajoPutumayo,12088.23,12152.9
2024-06-14,22,PT1H,MC-BajoPutumayo,11068.09,11131.0
2024-06-14,23,PT1H,MC-BajoPutumayo,9367.85,9604.3
2024-06-14,24,PT1H,MC-BajoPutumayo,8401.52,8415.1
2023-09-02,1,PT1H,MC-BajoPutumayo,8424.75,8568.79
2023-09-02,2,PT1H,MC-BajoPutumayo,7892.64,8101.07
2023-09-02,3,PT1H,MC-BajoPutumayo,7501.06,7342.78
2023-09-02,4,PT1H,MC-BajoPutumayo,7344.73,7719.45
2023-09-02,5,PT1H,MC-BajoPutumayo,7223.36,7441.4
2023-09-02,6,PT1H,MC-BajoPutumayo,7360.84,7729.03
2023-09-02,7,PT1H,MC-BajoPutumayo,7717.92,7822.02
2023-09-02,8,PT1H,MC-BajoPutumayo,8847.32,9334.65
2023-09-02,9,PT1H,MC-BajoPutumayo,10427.05,10623.05
2023-09-02,10,PT1H,MC-BajoPutumayo,11967.74,11557.99
2023-09-02,11,PT1H,MC-BajoPutumayo,12846.85,12307.49
2023-09-02,12,PT1H,MC-BajoPutumayo,13461.39,12956.05
2023-09-02,13,PT1H,MC-BajoPutumayo,13380.32,12803.61
2023-09-02,14,PT1H,MC-BajoPutumayo,13516.54,12644.53
2023-09-02,15,PT1H,MC-BajoPutumayo,13918.88,12612.04
2023-09-02,16,PT1H,MC-BajoPutumayo,14007.12,12579.54
2023-09-02,17,PT1H,MC-BajoPutumayo,13650.06,12515.59
2023-09-02,18,PT1H,MC-BajoPutumayo,13481.14,12342.89
2023-09-02,19,PT1H,MC-BajoPutumayo,14818.82,13604.98
2023-09-02,20,PT1H,MC-BajoPutumayo,15112.8,14102.34
2023-09-02,21,PT1H,MC-BajoPutumayo,14278.71,13254.8
2023-09-02,22,PT1H,MC-BajoPutumayo,13321.41,12144.85
2023-09-02,23,PT1H,MC-BajoPutumayo,12145.16,10665.83
2023-09-02,24,PT1H,MC-BajoPutumayo,10836.42,9527.82
2024-11-28,1,PT1H,MC-BajoPutumayo,7533.44,8291.8
2024-11-28,2,PT1H,MC-BajoPutumayo,7222.28,7889.6
2024-11-28,3,PT1H,MC-BajoPutumayo,6876.71,7584.3
2024-11-28,4,PT1H,MC-BajoPutumayo,6894.17,7419.5
2024-11-28,5,PT1H,MC-BajoPutumayo,7244.21,7640.2
2024-11-28,6,PT1H,MC-BajoPutumayo,7813.08,8041.8
2024-11-28,7,PT1H,MC-BajoPutumayo,8609.17,8559.0
2024-11-28,8,PT1H,MC-BajoPutumayo,10051.33,9542.1
2024-11-28,9,PT1H,MC-BajoPutumayo,11886.47,10648.4
2024-11-28,10,PT1H,MC-BajoPutumayo,10977.88,11385.3
2024-11-28,11,PT1H,MC-BajoPutumayo,12442.71,12011.9
2024-11-28,12,PT1H,MC-BajoPutumayo,12455.14,12234.6
2024-11-28,13,PT1H,MC-BajoPutumayo,12379.72,12010.3
2024-11-28,14,PT1H,MC-BajoPutumayo,13073.54,12623.3
2024-11-28,15,PT1H,MC-BajoPutumayo,13409.69,13213.4
2024-11-28,16,PT1H,MC-BajoPutumayo,13480.55,13233.8
2024-11-28,17,PT1H,MC-BajoPutumayo,13169.06,12958.9
2024-11-28,18,PT1H,MC-BajoPutumayo,13606.19,13696.4
2024-11-28,19,PT1H,MC-BajoPutumayo,14589.35,14276.3
2024-11-28,20,PT1H,MC-BajoPutumayo,13836.63,13577.8
2024-11-28,21,PT1H,MC-BajoPutumayo,12683.08,12728.4
2024-11-28,22,PT1H,MC-BajoPutumayo,11325.97,11386.4
2024-11-28,23,PT1H,MC-BajoPutumayo,9777.8,9906.8
2024-11-28,24,PT1H,MC-BajoPutumayo,8691.81,8496.5
2025-01-14,1,PT1H,MC-BajoPutumayo,9580.92,9195.1
2025-01-14,2,PT1H,MC-BajoPutumayo,8905.8,8554.4
2025-01-14,3,PT1H,MC-BajoPutumayo,8418.55,8064.9
2025-01-14,4,PT1H,MC-BajoPutumayo,8245.64,7938.9
2025-01-14,5,PT1H,MC-BajoPutumayo,8301.64,8068.5
2025-01-14,6,PT1H,MC-BajoPutumayo,8519.69,8245.6
2025-01-14,7,PT1H,MC-BajoPutumayo,8794.58,8540.4
2025-01-14,8,PT1H,MC-BajoPutumayo,9760.83,9618.9
2025-01-14,9,PT1H,MC-BajoPutumayo,11334.83,11121.9
2025-01-14,10,PT1H,MC-BajoPutumayo,12833.11,12031.3
2025-01-14,11,PT1H,MC-BajoPutumayo,13921.09,12596.2
2025-01-14,12,PT1H,MC-BajoPutumayo,14584.54,13161.8
2025-01-14,13,PT1H,MC-BajoPutumayo,14083.0,13030.9
2025-01-14,14,PT1H,MC-BajoPutumayo,14284.05,12929.4
2025-01-14,15,PT1H,MC-BajoPutumayo,14982.82,13175.1
2025-01-14,16,PT1H,MC-BajoPutumayo,15134.2,13311.7
2025-01-14,17,PT1H,MC-BajoPutumayo,14923.61,13035.2
2025-01-14,18,PT1H,MC-BajoPutumayo,14157.74,13060.8
2025-01-14,19,PT1H,MC-BajoPutumayo,14739.33,14652.0
2025-01-14,20,PT1H,MC-BajoPutumayo,15310.66,15164.9
2025-01-14,21,PT1H,MC-BajoPutumayo,14510.03,14433.8
2025-01-14,22,PT1H,MC-BajoPutumayo,13152.11,13220.7
2025-01-14,23,PT1H,MC-BajoPutumayo,12079.75,11875.9
2025-01-14,24,PT1H,MC-BajoPutumayo,10752.12,10712.1
2024-07-03,1,PT1H,MC-BajoPutumayo,6988.58,8083.0
2024-07-03,2,PT1H,MC-BajoPutumayo,6585.58,7529.2
2024-07-03,3,PT1H,MC-BajoPutumayo,6371.07,7309.7
2024-07-03,4,PT1H,MC-BajoPutumayo,6292.32,7000.8
2024-07-03,5,PT1H,MC-BajoPutumayo,6379.97,6929.3
2024-07-03,6,PT1H,MC-BajoPutumayo,6692.55,7305.2
2024-07-03,7,PT1H,MC-BajoPutumayo,7062.7,7832.2
2024-07-03,8,PT1H,MC-BajoPutumayo,8020.52,8495.8
2024-07-03,9,PT1H,MC-BajoPutumayo,9122.17,9439.9
2024-07-03,10,PT1H,MC-BajoPutumayo,9907.47,10400.7
2024-07-03,11,PT1H,MC-BajoPutumayo,10219.29,10756.2
2024-07-03,12,PT1H,MC-BajoPutumayo,10475.02,11075.8
2024-07-03,13,PT1H,MC-BajoPutumayo,10039.1,10691.9
2024-07-03,14,PT1H,MC-BajoPutumayo,9991.85,10790.2
2024-07-03,15,PT1H,MC-BajoPutumayo,10412.51,11302.9
2024-07-03,16,PT1H,MC-BajoPutumayo,10475.79,11358.3
2024-07-03,17,PT1H,MC-BajoPutumayo,10394.25,11488.9
2024-07-03,18,PT1H,MC-BajoPutumayo,10622.47,11608.4
2024-07-03,19,PT1H,MC-BajoPutumayo,12013.43,12659.9
2024-07-03,20,PT1H,MC-BajoPutumayo,12059.61,12743.8
2024-07-03,21,PT1H,MC-BajoPutumayo,11253.91,11839.6
2024-07-03,22,PT1H,MC-BajoPutumayo,10075.27,10597.5
2024-07-03,23,PT1H,MC-BajoPutumayo,8660.56,9070.0
2024-07-03,24,PT1H,MC-BajoPutumayo,7550.73,7801.7
2024-05-31,1,PT1H,MC-BajoPutumayo,6830.21,7818.18
2024-05-31,2,PT1H,MC-BajoPutumayo,6517.93,7393.17
2024-05-31,3,PT1H,MC-BajoPutumayo,6333.28,7251.48
2024-05-31,4,PT1H,MC-BajoPutumayo,6250.37,7128.2
2024-05-31,5,PT1H,MC-BajoPutumayo,6313.15,7232.91
2024-05-31,6,PT1H,MC-BajoPutumayo,5542.35,5760.23
2024-05-31,7,PT1H,MC-BajoPutumayo,7407.61,9026.85
2024-05-31,8,PT1H,MC-BajoPutumayo,8527.71,9471.17
2024-05-31,9,PT1H,MC-BajoPutumayo,9578.57,10300.18
2024-05-31,10,PT1H,MC-BajoPutumayo,10382.59,11105.98
2024-05-31,11,PT1H,MC-BajoPutumayo,11026.19,11777.22
2024-05-31,12,PT1H,MC-BajoPutumayo,11256.21,12250.46
2024-05-31,13,PT1H,MC-BajoPutumayo,10754.39,11893.62
2024-05-31,14,PT1H,MC-BajoPutumayo,10711.84,12053.35
2024-05-31,15,PT1H,MC-BajoPutumayo,10826.23,12089.22
2024-05-31,16,PT1H,MC-BajoPutumayo,10878.55,11728.66
2024-05-31,17,PT1H,MC-BajoPutumayo,11104.3,11950.14
2024-05-31,18,PT1H,MC-BajoPutumayo,11218.77,12125.65
2024-05-31,19,PT1H,MC-BajoPutumayo,12806.77,13638.77
2024-05-31,20,PT1H,MC-BajoPutumayo,12816.37,14376.8
2024-05-31,21,PT1H,MC-BajoPutumayo,12145.36,13722.2
2024-05-31,22,PT1H,MC-BajoPutumayo,11032.57,12261.94
2024-05-31,23,PT1H,MC-BajoPutumayo,9427.55,10319.72
2024-05-31,24,PT1H,MC-BajoPutumayo,8245.33,8281.78
2024-01-26,1,PT1H,MC-BajoPutumayo,8954.14,7230.67
2024-01-26,2,PT1H,MC-BajoPutumayo,8310.98,6927.68
2024-01-26,3,PT1H,MC-BajoPutumayo,7954.91,6709.48
2024-01-26,4,PT1H,MC-BajoPutumayo,7697.43,6571.51
2024-01-26,5,PT1H,MC-BajoPutumayo,7614.11,6551.41
2024-01-26,6,PT1H,MC-BajoPutumayo,7813.38,6807.61
2024-01-26,7,PT1H,MC-BajoPutumayo,8002.85,7171.31
2024-01-26,8,PT1H,MC-BajoPutumayo,9096.48,8276.65
2024-01-26,9,PT1H,MC-BajoPutumayo,10606.03,9676.47
2024-01-26,10,PT1H,MC-BajoPutumayo,12073.37,10812.75
2024-01-26,11,PT1H,MC-BajoPutumayo,13108.68,12030.0
2024-01-26,12,PT1H,MC-BajoPutumayo,13786.31,12893.56
2024-01-26,13,PT1H,MC-BajoPutumayo,13404.16,13012.55
2024-01-26,14,PT1H,MC-BajoPutumayo,13549.07,13128.9
2024-01-26,15,PT1H,MC-BajoPutumayo,14479.03,13725.09
2024-01-26,16,PT1H,MC-BajoPutumayo,14647.66,13889.62
2024-01-26,17,PT1H,MC-BajoPutumayo,14681.97,13581.3
2024-01-26,18,PT1H,MC-BajoPutumayo,14220.87,12864.25
2024-01-26,19,PT1H,MC-BajoPutumayo,14596.97,13942.86
2024-01-26,20,PT1H,MC-BajoPutumayo,15334.66,14411.39
2024-01-26,21,PT1H,MC-BajoPutumayo,14488.49,13729.48
2024-01-26,22,PT1H,MC-BajoPutumayo,13473.08,12713.34
2024-01-26,23,PT1H,MC-BajoPutumayo,11917.46,11142.2
2024-01-26,24,PT1H,MC-BajoPutumayo,10441.82,9763.02
2022-05-10,1,PT1H,MC-BajoPutumayo,6868.6,6722.1
2022-05-10,2,PT1H,MC-BajoPutumayo,6932.38,6312.43
2022-05-10,3,PT1H,MC-BajoPutumayo,6502.28,6186.27
2022-05-10,4,PT1H,MC-BajoPutumayo,6166.23,5971.85
2022-05-10,5,PT1H,MC-BajoPutumayo,6465.69,5921.25
2022-05-10,6,PT1H,MC-BajoPutumayo,6966.13,6537.42
2022-05-10,7,PT1H,MC-BajoPutumayo,7386.81,7281.43
2022-05-10,8,PT1H,MC-BajoPutumayo,8523.63,7933.11
2022-05-10,9,PT1H,MC-BajoPutumayo,9333.53,8959.61
2022-05-10,10,PT1H,MC-BajoPutumayo,10139.46,9302.59
2022-05-10,11,PT1H,MC-BajoPutumayo,10744.41,9937.64
2022-05-10,12,PT1H,MC-BajoPutumayo,11295.74,10579.17
2022-05-10,13,PT1H,MC-BajoPutumayo,11032.78,10442.47
2022-05-10,14,PT1H,MC-BajoPutumayo,10669.28,10482.39
2022-05-10,15,PT1H,MC-BajoPutumayo,10832.97,11230.81
2022-05-10,16,PT1H,MC-BajoPutumayo,11169.48,11343.88
2022-05-10,17,PT1H,MC-BajoPutumayo,11254.86,11665.54
2022-05-10,18,PT1H,MC-BajoPutumayo,11298.0,11486.14
2022-05-10,19,PT1H,MC-BajoPutumayo,12455.16,12516.32
2022-05-10,20,PT1H,MC-BajoPutumayo,12834.65,12719.84
2022-05-10,21,PT1H,MC-BajoPutumayo,12164.14,11927.02
2022-05-10,22,PT1H,MC-BajoPutumayo,10803.16,10959.96
2022-05-10,23,PT1H,MC-BajoPutumayo,9194.3,9177.63
2022-05-10,24,PT1H,MC-BajoPutumayo,7868.68,7972.93
2024-02-29,1,PT1H,MC-BajoPutumayo,8541.99,8891.65
2024-02-29,2,PT1H,MC-BajoPutumayo,8037.26,8486.99
2024-02-29,3,PT1H,MC-BajoPutumayo,7827.79,8193.33
2024-02-29,4,PT1H,MC-BajoPutumayo,7546.71,7980.29
2024-02-29,5,PT1H,MC-BajoPutumayo,7505.02,8121.66
2024-02-29,6,PT1H,MC-BajoPutumayo,7833.31,8439.22
2024-02-29,7,PT1H,MC-BajoPutumayo,8376.8,9038.24
2024-02-29,8,PT1H,MC-BajoPutumayo,9010.65,9889.65
2024-02-29,9,PT1H,MC-BajoPutumayo,10041.68,10617.97
2024-02-29,10,PT1H,MC-BajoPutumayo,10460.1,11215.03
2024-02-29,11,PT1H,MC-BajoPutumayo,10728.48,11566.8
2024-02-29,12,PT1H,MC-BajoPutumayo,11318.12,12040.69
2024-02-29,13,PT1H,MC-BajoPutumayo,10959.39,11478.71
2024-02-29,14,PT1H,MC-BajoPutumayo,11076.61,11503.53
2024-02-29,15,PT1H,MC-BajoPutumayo,11326.59,11798.58
2024-02-29,16,PT1H,MC-BajoPutumayo,12054.73,12016.16
2024-02-29,17,PT1H,MC-BajoPutumayo,12338.08,12113.73
2024-02-29,18,PT1H,MC-BajoPutumayo,12161.76,12083.45
2024-02-29,19,PT1H,MC-BajoPutumayo,13013.19,12862.65
2024-02-29,20,PT1H,MC-BajoPutumayo,14012.79,13612.6
2024-02-29,21,PT1H,MC-BajoPutumayo,13078.26,12893.96
2024-02-29,22,PT1H,MC-BajoPutumayo,11835.02,11668.21
2024-02-29,23,PT1H,MC-BajoPutumayo,10174.39,10063.27
2024-02-29,24,PT1H,MC-BajoPutumayo,8958.64,8809.44
2024-01-14,1,PT1H,MC-BajoPutumayo,8508.2,9186.84
2024-01-14,2,PT1H,MC-BajoPutumayo,7680.2,8549.45
2024-01-14,3,PT1H,MC-BajoPutumayo,6430.06,8118.45
2024-01-14,4,PT1H,MC-BajoPutumayo,6835.25,7874.35
2024-01-14,5,PT1H,MC-BajoPutumayo,6569.87,7773.84
2024-01-14,6,PT1H,MC-BajoPutumayo,6550.64,7752.68
2024-01-14,7,PT1H,MC-BajoPutumayo,6530.45,7891.45
2024-01-14,8,PT1H,MC-BajoPutumayo,7255.08,8887.88
2024-01-14,9,PT1H,MC-BajoPutumayo,8379.25,10125.01
2024-01-14,10,PT1H,MC-BajoPutumayo,9199.96,10873.9
2024-01-14,11,PT1H,MC-BajoPutumayo,10261.03,11276.71
2024-01-14,12,PT1H,MC-BajoPutumayo,10851.45,11560.6
2024-01-14,13,PT1H,MC-BajoPutumayo,11402.35,11829.36
2024-01-14,14,PT1H,MC-BajoPutumayo,11545.29,11861.48
2024-01-14,15,PT1H,MC-BajoPutumayo,11623.57,12014.54
2024-01-14,16,PT1H,MC-BajoPutumayo,11613.83,12119.14
2024-01-14,17,PT1H,MC-BajoPutumayo,11740.43,12055.01
2024-01-14,18,PT1H,MC-BajoPutumayo,11587.47,11948.63
2024-01-14,19,PT1H,MC-BajoPutumayo,12396.08,13342.3
2024-01-14,20,PT1H,MC-BajoPutumayo,13310.54,13794.34
2024-01-14,21,PT1H,MC-BajoPutumayo,12987.78,13218.57
2024-01-14,22,PT1H,MC-BajoPutumayo,12106.5,12155.22
2024-01-14,23,PT1H,MC-BajoPutumayo,10814.58,11031.23
2024-01-14,24,PT1H,MC-BajoPutumayo,9532.56,10012.29
2022-03-03,1,PT1H,MC-BajoPutumayo,6616.89,7204.04
2022-03-03,2,PT1H,MC-BajoPutumayo,6262.56,6814.81
2022-03-03,3,PT1H,MC-BajoPutumayo,6040.28,6614.98
2022-03-03,4,PT1H,MC-BajoPutumayo,5857.72,6475.2
2022-03-03,5,PT1H,MC-BajoPutumayo,5948.69,6542.81
2022-03-03,6,PT1H,MC-BajoPutumayo,6548.16,6882.21
2022-03-03,7,PT1H,MC-BajoPutumayo,7399.13,7370.02
2022-03-03,8,PT1H,MC-BajoPutumayo,7914.14,7944.17
2022-03-03,9,PT1H,MC-BajoPutumayo,8644.67,8770.11
2022-03-03,10,PT1H,MC-BajoPutumayo,9218.79,9660.92
2022-03-03,11,PT1H,MC-BajoPutumayo,6101.78,10228.82
2022-03-03,12,PT1H,MC-BajoPutumayo,3763.24,10790.0
2022-03-03,13,PT1H,MC-BajoPutumayo,3699.13,10630.35
2022-03-03,14,PT1H,MC-BajoPutumayo,3794.65,10664.65
2022-03-03,15,PT1H,MC-BajoPutumayo,0.0,11341.69
2022-03-03,16,PT1H,MC-BajoPutumayo,0.0,11458.05
2022-03-03,17,PT1H,MC-BajoPutumayo,0.0,11539.14
2022-03-03,18,PT1H,MC-BajoPutumayo,0.0,11305.14
2022-03-03,19,PT1H,MC-BajoPutumayo,0.0,11979.98
2022-03-03,20,PT1H,MC-BajoPutumayo,0.0,12720.71
2022-03-03,21,PT1H,MC-BajoPutumayo,0.01,11913.09
2022-03-03,22,PT1H,MC-BajoPutumayo,8221.26,10920.6
2022-03-03,23,PT1H,MC-BajoPutumayo,9752.23,9399.66
2022-03-03,24,PT1H,MC-BajoPutumayo,8289.74,7937.31
2025-10-27,1,PT1H,MC-BajoPutumayo,16126.82,15186.9
2025-10-27,2,PT1H,MC-BajoPutumayo,15378.1,14340.1
2025-10-27,3,PT1H,MC-BajoPutumayo,14928.56,13985.4
2025-10-27,4,PT1H,MC-BajoPutumayo,14693.32,13655.9
2025-10-27,5,PT1H,MC-BajoPutumayo,15013.12,14033.9
2025-10-27,6,PT1H,MC-BajoPutumayo,16411.52,15391.4
2025-10-27,7,PT1H,MC-BajoPutumayo,17746.12,16697.5
2025-10-27,8,PT1H,MC-BajoPutumayo,19214.16,19176.3
2025-10-27,9,PT1H,MC-BajoPutumayo,21424.06,21699.2
2025-10-27,10,PT1H,MC-BajoPutumayo,22715.72,23665.5
2025-10-27,11,PT1H,MC-BajoPutumayo,23781.66,25178.6
2025-10-27,12,PT1H,MC-BajoPutumayo,24521.4,26199.1
2025-10-27,13,PT1H,MC-BajoPutumayo,24134.44,24258.5
2025-10-27,14,PT1H,MC-BajoPutumayo,25732.92,24780.5
2025-10-27,15,PT1H,MC-BajoPutumayo,27588.88,26201.7
2025-10-27,16,PT1H,MC-BajoPutumayo,27611.76,26659.3
2025-10-27,17,PT1H,MC-BajoPutumayo,27274.02,26062.4
2025-10-27,18,PT1H,MC-BajoPutumayo,28060.84,25455.5
2025-10-27,19,PT1H,MC-BajoPutumayo,31438.02,29402.0
2025-10-27,20,PT1H,MC-BajoPutumayo,30803.94,29314.2
2025-10-27,21,PT1H,MC-BajoPutumayo,28990.22,27871.1
2025-10-27,22,PT1H,MC-BajoPutumayo,25881.06,24376.4
2025-10-27,23,PT1H,MC-BajoPutumayo,21963.44,20330.3
2025-10-27,24,PT1H,MC-BajoPutumayo,18909.96,17127.9
2023-05-22,1,PT1H,MC-BajoPutumayo,8415.3,7140.28
2023-05-22,2,PT1H,MC-BajoPutumayo,7805.75,6672.81
2023-05-22,3,PT1H,MC-BajoPutumayo,7396.29,6437.54
2023-05-22,4,PT1H,MC-BajoPutumayo,7264.42,6266.99
2023-05-22,5,PT1H,MC-BajoPutumayo,7238.25,6115.67
2023-05-22,6,PT1H,MC-BajoPutumayo,7353.08,6430.0
2023-05-22,7,PT1H,MC-BajoPutumayo,7606.46,7261.4
2023-05-22,8,PT1H,MC-BajoPutumayo,8486.67,7951.75
2023-05-22,9,PT1H,MC-BajoPutumayo,9647.67,9105.26
2023-05-22,10,PT1H,MC-BajoPutumayo,10886.99,9924.43
2023-05-22,11,PT1H,MC-BajoPutumayo,11645.91,10748.13
2023-05-22,12,PT1H,MC-BajoPutumayo,12207.55,11575.46
2023-05-22,13,PT1H,MC-BajoPutumayo,12215.75,11470.2
2023-05-22,14,PT1H,MC-BajoPutumayo,12065.72,11609.3
2023-05-22,15,PT1H,MC-BajoPutumayo,12291.97,12000.7
2023-05-22,16,PT1H,MC-BajoPutumayo,12124.78,12084.0
2023-05-22,17,PT1H,MC-BajoPutumayo,11777.25,11933.08
2023-05-22,18,PT1H,MC-BajoPutumayo,11580.92,11871.73
2023-05-22,19,PT1H,MC-BajoPutumayo,13068.94,12991.84
2023-05-22,20,PT1H,MC-BajoPutumayo,13413.18,13195.85
2023-05-22,21,PT1H,MC-BajoPutumayo,12766.91,12565.77
2023-05-22,22,PT1H,MC-BajoPutumayo,11693.2,11288.83
2023-05-22,23,PT1H,MC-BajoPutumayo,10126.45,9575.83
2023-05-22,24,PT1H,MC-BajoPutumayo,8981.61,8269.41
2022-11-12,1,PT1H,MC-BajoPutumayo,8369.63,8627.43
2022-11-12,2,PT1H,MC-BajoPutumayo,7728.76,7925.92
2022-11-12,3,PT1H,MC-BajoPutumayo,7369.48,7496.47
2022-11-12,4,PT1H,MC-BajoPutumayo,7148.32,7219.07
2022-11-12,5,PT1H,MC-BajoPutumayo,7058.03,7402.9
2022-11-12,6,PT1H,MC-BajoPutumayo,7270.51,7620.29
2022-11-12,7,PT1H,MC-BajoPutumayo,7907.27,7795.99
2022-11-12,8,PT1H,MC-BajoPutumayo,9087.94,8905.09
2022-11-12,9,PT1H,MC-BajoPutumayo,11012.44,10258.03
2022-11-12,10,PT1H,MC-BajoPutumayo,12150.7,11205.67
2022-11-12,11,PT1H,MC-BajoPutumayo,12761.3,11719.29
2022-11-12,12,PT1H,MC-BajoPutumayo,13284.98,12147.21
2022-11-12,13,PT1H,MC-BajoPutumayo,13158.16,11886.34
2022-11-12,14,PT1H,MC-BajoPutumayo,13046.07,11728.18
2022-11-12,15,PT1H,MC-BajoPutumayo,13155.35,12198.32
2022-11-12,16,PT1H,MC-BajoPutumayo,13137.18,12426.39
2022-11-12,17,PT1H,MC-BajoPutumayo,12939.97,12288.07
2022-11-12,18,PT1H,MC-BajoPutumayo,13006.81,12306.89
2022-11-12,19,PT1H,MC-BajoPutumayo,14334.31,13594.99
2022-11-12,20,PT1H,MC-BajoPutumayo,14241.52,13962.91
2022-11-12,21,PT1H,MC-BajoPutumayo,13267.21,13173.17
2022-11-12,22,PT1H,MC-BajoPutumayo,12278.15,12076.02
2022-11-12,23,PT1H,MC-BajoPutumayo,10900.35,10750.29
2022-11-12,24,PT1H,MC-BajoPutumayo,9864.84,9545.07
2022-09-13,1,PT1H,MC-BajoPutumayo,7855.21,6366.2
2022-09-13,2,PT1H,MC-BajoPutumayo,7441.69,6040.15
2022-09-13,3,PT1H,MC-BajoPutumayo,7200.82,5831.27
2022-09-13,4,PT1H,MC-BajoPutumayo,7047.69,5698.89
2022-09-13,5,PT1H,MC-BajoPutumayo,7007.1,5751.04
2022-09-13,6,PT1H,MC-BajoPutumayo,7545.22,6363.36
2022-09-13,7,PT1H,MC-BajoPutumayo,8236.56,7109.33
2022-09-13,8,PT1H,MC-BajoPutumayo,9264.04,7826.04
2022-09-13,9,PT1H,MC-BajoPutumayo,10574.4,8832.58
2022-09-13,10,PT1H,MC-BajoPutumayo,11690.76,9552.41
2022-09-13,11,PT1H,MC-BajoPutumayo,12539.52,10227.18
2022-09-13,12,PT1H,MC-BajoPutumayo,12971.54,10722.69
2022-09-13,13,PT1H,MC-BajoPutumayo,12753.54,10444.29
2022-09-13,14,PT1H,MC-BajoPutumayo,13281.39,10601.05
2022-09-13,15,PT1H,MC-BajoPutumayo,14081.29,11231.63
2022-09-13,16,PT1H,MC-BajoPutumayo,14043.5,11487.92
2022-09-13,17,PT1H,MC-BajoPutumayo,13871.44,11435.45
2022-09-13,18,PT1H,MC-BajoPutumayo,13524.4,11421.33
2022-09-13,19,PT1H,MC-BajoPutumayo,14778.2,12477.42
2022-09-13,20,PT1H,MC-BajoPutumayo,14725.13,12770.73
2022-09-13,21,PT1H,MC-BajoPutumayo,13837.87,11970.67
2022-09-13,22,PT1H,MC-BajoPutumayo,12505.38,10719.26
2022-09-13,23,PT1H,MC-BajoPutumayo,10528.52,9003.04
2022-09-13,24,PT1H,MC-BajoPutumayo,9203.93,7635.94
2023-01-15,1,PT1H,MC-BajoPutumayo,7266.82,6730.4
2023-01-15,2,PT1H,MC-BajoPutumayo,6771.56,6359.48
2023-01-15,3,PT1H,MC-BajoPutumayo,6540.49,6040.99
2023-01-15,4,PT1H,MC-BajoPutumayo,6346.62,5845.89
2023-01-15,5,PT1H,MC-BajoPutumayo,5472.24,5712.25
2023-01-15,6,PT1H,MC-BajoPutumayo,4552.83,5529.66
2023-01-15,7,PT1H,MC-BajoPutumayo,6502.26,5923.83
2023-01-15,8,PT1H,MC-BajoPutumayo,7217.04,6832.07
2023-01-15,9,PT1H,MC-BajoPutumayo,6779.95,7816.5
2023-01-15,10,PT1H,MC-BajoPutumayo,8330.4,8806.42
2023-01-15,11,PT1H,MC-BajoPutumayo,8536.7,9408.46
2023-01-15,12,PT1H,MC-BajoPutumayo,9034.19,9956.79
2023-01-15,13,PT1H,MC-BajoPutumayo,9235.91,10074.81
2023-01-15,14,PT1H,MC-BajoPutumayo,9148.21,9888.63
2023-01-15,15,PT1H,MC-BajoPutumayo,9098.67,9572.29
2023-01-15,16,PT1H,MC-BajoPutumayo,9149.07,9644.66
2023-01-15,17,PT1H,MC-BajoPutumayo,9184.26,9600.03
2023-01-15,18,PT1H,MC-BajoPutumayo,9270.0,9551.13
2023-01-15,19,PT1H,MC-BajoPutumayo,10425.18,10549.18
2023-01-15,20,PT1H,MC-BajoPutumayo,10665.71,10787.43
2023-01-15,21,PT1H,MC-BajoPutumayo,10182.47,10082.16
2023-01-15,22,PT1H,MC-BajoPutumayo,9417.72,9159.75
2023-01-15,23,PT1H,MC-BajoPutumayo,8307.02,7936.87
2023-01-15,24,PT1H,MC-BajoPutumayo,7216.11,7046.52
2024-05-23,1,PT1H,MC-BajoPutumayo,6870.54,7595.64
2024-05-23,2,PT1H,MC-BajoPutumayo,6576.46,7176.87
2024-05-23,3,PT1H,MC-BajoPutumayo,6367.37,6959.76
2024-05-23,4,PT1H,MC-BajoPutumayo,6320.98,6833.14
2024-05-23,5,PT1H,MC-BajoPutumayo,6481.18,6892.66
2024-05-23,6,PT1H,MC-BajoPutumayo,7144.61,7512.06
2024-05-23,7,PT1H,MC-BajoPutumayo,7987.62,8131.74
2024-05-23,8,PT1H,MC-BajoPutumayo,8642.07,8840.7
2024-05-23,9,PT1H,MC-BajoPutumayo,9626.86,10002.93
2024-05-23,10,PT1H,MC-BajoPutumayo,10242.32,10759.94
2024-05-23,11,PT1H,MC-BajoPutumayo,10754.22,11508.92
2024-05-23,12,PT1H,MC-BajoPutumayo,11188.6,11983.48
2024-05-23,13,PT1H,MC-BajoPutumayo,11123.65,11746.46
2024-05-23,14,PT1H,MC-BajoPutumayo,11490.41,12570.46
2024-05-23,15,PT1H,MC-BajoPutumayo,12723.87,13223.32
2024-05-23,16,PT1H,MC-BajoPutumayo,12991.65,13479.85
2024-05-23,17,PT1H,MC-BajoPutumayo,13138.08,13510.83
2024-05-23,18,PT1H,MC-BajoPutumayo,13006.15,13403.28
2024-05-23,19,PT1H,MC-BajoPutumayo,13968.47,14434.28
2024-05-23,20,PT1H,MC-BajoPutumayo,14062.67,14540.58
2024-05-23,21,PT1H,MC-BajoPutumayo,13298.63,13840.89
2024-05-23,22,PT1H,MC-BajoPutumayo,12211.73,12648.92
2024-05-23,23,PT1H,MC-BajoPutumayo,10439.59,11024.55
2024-05-23,24,PT1H,MC-BajoPutumayo,9035.68,9633.37
2024-12-25,1,PT1H,MC-BajoPutumayo,9633.12,7317.1
2024-12-25,2,PT1H,MC-BajoPutumayo,9060.31,6995.2
2024-12-25,3,PT1H,MC-BajoPutumayo,8547.28,6749.0
2024-12-25,4,PT1H,MC-BajoPutumayo,8151.8,6691.3
2024-12-25,5,PT1H,MC-BajoPutumayo,8080.41,6862.1
2024-12-25,6,PT1H,MC-BajoPutumayo,7862.05,7107.8
2024-12-25,7,PT1H,MC-BajoPutumayo,7542.13,8136.1
2024-12-25,8,PT1H,MC-BajoPutumayo,7940.92,9104.2
2024-12-25,9,PT1H,MC-BajoPutumayo,8290.59,10095.1
2024-12-25,10,PT1H,MC-BajoPutumayo,8946.07,10789.5
2024-12-25,11,PT1H,MC-BajoPutumayo,9975.48,11546.0
2024-12-25,12,PT1H,MC-BajoPutumayo,10828.59,11379.1
2024-12-25,13,PT1H,MC-BajoPutumayo,11164.05,11157.8
2024-12-25,14,PT1H,MC-BajoPutumayo,11385.08,11332.3
2024-12-25,15,PT1H,MC-BajoPutumayo,11433.13,11784.0
2024-12-25,16,PT1H,MC-BajoPutumayo,11503.34,11784.0
2024-12-25,17,PT1H,MC-BajoPutumayo,11358.58,11620.1
2024-12-25,18,PT1H,MC-BajoPutumayo,11290.36,12492.4
2024-12-25,19,PT1H,MC-BajoPutumayo,12394.21,13492.1
2024-12-25,20,PT1H,MC-BajoPutumayo,13132.2,12846.1
2024-12-25,21,PT1H,MC-BajoPutumayo,12676.89,11847.5
2024-12-25,22,PT1H,MC-BajoPutumayo,11797.98,10415.7
2024-12-25,23,PT1H,MC-BajoPutumayo,10699.94,9053.1
2024-12-25,24,PT1H,MC-BajoPutumayo,9673.58,7967.5
2024-07-27,1,PT1H,MC-BajoPutumayo,8350.05,7774.0
2024-07-27,2,PT1H,MC-BajoPutumayo,7857.5,7332.9
2024-07-27,3,PT1H,MC-BajoPutumayo,7442.79,6998.2
2024-07-27,4,PT1H,MC-BajoPutumayo,7251.96,6813.5
2024-07-27,5,PT1H,MC-BajoPutumayo,7260.68,6740.8
2024-07-27,6,PT1H,MC-BajoPutumayo,7493.25,7046.5
2024-07-27,7,PT1H,MC-BajoPutumayo,7890.01,7261.0
2024-07-27,8,PT1H,MC-BajoPutumayo,9164.82,8204.0
2024-07-27,9,PT1H,MC-BajoPutumayo,10437.69,9590.6
2024-07-27,10,PT1H,MC-BajoPutumayo,11321.92,10459.0
2024-07-27,11,PT1H,MC-BajoPutumayo,11987.5,10996.6
2024-07-27,12,PT1H,MC-BajoPutumayo,12498.12,11423.3
2024-07-27,13,PT1H,MC-BajoPutumayo,12341.01,11203.7
2024-07-27,14,PT1H,MC-BajoPutumayo,12399.4,11169.5
2024-07-27,15,PT1H,MC-BajoPutumayo,12761.58,11195.1
2024-07-27,16,PT1H,MC-BajoPutumayo,12704.63,11245.5
2024-07-27,17,PT1H,MC-BajoPutumayo,12526.02,11409.9
2024-07-27,18,PT1H,MC-BajoPutumayo,12620.86,11474.1
2024-07-27,19,PT1H,MC-BajoPutumayo,14106.04,12799.8
2024-07-27,20,PT1H,MC-BajoPutumayo,14233.03,13005.8
2024-07-27,21,PT1H,MC-BajoPutumayo,13388.43,12147.6
2024-07-27,22,PT1H,MC-BajoPutumayo,12068.47,11079.4
2024-07-27,23,PT1H,MC-BajoPutumayo,10879.9,9781.4
2024-07-27,24,PT1H,MC-BajoPutumayo,9801.08,8612.9
2023-06-07,1,PT1H,MC-BajoPutumayo,6505.91,6719.81
2023-06-07,2,PT1H,MC-BajoPutumayo,6194.8,6306.24
2023-06-07,3,PT1H,MC-BajoPutumayo,6051.91,6122.69
2023-06-07,4,PT1H,MC-BajoPutumayo,5941.06,6023.18
2023-06-07,5,PT1H,MC-BajoPutumayo,6041.82,6085.53
2023-06-07,6,PT1H,MC-BajoPutumayo,6776.95,6708.7
2023-06-07,7,PT1H,MC-BajoPutumayo,7559.9,7409.82
2023-06-07,8,PT1H,MC-BajoPutumayo,8215.14,8075.34
2023-06-07,9,PT1H,MC-BajoPutumayo,9112.62,9066.47
2023-06-07,10,PT1H,MC-BajoPutumayo,9742.76,9777.95
2023-06-07,11,PT1H,MC-BajoPutumayo,10244.32,10489.87
2023-06-07,12,PT1H,MC-BajoPutumayo,10320.42,10950.64
2023-06-07,13,PT1H,MC-BajoPutumayo,10354.04,10653.9
2023-06-07,14,PT1H,MC-BajoPutumayo,10423.98,10937.46
2023-06-07,15,PT1H,MC-BajoPutumayo,11414.66,11768.6
2023-06-07,16,PT1H,MC-BajoPutumayo,11812.84,12024.65
2023-06-07,17,PT1H,MC-BajoPutumayo,11751.57,12010.44
2023-06-07,18,PT1H,MC-BajoPutumayo,11753.22,11795.47
2023-06-07,19,PT1H,MC-BajoPutumayo,12823.64,12912.09
2023-06-07,20,PT1H,MC-BajoPutumayo,13145.97,13086.45
2023-06-07,21,PT1H,MC-BajoPutumayo,12261.84,12350.09
2023-06-07,22,PT1H,MC-BajoPutumayo,11072.67,11209.46
2023-06-07,23,PT1H,MC-BajoPutumayo,9232.54,9566.79
2023-06-07,24,PT1H,MC-BajoPutumayo,7865.63,8189.65
2023-09-27,1,PT1H,MC-BajoPutumayo,8441.35,8170.39
2023-09-27,2,PT1H,MC-BajoPutumayo,7898.58,7709.16
2023-09-27,3,PT1H,MC-BajoPutumayo,7355.74,7246.14
2023-09-27,4,PT1H,MC-BajoPutumayo,7337.41,7097.04
2023-09-27,5,PT1H,MC-BajoPutumayo,7289.69,7181.57
2023-09-27,6,PT1H,MC-BajoPutumayo,7616.22,7860.69
2023-09-27,7,PT1H,MC-BajoPutumayo,8177.73,8512.27
2023-09-27,8,PT1H,MC-BajoPutumayo,9520.89,9625.23
2023-09-27,9,PT1H,MC-BajoPutumayo,11289.37,10799.59
2023-09-27,10,PT1H,MC-BajoPutumayo,12522.2,11514.05
2023-09-27,11,PT1H,MC-BajoPutumayo,13666.71,12173.53
2023-09-27,12,PT1H,MC-BajoPutumayo,14396.53,12937.82
2023-09-27,13,PT1H,MC-BajoPutumayo,14092.0,12791.0
2023-09-27,14,PT1H,MC-BajoPutumayo,13968.85,12789.27
2023-09-27,15,PT1H,MC-BajoPutumayo,14718.93,12952.94
2023-09-27,16,PT1H,MC-BajoPutumayo,14810.66,13234.37
2023-09-27,17,PT1H,MC-BajoPutumayo,14912.62,12797.39
2023-09-27,18,PT1H,MC-BajoPutumayo,14508.36,12679.45
2023-09-27,19,PT1H,MC-BajoPutumayo,15623.84,14649.76
2023-09-27,20,PT1H,MC-BajoPutumayo,15781.93,15647.39
2023-09-27,21,PT1H,MC-BajoPutumayo,14734.6,14966.81
2023-09-27,22,PT1H,MC-BajoPutumayo,13458.01,13538.61
2023-09-27,23,PT1H,MC-BajoPutumayo,11808.35,11601.15
2023-09-27,24,PT1H,MC-BajoPutumayo,10156.69,9776.64
2023-08-18,1,PT1H,MC-BajoPutumayo,8460.89,7902.33
2023-08-18,2,PT1H,MC-BajoPutumayo,7904.61,7402.08
2023-08-18,3,PT1H,MC-BajoPutumayo,7582.16,7159.94
2023-08-18,4,PT1H,MC-BajoPutumayo,7460.1,7037.4
2023-08-18,5,PT1H,MC-BajoPutumayo,7465.72,7054.68
2023-08-18,6,PT1H,MC-BajoPutumayo,7849.2,7599.88
2023-08-18,7,PT1H,MC-BajoPutumayo,8297.33,8391.54
2023-08-18,8,PT1H,MC-BajoPutumayo,9178.27,9362.91
2023-08-18,9,PT1H,MC-BajoPutumayo,10538.51,10642.51
2023-08-18,10,PT1H,MC-BajoPutumayo,11513.63,11249.34
2023-08-18,11,PT1H,MC-BajoPutumayo,12587.43,11883.61
2023-08-18,12,PT1H,MC-BajoPutumayo,13399.91,12363.8
2023-08-18,13,PT1H,MC-BajoPutumayo,13054.92,12033.87
2023-08-18,14,PT1H,MC-BajoPutumayo,13426.91,12192.85
2023-08-18,15,PT1H,MC-BajoPutumayo,14143.96,12627.75
2023-08-18,16,PT1H,MC-BajoPutumayo,14273.77,12828.85
2023-08-18,17,PT1H,MC-BajoPutumayo,14134.13,12904.32
2023-08-18,18,PT1H,MC-BajoPutumayo,13763.71,13143.11
2023-08-18,19,PT1H,MC-BajoPutumayo,14762.24,14274.73
2023-08-18,20,PT1H,MC-BajoPutumayo,15396.13,14713.57
2023-08-18,21,PT1H,MC-BajoPutumayo,14503.41,13711.14
2023-08-18,22,PT1H,MC-BajoPutumayo,13284.94,12466.82
2023-08-18,23,PT1H,MC-BajoPutumayo,11617.61,10890.44
2023-08-18,24,PT1H,MC-BajoPutumayo,10265.41,9342.31
2024-04-19,1,PT1H,MC-BajoPutumayo,9170.05,8220.16
2024-04-19,2,PT1H,MC-BajoPutumayo,8412.41,7833.53
2024-04-19,3,PT1H,MC-BajoPutumayo,7842.91,7603.8
2024-04-19,4,PT1H,MC-BajoPutumayo,7618.85,7441.75
2024-04-19,5,PT1H,MC-BajoPutumayo,7511.62,7421.51
2024-04-19,6,PT1H,MC-BajoPutumayo,7933.2,7677.8
2024-04-19,7,PT1H,MC-BajoPutumayo,8315.34,8023.08
2024-04-19,8,PT1H,MC-BajoPutumayo,8960.72,8570.54
2024-04-19,9,PT1H,MC-BajoPutumayo,10199.07,9497.97
2024-04-19,10,PT1H,MC-BajoPutumayo,11245.77,10021.78
2024-04-19,11,PT1H,MC-BajoPutumayo,12654.98,10346.24
2024-04-19,12,PT1H,MC-BajoPutumayo,13803.35,10695.35
2024-04-19,13,PT1H,MC-BajoPutumayo,12489.75,10757.76
2024-04-19,14,PT1H,MC-BajoPutumayo,15579.02,10977.59
2024-04-19,15,PT1H,MC-BajoPutumayo,18295.37,11550.74
2024-04-19,16,PT1H,MC-BajoPutumayo,16186.19,11906.55
2024-04-19,17,PT1H,MC-BajoPutumayo,14759.85,12002.84
2024-04-19,18,PT1H,MC-BajoPutumayo,16423.13,11874.67
2024-04-19,19,PT1H,MC-BajoPutumayo,16446.85,12788.0
2024-04-19,20,PT1H,MC-BajoPutumayo,16203.57,13196.93
2024-04-19,21,PT1H,MC-BajoPutumayo,14986.07,12540.66
2024-04-19,22,PT1H,MC-BajoPutumayo,13874.04,11635.41
2024-04-19,23,PT1H,MC-BajoPutumayo,12731.38,10283.33
2024-04-19,24,PT1H,MC-BajoPutumayo,11146.63,9163.06
2025-02-28,1,PT1H,MC-BajoPutumayo,7687.38,8994.9
2025-02-28,2,PT1H,MC-BajoPutumayo,7244.32,8469.8
2025-02-28,3,PT1H,MC-BajoPutumayo,7025.51,8106.7
2025-02-28,4,PT1H,MC-BajoPutumayo,6924.1,7968.1
2025-02-28,5,PT1H,MC-BajoPutumayo,6975.99,7970.3
2025-02-28,6,PT1H,MC-BajoPutumayo,7596.43,8549.7
2025-02-28,7,PT1H,MC-BajoPutumayo,8219.58,9235.3
2025-02-28,8,PT1H,MC-BajoPutumayo,8912.44,10139.9
2025-02-28,9,PT1H,MC-BajoPutumayo,10066.53,11183.6
2025-02-28,10,PT1H,MC-BajoPutumayo,10536.92,11535.3
2025-02-28,11,PT1H,MC-BajoPutumayo,11224.44,12273.1
2025-02-28,12,PT1H,MC-BajoPutumayo,11815.35,12858.4
2025-02-28,13,PT1H,MC-BajoPutumayo,11688.19,12696.5
2025-02-28,14,PT1H,MC-BajoPutumayo,12221.19,12908.2
2025-02-28,15,PT1H,MC-BajoPutumayo,13447.46,14080.6
2025-02-28,16,PT1H,MC-BajoPutumayo,13329.25,14561.3
2025-02-28,17,PT1H,MC-BajoPutumayo,13717.5,14518.7
2025-02-28,18,PT1H,MC-BajoPutumayo,13439.74,14198.5
2025-02-28,19,PT1H,MC-BajoPutumayo,14127.43,14846.6
2025-02-28,20,PT1H,MC-BajoPutumayo,14822.71,15515.9
2025-02-28,21,PT1H,MC-BajoPutumayo,13953.79,14607.3
2025-02-28,22,PT1H,MC-BajoPutumayo,12869.21,13328.7
2025-02-28,23,PT1H,MC-BajoPutumayo,11277.41,11731.4
2025-02-28,24,PT1H,MC-BajoPutumayo,9907.05,10169.4
2025-09-25,1,PT1H,MC-BajoPutumayo,8024.68,7444.2
2025-09-25,2,PT1H,MC-BajoPutumayo,7655.14,7006.7
2025-09-25,3,PT1H,MC-BajoPutumayo,7347.37,6756.7
2025-09-25,4,PT1H,MC-BajoPutumayo,7262.48,6625.8
2025-09-25,5,PT1H,MC-BajoPutumayo,7340.76,6712.0
2025-09-25,6,PT1H,MC-BajoPutumayo,8063.54,7354.8
2025-09-25,7,PT1H,MC-BajoPutumayo,8889.72,8091.6
2025-09-25,8,PT1H,MC-BajoPutumayo,9626.78,8763.8
2025-09-25,9,PT1H,MC-BajoPutumayo,10835.03,9696.3
2025-09-25,10,PT1H,MC-BajoPutumayo,11436.55,10412.5
2025-09-25,11,PT1H,MC-BajoPutumayo,12093.71,11200.2
2025-09-25,12,PT1H,MC-BajoPutumayo,12622.13,11659.0
2025-09-25,13,PT1H,MC-BajoPutumayo,12321.64,11351.6
2025-09-25,14,PT1H,MC-BajoPutumayo,12578.98,11505.9
2025-09-25,15,PT1H,MC-BajoPutumayo,13238.61,12615.6
2025-09-25,16,PT1H,MC-BajoPutumayo,13030.8,12964.0
2025-09-25,17,PT1H,MC-BajoPutumayo,12678.57,12822.8
2025-09-25,18,PT1H,MC-BajoPutumayo,12913.17,12709.3
2025-09-25,19,PT1H,MC-BajoPutumayo,14340.07,13917.6
2025-09-25,20,PT1H,MC-BajoPutumayo,14032.08,14100.8
2025-09-25,21,PT1H,MC-BajoPutumayo,13083.73,13087.9
2025-09-25,22,PT1H,MC-BajoPutumayo,11666.04,11687.9
2025-09-25,23,PT1H,MC-BajoPutumayo,9696.95,9977.7
2025-09-25,24,PT1H,MC-BajoPutumayo,8417.39,8520.2
2022-11-01,1,PT1H,MC-BajoPutumayo,7565.37,8069.44
2022-11-01,2,PT1H,MC-BajoPutumayo,7075.32,7579.72
2022-11-01,3,PT1H,MC-BajoPutumayo,6840.28,7329.29
2022-11-01,4,PT1H,MC-BajoPutumayo,6555.39,6931.85
2022-11-01,5,PT1H,MC-BajoPutumayo,6610.98,7386.38
2022-11-01,6,PT1H,MC-BajoPutumayo,7181.8,7788.18
2022-11-01,7,PT1H,MC-BajoPutumayo,8001.35,8272.92
2022-11-01,8,PT1H,MC-BajoPutumayo,9170.99,9065.26
2022-11-01,9,PT1H,MC-BajoPutumayo,10553.45,9765.98
2022-11-01,10,PT1H,MC-BajoPutumayo,11676.34,10913.63
2022-11-01,11,PT1H,MC-BajoPutumayo,12414.38,11957.38
2022-11-01,12,PT1H,MC-BajoPutumayo,12639.77,12377.56
2022-11-01,13,PT1H,MC-BajoPutumayo,11766.27,12324.36
2022-11-01,14,PT1H,MC-BajoPutumayo,12642.53,12680.34
2022-11-01,15,PT1H,MC-BajoPutumayo,13224.87,13052.38
2022-11-01,16,PT1H,MC-BajoPutumayo,13272.87,13204.19
2022-11-01,17,PT1H,MC-BajoPutumayo,13525.62,13049.12
2022-11-01,18,PT1H,MC-BajoPutumayo,13360.67,13085.57
2022-11-01,19,PT1H,MC-BajoPutumayo,14776.08,14557.1
2022-11-01,20,PT1H,MC-BajoPutumayo,14599.04,13907.52
2022-11-01,21,PT1H,MC-BajoPutumayo,13563.01,13358.48
2022-11-01,22,PT1H,MC-BajoPutumayo,12318.98,12204.28
2022-11-01,23,PT1H,MC-BajoPutumayo,10662.44,10536.97
2022-11-01,24,PT1H,MC-BajoPutumayo,9225.58,9144.08
2025-04-09,1,PT1H,MC-BajoPutumayo,7869.55,7392.6
2025-04-09,2,PT1H,MC-BajoPutumayo,7419.08,6930.1
2025-04-09,3,PT1H,MC-BajoPutumayo,7213.03,6751.6
2025-04-09,4,PT1H,MC-BajoPutumayo,7077.25,6642.6
2025-04-09,5,PT1H,MC-BajoPutumayo,7150.67,6720.9
2025-04-09,6,PT1H,MC-BajoPutumayo,7803.88,7578.2
2025-04-09,7,PT1H,MC-BajoPutumayo,8623.36,8182.1
2025-04-09,8,PT1H,MC-BajoPutumayo,9217.8,8804.6
2025-04-09,9,PT1H,MC-BajoPutumayo,10165.03,9862.9
2025-04-09,10,PT1H,MC-BajoPutumayo,10641.99,10373.4
2025-04-09,11,PT1H,MC-BajoPutumayo,11037.86,11053.4
2025-04-09,12,PT1H,MC-BajoPutumayo,11377.52,12004.9
2025-04-09,13,PT1H,MC-BajoPutumayo,11211.82,11731.5
2025-04-09,14,PT1H,MC-BajoPutumayo,11187.56,12173.9
2025-04-09,15,PT1H,MC-BajoPutumayo,11804.24,13046.1
2025-04-09,16,PT1H,MC-BajoPutumayo,11979.88,13208.5
2025-04-09,17,PT1H,MC-BajoPutumayo,12069.53,13163.1
2025-04-09,18,PT1H,MC-BajoPutumayo,12003.62,12872.0
2025-04-09,19,PT1H,MC-BajoPutumayo,13249.18,13638.4
2025-04-09,20,PT1H,MC-BajoPutumayo,13763.67,13833.0
2025-04-09,21,PT1H,MC-BajoPutumayo,12882.59,13104.6
2025-04-09,22,PT1H,MC-BajoPutumayo,11554.09,11515.6
2025-04-09,23,PT1H,MC-BajoPutumayo,9868.52,10016.8
2025-04-09,24,PT1H,MC-BajoPutumayo,8398.62,8608.3
2025-03-24,1,PT1H,MC-BajoPutumayo,7929.42,8058.8
2025-03-24,2,PT1H,MC-BajoPutumayo,7376.73,7552.2
2025-03-24,3,PT1H,MC-BajoPutumayo,6995.29,7280.2
2025-03-24,4,PT1H,MC-BajoPutumayo,6857.72,6973.6
2025-03-24,5,PT1H,MC-BajoPutumayo,6865.51,6975.3
2025-03-24,6,PT1H,MC-BajoPutumayo,7104.1,7558.3
2025-03-24,7,PT1H,MC-BajoPutumayo,7373.47,8302.8
2025-03-24,8,PT1H,MC-BajoPutumayo,8255.32,9067.5
2025-03-24,9,PT1H,MC-BajoPutumayo,9568.45,10250.4
2025-03-24,10,PT1H,MC-BajoPutumayo,10438.26,10813.0
2025-03-24,11,PT1H,MC-BajoPutumayo,11239.23,11164.1
2025-03-24,12,PT1H,MC-BajoPutumayo,11930.42,11944.5
2025-03-24,13,PT1H,MC-BajoPutumayo,12249.2,11696.5
2025-03-24,14,PT1H,MC-BajoPutumayo,12124.92,11986.6
2025-03-24,15,PT1H,MC-BajoPutumayo,12033.21,12926.6
2025-03-24,16,PT1H,MC-BajoPutumayo,11998.6,13193.0
2025-03-24,17,PT1H,MC-BajoPutumayo,11906.95,12878.0
2025-03-24,18,PT1H,MC-BajoPutumayo,12068.11,12654.4
2025-03-24,19,PT1H,MC-BajoPutumayo,13390.21,13499.5
2025-03-24,20,PT1H,MC-BajoPutumayo,13755.86,13783.9
2025-03-24,21,PT1H,MC-BajoPutumayo,13085.82,13076.7
2025-03-24,22,PT1H,MC-BajoPutumayo,11966.17,11715.1
2025-03-24,23,PT1H,MC-BajoPutumayo,10485.06,9933.1
2025-03-24,24,PT1H,MC-BajoPutumayo,9105.31,8586.9
2022-01-14,1,PT1H,MC-BajoPutumayo,7435.81,7458.83
2022-01-14,2,PT1H,MC-BajoPutumayo,6640.71,6970.36
2022-01-14,3,PT1H,MC-BajoPutumayo,6769.96,6770.08
2022-01-14,4,PT1H,MC-BajoPutumayo,6405.63,6412.89
2022-01-14,5,PT1H,MC-BajoPutumayo,6387.67,6697.25
2022-01-14,6,PT1H,MC-BajoPutumayo,6411.15,6955.98
2022-01-14,7,PT1H,MC-BajoPutumayo,6509.14,7219.98
2022-01-14,8,PT1H,MC-BajoPutumayo,7125.48,8403.19
2022-01-14,9,PT1H,MC-BajoPutumayo,8237.95,9786.91
2022-01-14,10,PT1H,MC-BajoPutumayo,8915.72,10757.63
2022-01-14,11,PT1H,MC-BajoPutumayo,9496.68,11374.02
2022-01-14,12,PT1H,MC-BajoPutumayo,9937.17,11895.32
2022-01-14,13,PT1H,MC-BajoPutumayo,9620.29,11616.46
2022-01-14,14,PT1H,MC-BajoPutumayo,9498.83,11702.23
2022-01-14,15,PT1H,MC-BajoPutumayo,9582.71,12288.68
2022-01-14,16,PT1H,MC-BajoPutumayo,9694.84,12404.39
2022-01-14,17,PT1H,MC-BajoPutumayo,9567.25,12305.93
2022-01-14,18,PT1H,MC-BajoPutumayo,9595.69,11920.47
2022-01-14,19,PT1H,MC-BajoPutumayo,10757.77,12412.05
2022-01-14,20,PT1H,MC-BajoPutumayo,11417.5,13142.25
2022-01-14,21,PT1H,MC-BajoPutumayo,10796.51,12315.03
2022-01-14,22,PT1H,MC-BajoPutumayo,9799.23,11230.76
2022-01-14,23,PT1H,MC-BajoPutumayo,8565.66,9525.79
2022-01-14,24,PT1H,MC-BajoPutumayo,7313.39,7994.73
2023-08-04,1,PT1H,MC-BajoPutumayo,7305.14,7062.78
2023-08-04,2,PT1H,MC-BajoPutumayo,6820.49,6642.14
2023-08-04,3,PT1H,MC-BajoPutumayo,6521.07,6456.44
2023-08-04,4,PT1H,MC-BajoPutumayo,6429.22,6443.73
2023-08-04,5,PT1H,MC-BajoPutumayo,6452.0,6700.17
2023-08-04,6,PT1H,MC-BajoPutumayo,7032.3,7518.49
2023-08-04,7,PT1H,MC-BajoPutumayo,7865.1,8845.4
2023-08-04,8,PT1H,MC-BajoPutumayo,8594.68,9242.75
2023-08-04,9,PT1H,MC-BajoPutumayo,9584.03,9985.0
2023-08-04,10,PT1H,MC-BajoPutumayo,10007.59,10490.91
2023-08-04,11,PT1H,MC-BajoPutumayo,10434.76,11184.77
2023-08-04,12,PT1H,MC-BajoPutumayo,10773.58,11491.31
2023-08-04,13,PT1H,MC-BajoPutumayo,10517.46,11221.69
2023-08-04,14,PT1H,MC-BajoPutumayo,10983.02,11324.38
2023-08-04,15,PT1H,MC-BajoPutumayo,12010.93,11780.04
2023-08-04,16,PT1H,MC-BajoPutumayo,12310.03,11788.45
2023-08-04,17,PT1H,MC-BajoPutumayo,12205.01,11818.07
2023-08-04,18,PT1H,MC-BajoPutumayo,12082.25,11482.44
2023-08-04,19,PT1H,MC-BajoPutumayo,12771.09,13000.61
2023-08-04,20,PT1H,MC-BajoPutumayo,13348.98,14077.05
2023-08-04,21,PT1H,MC-BajoPutumayo,12480.03,13153.44
2023-08-04,22,PT1H,MC-BajoPutumayo,11356.53,11650.4
2023-08-04,23,PT1H,MC-BajoPutumayo,9944.73,9226.43
2023-08-04,24,PT1H,MC-BajoPutumayo,8639.45,7656.11
2025-03-25,1,PT1H,MC-BajoPutumayo,8173.9,9054.6
2025-03-25,2,PT1H,MC-BajoPutumayo,7716.11,8496.4
2025-03-25,3,PT1H,MC-BajoPutumayo,7523.25,8098.0
2025-03-25,4,PT1H,MC-BajoPutumayo,7338.37,7921.5
2025-03-25,5,PT1H,MC-BajoPutumayo,7371.53,8083.9
2025-03-25,6,PT1H,MC-BajoPutumayo,8133.49,8839.6
2025-03-25,7,PT1H,MC-BajoPutumayo,8809.06,9676.5
2025-03-25,8,PT1H,MC-BajoPutumayo,9539.15,10333.8
2025-03-25,9,PT1H,MC-BajoPutumayo,10667.15,11449.3
2025-03-25,10,PT1H,MC-BajoPutumayo,11527.56,12093.2
2025-03-25,11,PT1H,MC-BajoPutumayo,12307.4,12799.7
2025-03-25,12,PT1H,MC-BajoPutumayo,12858.02,13379.5
2025-03-25,13,PT1H,MC-BajoPutumayo,12745.57,13054.7
2025-03-25,14,PT1H,MC-BajoPutumayo,13143.07,13318.7
2025-03-25,15,PT1H,MC-BajoPutumayo,13769.3,14392.1
2025-03-25,16,PT1H,MC-BajoPutumayo,13672.09,14732.4
2025-03-25,17,PT1H,MC-BajoPutumayo,13465.94,14551.5
2025-03-25,18,PT1H,MC-BajoPutumayo,13310.31,14613.0
2025-03-25,19,PT1H,MC-BajoPutumayo,14291.38,15743.7
2025-03-25,20,PT1H,MC-BajoPutumayo,14712.47,16238.7
2025-03-25,21,PT1H,MC-BajoPutumayo,13600.87,15218.3
2025-03-25,22,PT1H,MC-BajoPutumayo,12144.64,13850.5
2025-03-25,23,PT1H,MC-BajoPutumayo,10484.85,11753.9
2025-03-25,24,PT1H,MC-BajoPutumayo,8935.26,10196.7
2025-01-10,1,PT1H,MC-BajoPutumayo,9411.75,8722.6
2025-01-10,2,PT1H,MC-BajoPutumayo,8860.97,8250.2
2025-01-10,3,PT1H,MC-BajoPutumayo,8406.28,7943.9
2025-01-10,4,PT1H,MC-BajoPutumayo,8270.96,7866.7
2025-01-10,5,PT1H,MC-BajoPutumayo,8342.86,8152.8
2025-01-10,6,PT1H,MC-BajoPutumayo,8543.43,8391.7
2025-01-10,7,PT1H,MC-BajoPutumayo,8803.42,8948.8
2025-01-10,8,PT1H,MC-BajoPutumayo,9802.11,10400.3
2025-01-10,9,PT1H,MC-BajoPutumayo,11272.08,11473.7
2025-01-10,10,PT1H,MC-BajoPutumayo,12101.06,12183.4
2025-01-10,11,PT1H,MC-BajoPutumayo,12887.18,12738.8
2025-01-10,12,PT1H,MC-BajoPutumayo,13531.49,12881.0
2025-01-10,13,PT1H,MC-BajoPutumayo,13109.33,12620.4
2025-01-10,14,PT1H,MC-BajoPutumayo,12973.79,13066.5
2025-01-10,15,PT1H,MC-BajoPutumayo,13560.26,12591.3
2025-01-10,16,PT1H,MC-BajoPutumayo,13650.43,12637.2
2025-01-10,17,PT1H,MC-BajoPutumayo,13548.98,12592.4
2025-01-10,18,PT1H,MC-BajoPutumayo,13454.04,12983.7
2025-01-10,19,PT1H,MC-BajoPutumayo,14174.62,13886.9
2025-01-10,20,PT1H,MC-BajoPutumayo,14590.16,13637.7
2025-01-10,21,PT1H,MC-BajoPutumayo,13768.49,12714.5
2025-01-10,22,PT1H,MC-BajoPutumayo,12410.74,11413.8
2025-01-10,23,PT1H,MC-BajoPutumayo,11342.79,10051.1
2025-01-10,24,PT1H,MC-BajoPutumayo,9956.48,9085.0
2024-12-12,1,PT1H,MC-BajoPutumayo,7653.99,8356.3
2024-12-12,2,PT1H,MC-BajoPutumayo,7297.82,7891.9
2024-12-12,3,PT1H,MC-BajoPutumayo,7229.44,7553.6
2024-12-12,4,PT1H,MC-BajoPutumayo,7038.74,7362.2
2024-12-12,5,PT1H,MC-BajoPutumayo,7228.29,7643.8
2024-12-12,6,PT1H,MC-BajoPutumayo,7519.91,8298.2
2024-12-12,7,PT1H,MC-BajoPutumayo,8377.9,8835.0
2024-12-12,8,PT1H,MC-BajoPutumayo,9855.74,10055.6
2024-12-12,9,PT1H,MC-BajoPutumayo,11326.39,11189.2
2024-12-12,10,PT1H,MC-BajoPutumayo,11990.61,11532.1
2024-12-12,11,PT1H,MC-BajoPutumayo,13154.1,11675.1
2024-12-12,12,PT1H,MC-BajoPutumayo,13342.39,11647.0
2024-12-12,13,PT1H,MC-BajoPutumayo,13326.02,11438.5
2024-12-12,14,PT1H,MC-BajoPutumayo,13766.12,11931.7
2024-12-12,15,PT1H,MC-BajoPutumayo,14009.96,12410.6
2024-12-12,16,PT1H,MC-BajoPutumayo,14309.93,12710.2
2024-12-12,17,PT1H,MC-BajoPutumayo,14144.6,12467.3
2024-12-12,18,PT1H,MC-BajoPutumayo,14279.16,13181.2
2024-12-12,19,PT1H,MC-BajoPutumayo,15297.24,14022.0
2024-12-12,20,PT1H,MC-BajoPutumayo,14563.21,13374.3
2024-12-12,21,PT1H,MC-BajoPutumayo,13378.72,12244.5
2024-12-12,22,PT1H,MC-BajoPutumayo,11771.06,10860.9
2024-12-12,23,PT1H,MC-BajoPutumayo,10251.55,9376.3
2024-12-12,24,PT1H,MC-BajoPutumayo,9202.99,8298.8
2025-09-16,1,PT1H,MC-BajoPutumayo,9642.19,8260.0
2025-09-16,2,PT1H,MC-BajoPutumayo,8000.62,7728.5
2025-09-16,3,PT1H,MC-BajoPutumayo,7701.52,7433.1
2025-09-16,4,PT1H,MC-BajoPutumayo,7543.54,7256.8
2025-09-16,5,PT1H,MC-BajoPutumayo,7740.57,7318.3
2025-09-16,6,PT1H,MC-BajoPutumayo,8504.18,8109.8
2025-09-16,7,PT1H,MC-BajoPutumayo,8931.51,8391.6
2025-09-16,8,PT1H,MC-BajoPutumayo,9686.39,9753.8
2025-09-16,9,PT1H,MC-BajoPutumayo,11036.61,10688.3
2025-09-16,10,PT1H,MC-BajoPutumayo,11315.88,11548.5
2025-09-16,11,PT1H,MC-BajoPutumayo,12231.44,12202.3
2025-09-16,12,PT1H,MC-BajoPutumayo,12851.83,12757.3
2025-09-16,13,PT1H,MC-BajoPutumayo,12602.5,12530.6
2025-09-16,14,PT1H,MC-BajoPutumayo,13003.21,12702.4
2025-09-16,15,PT1H,MC-BajoPutumayo,13816.87,13486.2
2025-09-16,16,PT1H,MC-BajoPutumayo,13904.37,13697.6
2025-09-16,17,PT1H,MC-BajoPutumayo,13663.35,13614.8
2025-09-16,18,PT1H,MC-BajoPutumayo,13740.77,13599.6
2025-09-16,19,PT1H,MC-BajoPutumayo,15153.78,14632.9
2025-09-16,20,PT1H,MC-BajoPutumayo,15119.24,14932.0
2025-09-16,21,PT1H,MC-BajoPutumayo,13589.16,13871.0
2025-09-16,22,PT1H,MC-BajoPutumayo,11769.73,12399.4
2025-09-16,23,PT1H,MC-BajoPutumayo,9803.69,10441.1
2025-09-16,24,PT1H,MC-BajoPutumayo,8322.66,8955.4
2025-03-02,1,PT1H,MC-BajoPutumayo,8649.98,8185.2
2025-03-02,2,PT1H,MC-BajoPutumayo,8013.39,7674.2
2025-03-02,3,PT1H,MC-BajoPutumayo,7316.64,7287.8
2025-03-02,4,PT1H,MC-BajoPutumayo,7050.89,7113.8
2025-03-02,5,PT1H,MC-BajoPutumayo,6799.87,6998.6
2025-03-02,6,PT1H,MC-BajoPutumayo,6666.72,7075.5
2025-03-02,7,PT1H,MC-BajoPutumayo,6933.05,7206.3
2025-03-02,8,PT1H,MC-BajoPutumayo,7612.42,8037.3
2025-03-02,9,PT1H,MC-BajoPutumayo,8493.61,9066.7
2025-03-02,10,PT1H,MC-BajoPutumayo,9256.08,9737.7
2025-03-02,11,PT1H,MC-BajoPutumayo,9940.96,10385.8
2025-03-02,12,PT1H,MC-BajoPutumayo,10389.61,11076.7
2025-03-02,13,PT1H,MC-BajoPutumayo,10383.85,11538.3
2025-03-02,14,PT1H,MC-BajoPutumayo,10112.12,11466.4
2025-03-02,15,PT1H,MC-BajoPutumayo,9000.84,11679.5
2025-03-02,16,PT1H,MC-BajoPutumayo,9282.04,11787.6
2025-03-02,17,PT1H,MC-BajoPutumayo,10684.46,11747.7
2025-03-02,18,PT1H,MC-BajoPutumayo,10680.01,11607.6
2025-03-02,19,PT1H,MC-BajoPutumayo,11950.17,12481.4
2025-03-02,20,PT1H,MC-BajoPutumayo,12886.24,13353.3
2025-03-02,21,PT1H,MC-BajoPutumayo,12344.75,12891.9
2025-03-02,22,PT1H,MC-BajoPutumayo,11298.42,12065.0
2025-03-02,23,PT1H,MC-BajoPutumayo,9904.05,10634.1
2025-03-02,24,PT1H,MC-BajoPutumayo,8706.92,9266.9
2024-01-31,1,PT1H,MC-BajoPutumayo,9335.42,8874.99
2024-01-31,2,PT1H,MC-BajoPutumayo,8824.96,8370.42
2024-01-31,3,PT1H,MC-BajoPutumayo,8498.93,8056.02
2024-01-31,4,PT1H,MC-BajoPutumayo,8221.73,7836.32
2024-01-31,5,PT1H,MC-BajoPutumayo,8309.17,7766.47
2024-01-31,6,PT1H,MC-BajoPutumayo,8413.93,7908.1
2024-01-31,7,PT1H,MC-BajoPutumayo,8789.96,7936.9
2024-01-31,8,PT1H,MC-BajoPutumayo,9834.05,9029.62
2024-01-31,9,PT1H,MC-BajoPutumayo,11223.06,10541.55
2024-01-31,10,PT1H,MC-BajoPutumayo,12195.5,11521.19
2024-01-31,11,PT1H,MC-BajoPutumayo,12865.2,12336.39
2024-01-31,12,PT1H,MC-BajoPutumayo,13921.96,13093.19
2024-01-31,13,PT1H,MC-BajoPutumayo,13660.17,12959.35
2024-01-31,14,PT1H,MC-BajoPutumayo,13795.99,12990.73
2024-01-31,15,PT1H,MC-BajoPutumayo,14443.97,13572.28
2024-01-31,16,PT1H,MC-BajoPutumayo,14532.0,13675.88
2024-01-31,17,PT1H,MC-BajoPutumayo,14502.39,13636.71
2024-01-31,18,PT1H,MC-BajoPutumayo,14163.65,13264.7
2024-01-31,19,PT1H,MC-BajoPutumayo,14482.49,13805.85
2024-01-31,20,PT1H,MC-BajoPutumayo,15068.42,14464.57
2024-01-31,21,PT1H,MC-BajoPutumayo,14468.42,13654.32
2024-01-31,22,PT1H,MC-BajoPutumayo,13348.93,12627.13
2024-01-31,23,PT1H,MC-BajoPutumayo,11867.61,11177.34
2024-01-31,24,PT1H,MC-BajoPutumayo,10504.31,10023.4
2025-04-08,1,PT1H,MC-BajoPutumayo,8087.06,7631.2
2025-04-08,2,PT1H,MC-BajoPutumayo,7641.28,7256.2
2025-04-08,3,PT1H,MC-BajoPutumayo,7396.7,7051.7
2025-04-08,4,PT1H,MC-BajoPutumayo,7230.68,6901.3
2025-04-08,5,PT1H,MC-BajoPutumayo,7278.07,6976.7
2025-04-08,6,PT1H,MC-BajoPutumayo,7857.87,7607.8
2025-04-08,7,PT1H,MC-BajoPutumayo,8546.11,8524.5
2025-04-08,8,PT1H,MC-BajoPutumayo,9125.57,9172.3
2025-04-08,9,PT1H,MC-BajoPutumayo,10225.39,10332.4
2025-04-08,10,PT1H,MC-BajoPutumayo,10602.28,11070.4
2025-04-08,11,PT1H,MC-BajoPutumayo,11336.26,11633.9
2025-04-08,12,PT1H,MC-BajoPutumayo,12373.85,12079.0
2025-04-08,13,PT1H,MC-BajoPutumayo,12496.6,12140.2
2025-04-08,14,PT1H,MC-BajoPutumayo,12614.37,12261.0
2025-04-08,15,PT1H,MC-BajoPutumayo,12377.19,12542.1
2025-04-08,16,PT1H,MC-BajoPutumayo,12677.57,12397.2
2025-04-08,17,PT1H,MC-BajoPutumayo,12478.98,12216.4
2025-04-08,18,PT1H,MC-BajoPutumayo,12568.23,12319.1
2025-04-08,19,PT1H,MC-BajoPutumayo,13759.37,13485.6
2025-04-08,20,PT1H,MC-BajoPutumayo,14278.69,13757.0
2025-04-08,21,PT1H,MC-BajoPutumayo,13433.94,12808.0
2025-04-08,22,PT1H,MC-BajoPutumayo,12215.59,11494.8
2025-04-08,23,PT1H,MC-BajoPutumayo,10457.99,9851.3
2025-04-08,24,PT1H,MC-BajoPutumayo,8940.37,8542.7
2023-06-17,1,PT1H,MC-BajoPutumayo,5945.38,7127.38
2023-06-17,2,PT1H,MC-BajoPutumayo,5572.4,6689.89
2023-06-17,3,PT1H,MC-BajoPutumayo,5346.32,6406.04
2023-06-17,4,PT1H,MC-BajoPutumayo,5242.31,6223.54
2023-06-17,5,PT1H,MC-BajoPutumayo,5273.68,6209.75
2023-06-17,6,PT1H,MC-BajoPutumayo,5581.66,6390.13
2023-06-17,7,PT1H,MC-BajoPutumayo,6096.78,6857.35
2023-06-17,8,PT1H,MC-BajoPutumayo,6873.12,7873.36
2023-06-17,9,PT1H,MC-BajoPutumayo,8202.2,9114.11
2023-06-17,10,PT1H,MC-BajoPutumayo,8887.98,10267.01
2023-06-17,11,PT1H,MC-BajoPutumayo,9341.58,10903.97
2023-06-17,12,PT1H,MC-BajoPutumayo,9806.69,11485.18
2023-06-17,13,PT1H,MC-BajoPutumayo,9951.35,11456.99
2023-06-17,14,PT1H,MC-BajoPutumayo,10193.68,11329.07
2023-06-17,15,PT1H,MC-BajoPutumayo,9773.35,11392.57
2023-06-17,16,PT1H,MC-BajoPutumayo,9895.26,11469.76
2023-06-17,17,PT1H,MC-BajoPutumayo,9934.8,11420.0
2023-06-17,18,PT1H,MC-BajoPutumayo,10020.47,11366.54
2023-06-17,19,PT1H,MC-BajoPutumayo,11227.48,12476.46
2023-06-17,20,PT1H,MC-BajoPutumayo,11478.78,12670.78
2023-06-17,21,PT1H,MC-BajoPutumayo,10671.61,11890.6
2023-06-17,22,PT1H,MC-BajoPutumayo,9636.38,10954.8
2023-06-17,23,PT1H,MC-BajoPutumayo,8434.96,9687.32
2023-06-17,24,PT1H,MC-BajoPutumayo,7382.25,8576.52
2025-08-21,1,PT1H,MC-BajoPutumayo,7708.25,9168.5
2025-08-21,2,PT1H,MC-BajoPutumayo,7681.81,8543.5
2025-08-21,3,PT1H,MC-BajoPutumayo,6715.82,8032.4
2025-08-21,4,PT1H,MC-BajoPutumayo,6649.17,7838.6
2025-08-21,5,PT1H,MC-BajoPutumayo,6680.58,7808.8
2025-08-21,6,PT1H,MC-BajoPutumayo,7344.99,7933.0
2025-08-21,7,PT1H,MC-BajoPutumayo,8102.87,8188.8
2025-08-21,8,PT1H,MC-BajoPutumayo,8865.02,9821.0
2025-08-21,9,PT1H,MC-BajoPutumayo,10123.17,11389.1
2025-08-21,10,PT1H,MC-BajoPutumayo,11228.8,12319.7
2025-08-21,11,PT1H,MC-BajoPutumayo,12451.82,12779.5
2025-08-21,12,PT1H,MC-BajoPutumayo,13209.57,13229.8
2025-08-21,13,PT1H,MC-BajoPutumayo,12936.04,13106.4
2025-08-21,14,PT1H,MC-BajoPutumayo,12748.68,13130.6
2025-08-21,15,PT1H,MC-BajoPutumayo,11912.24,13102.3
2025-08-21,16,PT1H,MC-BajoPutumayo,11428.13,13340.2
2025-08-21,17,PT1H,MC-BajoPutumayo,10826.89,12854.0
2025-08-21,18,PT1H,MC-BajoPutumayo,11041.19,12458.7
2025-08-21,19,PT1H,MC-BajoPutumayo,13691.79,14884.2
2025-08-21,20,PT1H,MC-BajoPutumayo,14227.13,15124.7
2025-08-21,21,PT1H,MC-BajoPutumayo,12845.68,14533.8
2025-08-21,22,PT1H,MC-BajoPutumayo,11712.0,13133.8
2025-08-21,23,PT1H,MC-BajoPutumayo,9826.52,11261.4
2025-08-21,24,PT1H,MC-BajoPutumayo,8386.89,9671.6
2023-10-14,1,PT1H,MC-BajoPutumayo,8593.61,7575.59
2023-10-14,2,PT1H,MC-BajoPutumayo,8107.17,7071.56
2023-10-14,3,PT1H,MC-BajoPutumayo,7728.83,6741.13
2023-10-14,4,PT1H,MC-BajoPutumayo,7536.34,6559.76
2023-10-14,5,PT1H,MC-BajoPutumayo,7473.93,6524.71
2023-10-14,6,PT1H,MC-BajoPutumayo,7601.87,6669.07
2023-10-14,7,PT1H,MC-BajoPutumayo,8048.37,7100.59
2023-10-14,8,PT1H,MC-BajoPutumayo,9267.7,8272.47
2023-10-14,9,PT1H,MC-BajoPutumayo,10584.44,9519.64
2023-10-14,10,PT1H,MC-BajoPutumayo,11153.7,10513.84
2023-10-14,11,PT1H,MC-BajoPutumayo,12080.51,11431.46
2023-10-14,12,PT1H,MC-BajoPutumayo,10755.85,12187.87
2023-10-14,13,PT1H,MC-BajoPutumayo,8886.6,12135.37
2023-10-14,14,PT1H,MC-BajoPutumayo,7469.25,12193.91
2023-10-14,15,PT1H,MC-BajoPutumayo,8263.51,12440.22
2023-10-14,16,PT1H,MC-BajoPutumayo,9368.33,12641.12
2023-10-14,17,PT1H,MC-BajoPutumayo,9532.41,12389.35
2023-10-14,18,PT1H,MC-BajoPutumayo,10422.59,12004.62
2023-10-14,19,PT1H,MC-BajoPutumayo,11746.22,13037.45
2023-10-14,20,PT1H,MC-BajoPutumayo,11492.81,13138.95
2023-10-14,21,PT1H,MC-BajoPutumayo,10723.45,12281.38
2023-10-14,22,PT1H,MC-BajoPutumayo,9842.69,11399.18
2023-10-14,23,PT1H,MC-BajoPutumayo,8804.15,10037.51
2023-10-14,24,PT1H,MC-BajoPutumayo,7868.91,8968.03
2022-09-04,1,PT1H,MC-BajoPutumayo,6870.28,7220.09
2022-09-04,2,PT1H,MC-BajoPutumayo,6487.69,6654.39
2022-09-04,3,PT1H,MC-BajoPutumayo,6224.09,6329.21
2022-09-04,4,PT1H,MC-BajoPutumayo,6079.04,6170.13
2022-09-04,5,PT1H,MC-BajoPutumayo,5996.06,6054.23
2022-09-04,6,PT1H,MC-BajoPutumayo,6208.47,6186.99
2022-09-04,7,PT1H,MC-BajoPutumayo,6628.82,6374.6
2022-09-04,8,PT1H,MC-BajoPutumayo,7556.69,7555.59
2022-09-04,9,PT1H,MC-BajoPutumayo,8662.64,8636.18
2022-09-04,10,PT1H,MC-BajoPutumayo,9191.02,9357.97
2022-09-04,11,PT1H,MC-BajoPutumayo,9686.32,10170.4
2022-09-04,12,PT1H,MC-BajoPutumayo,9942.54,10814.43
2022-09-04,13,PT1H,MC-BajoPutumayo,10065.34,11063.22
2022-09-04,14,PT1H,MC-BajoPutumayo,10014.31,10823.13
2022-09-04,15,PT1H,MC-BajoPutumayo,10062.48,10620.08
2022-09-04,16,PT1H,MC-BajoPutumayo,10111.21,10348.53
2022-09-04,17,PT1H,MC-BajoPutumayo,10115.0,10198.13
2022-09-04,18,PT1H,MC-BajoPutumayo,10423.06,10191.92
2022-09-04,19,PT1H,MC-BajoPutumayo,11661.35,11168.89
2022-09-04,20,PT1H,MC-BajoPutumayo,11722.64,11994.6
2022-09-04,21,PT1H,MC-BajoPutumayo,10916.95,11421.61
2022-09-04,22,PT1H,MC-BajoPutumayo,9781.27,10291.75
2022-09-04,23,PT1H,MC-BajoPutumayo,6870.28,8829.97
2022-09-04,24,PT1H,MC-BajoPutumayo,4225.89,7695.08
2022-12-31,1,PT1H,MC-BajoPutumayo,8956.65,8456.57
2022-12-31,2,PT1H,MC-BajoPutumayo,8544.54,7968.25
2022-12-31,3,PT1H,MC-BajoPutumayo,8293.02,7596.58
2022-12-31,4,PT1H,MC-BajoPutumayo,7422.97,7266.0
2022-12-31,5,PT1H,MC-BajoPutumayo,7733.43,7210.47
2022-12-31,6,PT1H,MC-BajoPutumayo,7844.09,7266.07
2022-12-31,7,PT1H,MC-BajoPutumayo,7880.95,7727.29
2022-12-31,8,PT1H,MC-BajoPutumayo,9165.08,8814.43
2022-12-31,9,PT1H,MC-BajoPutumayo,10816.13,10598.24
2022-12-31,10,PT1H,MC-BajoPutumayo,10968.46,11792.74
2022-12-31,11,PT1H,MC-BajoPutumayo,11368.37,12936.04
2022-12-31,12,PT1H,MC-BajoPutumayo,12050.1,13369.96
2022-12-31,13,PT1H,MC-BajoPutumayo,11977.21,13022.77
2022-12-31,14,PT1H,MC-BajoPutumayo,11689.04,13063.01
2022-12-31,15,PT1H,MC-BajoPutumayo,12298.13,13364.4
2022-12-31,16,PT1H,MC-BajoPutumayo,12139.75,13351.97
2022-12-31,17,PT1H,MC-BajoPutumayo,12281.9,13468.81
2022-12-31,18,PT1H,MC-BajoPutumayo,12354.56,13233.85
2022-12-31,19,PT1H,MC-BajoPutumayo,13496.72,14665.26
2022-12-31,20,PT1H,MC-BajoPutumayo,14242.79,14639.95
2022-12-31,21,PT1H,MC-BajoPutumayo,13565.84,13882.7
2022-12-31,22,PT1H,MC-BajoPutumayo,12481.56,12832.92
2022-12-31,23,PT1H,MC-BajoPutumayo,11131.88,11654.61
2022-12-31,24,PT1H,MC-BajoPutumayo,10296.16,10669.11
2023-09-14,1,PT1H,MC-BajoPutumayo,8973.36,6863.05
2023-09-14,2,PT1H,MC-BajoPutumayo,8413.64,6645.85
2023-09-14,3,PT1H,MC-BajoPutumayo,8076.9,6348.92
2023-09-14,4,PT1H,MC-BajoPutumayo,7854.49,6181.65
2023-09-14,5,PT1H,MC-BajoPutumayo,7789.41,6057.29
2023-09-14,6,PT1H,MC-BajoPutumayo,8240.79,6467.43
2023-09-14,7,PT1H,MC-BajoPutumayo,8932.4,7043.9
2023-09-14,8,PT1H,MC-BajoPutumayo,9650.78,7842.03
2023-09-14,9,PT1H,MC-BajoPutumayo,9992.19,9106.84
2023-09-14,10,PT1H,MC-BajoPutumayo,10446.1,9864.17
2023-09-14,11,PT1H,MC-BajoPutumayo,10710.83,10610.85
2023-09-14,12,PT1H,MC-BajoPutumayo,10807.82,11058.17
2023-09-14,13,PT1H,MC-BajoPutumayo,10186.06,11219.67
2023-09-14,14,PT1H,MC-BajoPutumayo,10326.33,11573.33
2023-09-14,15,PT1H,MC-BajoPutumayo,11083.74,12053.15
2023-09-14,16,PT1H,MC-BajoPutumayo,11743.61,12094.06
2023-09-14,17,PT1H,MC-BajoPutumayo,12007.04,11999.26
2023-09-14,18,PT1H,MC-BajoPutumayo,11878.13,11777.79
2023-09-14,19,PT1H,MC-BajoPutumayo,13282.52,11844.15
2023-09-14,20,PT1H,MC-BajoPutumayo,13424.39,12590.52
2023-09-14,21,PT1H,MC-BajoPutumayo,12440.2,12317.36
2023-09-14,22,PT1H,MC-BajoPutumayo,11318.94,11000.97
2023-09-14,23,PT1H,MC-BajoPutumayo,9873.07,9547.68
2023-09-14,24,PT1H,MC-BajoPutumayo,8443.42,8157.6
2023-04-02,1,PT1H,MC-BajoPutumayo,7606.73,7216.83
2023-04-02,2,PT1H,MC-BajoPutumayo,7118.81,6955.37
2023-04-02,3,PT1H,MC-BajoPutumayo,6779.07,6502.72
2023-04-02,4,PT1H,MC-BajoPutumayo,6618.06,6276.06
2023-04-02,5,PT1H,MC-BajoPutumayo,6470.78,6132.56
2023-04-02,6,PT1H,MC-BajoPutumayo,6590.7,6194.06
2023-04-02,7,PT1H,MC-BajoPutumayo,6852.76,6444.37
2023-04-02,8,PT1H,MC-BajoPutumayo,7704.41,7261.71
2023-04-02,9,PT1H,MC-BajoPutumayo,8634.56,8385.39
2023-04-02,10,PT1H,MC-BajoPutumayo,8706.38,9248.91
2023-04-02,11,PT1H,MC-BajoPutumayo,8839.13,9808.97
2023-04-02,12,PT1H,MC-BajoPutumayo,9106.21,10308.11
2023-04-02,13,PT1H,MC-BajoPutumayo,9253.01,10543.7
2023-04-02,14,PT1H,MC-BajoPutumayo,9233.23,10389.38
2023-04-02,15,PT1H,MC-BajoPutumayo,9404.16,10360.56
2023-04-02,16,PT1H,MC-BajoPutumayo,9645.34,10228.56
2023-04-02,17,PT1H,MC-BajoPutumayo,9600.05,10120.33
2023-04-02,18,PT1H,MC-BajoPutumayo,9632.22,10094.47
2023-04-02,19,PT1H,MC-BajoPutumayo,10848.89,11235.48
2023-04-02,20,PT1H,MC-BajoPutumayo,11152.98,11934.09
2023-04-02,21,PT1H,MC-BajoPutumayo,10547.32,11397.3
2023-04-02,22,PT1H,MC-BajoPutumayo,9673.65,10435.11
2023-04-02,23,PT1H,MC-BajoPutumayo,8466.2,9126.23
2023-04-02,24,PT1H,MC-BajoPutumayo,7452.97,8059.72
2022-06-13,1,PT1H,MC-BajoPutumayo,5784.74,7207.24
2022-06-13,2,PT1H,MC-BajoPutumayo,5466.5,6730.96
2022-06-13,3,PT1H,MC-BajoPutumayo,5213.34,6494.04
2022-06-13,4,PT1H,MC-BajoPutumayo,5181.58,6272.17
2022-06-13,5,PT1H,MC-BajoPutumayo,5298.87,6288.63
2022-06-13,6,PT1H,MC-BajoPutumayo,5882.66,6770.46
2022-06-13,7,PT1H,MC-BajoPutumayo,6552.24,7277.23
2022-06-13,8,PT1H,MC-BajoPutumayo,7580.78,7893.76
2022-06-13,9,PT1H,MC-BajoPutumayo,8132.48,8786.62
2022-06-13,10,PT1H,MC-BajoPutumayo,8632.69,9160.26
2022-06-13,11,PT1H,MC-BajoPutumayo,8839.96,9783.49
2022-06-13,12,PT1H,MC-BajoPutumayo,9445.78,10460.87
2022-06-13,13,PT1H,MC-BajoPutumayo,9318.87,9992.2
2022-06-13,14,PT1H,MC-BajoPutumayo,8756.41,9842.7
2022-06-13,15,PT1H,MC-BajoPutumayo,9024.49,10280.89
2022-06-13,16,PT1H,MC-BajoPutumayo,10458.61,10401.69
2022-06-13,17,PT1H,MC-BajoPutumayo,9702.76,10426.39
2022-06-13,18,PT1H,MC-BajoPutumayo,9695.39,10533.37
2022-06-13,19,PT1H,MC-BajoPutumayo,10997.22,11760.82
2022-06-13,20,PT1H,MC-BajoPutumayo,11512.12,12147.3
2022-06-13,21,PT1H,MC-BajoPutumayo,10850.46,11430.58
2022-06-13,22,PT1H,MC-BajoPutumayo,9658.15,10200.49
2022-06-13,23,PT1H,MC-BajoPutumayo,8022.81,8689.53
2022-06-13,24,PT1H,MC-BajoPutumayo,6765.27,7376.05
2024-10-26,1,PT1H,MC-BajoPutumayo,9538.64,8081.8
2024-10-26,2,PT1H,MC-BajoPutumayo,8832.04,7673.1
2024-10-26,3,PT1H,MC-BajoPutumayo,8495.72,7359.3
2024-10-26,4,PT1H,MC-BajoPutumayo,8308.86,7046.5
2024-10-26,5,PT1H,MC-BajoPutumayo,8272.32,7117.0
2024-10-26,6,PT1H,MC-BajoPutumayo,8176.82,7253.6
2024-10-26,7,PT1H,MC-BajoPutumayo,9198.97,7970.4
2024-10-26,8,PT1H,MC-BajoPutumayo,10430.4,8964.4
2024-10-26,9,PT1H,MC-BajoPutumayo,11666.89,10204.9
2024-10-26,10,PT1H,MC-BajoPutumayo,12614.95,10771.7
2024-10-26,11,PT1H,MC-BajoPutumayo,13577.01,11308.6
2024-10-26,12,PT1H,MC-BajoPutumayo,13905.4,11621.6
2024-10-26,13,PT1H,MC-BajoPutumayo,13519.08,11468.5
2024-10-26,14,PT1H,MC-BajoPutumayo,13037.03,11411.6
2024-10-26,15,PT1H,MC-BajoPutumayo,13113.15,11615.0
2024-10-26,16,PT1H,MC-BajoPutumayo,13199.98,11592.3
2024-10-26,17,PT1H,MC-BajoPutumayo,13113.35,11394.6
2024-10-26,18,PT1H,MC-BajoPutumayo,13996.16,12113.7
2024-10-26,19,PT1H,MC-BajoPutumayo,14624.32,13246.9
2024-10-26,20,PT1H,MC-BajoPutumayo,13923.05,12714.0
2024-10-26,21,PT1H,MC-BajoPutumayo,12999.8,11899.9
2024-10-26,22,PT1H,MC-BajoPutumayo,11969.5,10752.0
2024-10-26,23,PT1H,MC-BajoPutumayo,10583.08,9373.0
2024-10-26,24,PT1H,MC-BajoPutumayo,9807.45,8258.5
2025-08-08,1,PT1H,MC-BajoPutumayo,8657.46,7917.6
2025-08-08,2,PT1H,MC-BajoPutumayo,8133.48,7456.3
2025-08-08,3,PT1H,MC-BajoPutumayo,7743.69,7187.3
2025-08-08,4,PT1H,MC-BajoPutumayo,7623.04,7063.6
2025-08-08,5,PT1H,MC-BajoPutumayo,7582.61,7122.0
2025-08-08,6,PT1H,MC-BajoPutumayo,8129.1,7861.3
2025-08-08,7,PT1H,MC-BajoPutumayo,8699.39,8941.2
2025-08-08,8,PT1H,MC-BajoPutumayo,9629.56,9574.2
2025-08-08,9,PT1H,MC-BajoPutumayo,11065.99,10442.1
2025-08-08,10,PT1H,MC-BajoPutumayo,12406.88,11178.2
2025-08-08,11,PT1H,MC-BajoPutumayo,13231.25,11836.2
2025-08-08,12,PT1H,MC-BajoPutumayo,13749.58,12180.5
2025-08-08,13,PT1H,MC-BajoPutumayo,13298.02,11869.7
2025-08-08,14,PT1H,MC-BajoPutumayo,13461.34,11935.0
2025-08-08,15,PT1H,MC-BajoPutumayo,13784.51,12605.3
2025-08-08,16,PT1H,MC-BajoPutumayo,13188.33,12886.5
2025-08-08,17,PT1H,MC-BajoPutumayo,13037.19,13011.4
2025-08-08,18,PT1H,MC-BajoPutumayo,13092.41,13117.9
2025-08-08,19,PT1H,MC-BajoPutumayo,14056.59,14480.2
2025-08-08,20,PT1H,MC-BajoPutumayo,14187.83,14934.4
2025-08-08,21,PT1H,MC-BajoPutumayo,13332.87,14005.4
2025-08-08,22,PT1H,MC-BajoPutumayo,11825.59,12626.6
2025-08-08,23,PT1H,MC-BajoPutumayo,10237.91,10865.2
2025-08-08,24,PT1H,MC-BajoPutumayo,8938.06,9368.9
2025-10-07,1,PT1H,MC-BajoPutumayo,15619.16,15238.0
2025-10-07,2,PT1H,MC-BajoPutumayo,14733.54,16581.5
2025-10-07,3,PT1H,MC-BajoPutumayo,14257.14,15672.7
2025-10-07,4,PT1H,MC-BajoPutumayo,13921.98,15406.9
2025-10-07,5,PT1H,MC-BajoPutumayo,13956.32,15415.1
2025-10-07,6,PT1H,MC-BajoPutumayo,14762.58,16659.2
2025-10-07,7,PT1H,MC-BajoPutumayo,16069.26,17954.2
2025-10-07,8,PT1H,MC-BajoPutumayo,18350.46,19379.1
2025-10-07,9,PT1H,MC-BajoPutumayo,21712.08,21395.5
2025-10-07,10,PT1H,MC-BajoPutumayo,24021.8,23114.4
2025-10-07,11,PT1H,MC-BajoPutumayo,26178.46,24594.6
2025-10-07,12,PT1H,MC-BajoPutumayo,27679.14,25721.4
2025-10-07,13,PT1H,MC-BajoPutumayo,27044.62,25590.8
2025-10-07,14,PT1H,MC-BajoPutumayo,27454.88,24223.7
2025-10-07,15,PT1H,MC-BajoPutumayo,29366.28,25666.7
2025-10-07,16,PT1H,MC-BajoPutumayo,29564.9,26153.0
2025-10-07,17,PT1H,MC-BajoPutumayo,29204.04,26324.7
2025-10-07,18,PT1H,MC-BajoPutumayo,28783.08,25711.9
2025-10-07,19,PT1H,MC-BajoPutumayo,32164.96,28666.4
2025-10-07,20,PT1H,MC-BajoPutumayo,30880.22,29621.2
2025-10-07,21,PT1H,MC-BajoPutumayo,29162.9,28151.5
2025-10-07,22,PT1H,MC-BajoPutumayo,26506.2,25373.5
2025-10-07,23,PT1H,MC-BajoPutumayo,23680.4,21656.9
2025-10-07,24,PT1H,MC-BajoPutumayo,20478.4,18346.9
2026-02-15,1,PT1H,MC-BajoPutumayo,7445.03,8501.2
2026-02-15,2,PT1H,MC-BajoPutumayo,7092.36,8115.9
2026-02-15,3,PT1H,MC-BajoPutumayo,6848.87,7532.8
2026-02-15,4,PT1H,MC-BajoPutumayo,6656.11,7366.0
2026-02-15,5,PT1H,MC-BajoPutumayo,6613.66,7375.4
2026-02-15,6,PT1H,MC-BajoPutumayo,6785.13,7512.5
2026-02-15,7,PT1H,MC-BajoPutumayo,7111.99,7939.4
2026-02-15,8,PT1H,MC-BajoPutumayo,8274.72,9636.0
2026-02-15,9,PT1H,MC-BajoPutumayo,9261.96,10506.0
2026-02-15,10,PT1H,MC-BajoPutumayo,9718.89,11248.3
2026-02-15,11,PT1H,MC-BajoPutumayo,10205.48,11834.6
2026-02-15,12,PT1H,MC-BajoPutumayo,10543.38,12167.7
2026-02-15,13,PT1H,MC-BajoPutumayo,10685.05,12174.9
2026-02-15,14,PT1H,MC-BajoPutumayo,10956.91,12038.6
2026-02-15,15,PT1H,MC-BajoPutumayo,11577.19,12502.1
2026-02-15,16,PT1H,MC-BajoPutumayo,11835.57,12576.4
2026-02-15,17,PT1H,MC-BajoPutumayo,11756.13,12360.5
2026-02-15,18,PT1H,MC-BajoPutumayo,12811.38,12209.3
2026-02-15,19,PT1H,MC-BajoPutumayo,13558.95,13732.6
2026-02-15,20,PT1H,MC-BajoPutumayo,13692.29,13642.9
2026-02-15,21,PT1H,MC-BajoPutumayo,13404.94,12735.3
2026-02-15,22,PT1H,MC-BajoPutumayo,10907.55,11606.8
2026-02-15,23,PT1H,MC-BajoPutumayo,9542.61,9917.5
2026-02-15,24,PT1H,MC-BajoPutumayo,8495.15,8938.6
2025-01-09,1,PT1H,MC-BajoPutumayo,8988.77,8225.9
2025-01-09,2,PT1H,MC-BajoPutumayo,8473.05,7774.5
2025-01-09,3,PT1H,MC-BajoPutumayo,8007.58,7356.9
2025-01-09,4,PT1H,MC-BajoPutumayo,7885.19,7324.9
2025-01-09,5,PT1H,MC-BajoPutumayo,7842.54,7431.6
2025-01-09,6,PT1H,MC-BajoPutumayo,5319.73,5400.0
2025-01-09,7,PT1H,MC-BajoPutumayo,8552.9,8062.6
2025-01-09,8,PT1H,MC-BajoPutumayo,9282.24,9539.5
2025-01-09,9,PT1H,MC-BajoPutumayo,10605.95,10808.3
2025-01-09,10,PT1H,MC-BajoPutumayo,11884.68,11553.3
2025-01-09,11,PT1H,MC-BajoPutumayo,12845.19,12390.7
2025-01-09,12,PT1H,MC-BajoPutumayo,13501.25,12721.9
2025-01-09,13,PT1H,MC-BajoPutumayo,12992.94,11656.7
2025-01-09,14,PT1H,MC-BajoPutumayo,13066.9,12297.3
2025-01-09,15,PT1H,MC-BajoPutumayo,13840.22,12688.4
2025-01-09,16,PT1H,MC-BajoPutumayo,13879.26,12842.8
2025-01-09,17,PT1H,MC-BajoPutumayo,13677.33,13019.3
2025-01-09,18,PT1H,MC-BajoPutumayo,13371.72,13472.5
2025-01-09,19,PT1H,MC-BajoPutumayo,14436.46,14551.6
2025-01-09,20,PT1H,MC-BajoPutumayo,14933.17,14153.6
2025-01-09,21,PT1H,MC-BajoPutumayo,14219.11,13278.8
2025-01-09,22,PT1H,MC-BajoPutumayo,13260.09,11885.7
2025-01-09,23,PT1H,MC-BajoPutumayo,11781.74,10497.2
2025-01-09,24,PT1H,MC-BajoPutumayo,10421.58,9396.3
2024-06-01,1,PT1H,MC-BajoPutumayo,7447.5,7471.6
2024-06-01,2,PT1H,MC-BajoPutumayo,7053.97,7199.3
2024-06-01,3,PT1H,MC-BajoPutumayo,6767.69,7063.3
2024-06-01,4,PT1H,MC-BajoPutumayo,6556.85,7023.1
2024-06-01,5,PT1H,MC-BajoPutumayo,6505.13,6983.0
2024-06-01,6,PT1H,MC-BajoPutumayo,6700.05,7783.7
2024-06-01,7,PT1H,MC-BajoPutumayo,7288.38,8759.5
2024-06-01,8,PT1H,MC-BajoPutumayo,8554.75,9169.1
2024-06-01,9,PT1H,MC-BajoPutumayo,9780.86,9952.1
2024-06-01,10,PT1H,MC-BajoPutumayo,10775.65,10723.1
2024-06-01,11,PT1H,MC-BajoPutumayo,11266.07,11365.5
2024-06-01,12,PT1H,MC-BajoPutumayo,11478.71,11855.5
2024-06-01,13,PT1H,MC-BajoPutumayo,11371.79,11313.8
2024-06-01,14,PT1H,MC-BajoPutumayo,11101.44,11512.6
2024-06-01,15,PT1H,MC-BajoPutumayo,11115.21,11841.5
2024-06-01,16,PT1H,MC-BajoPutumayo,11177.35,11504.2
2024-06-01,17,PT1H,MC-BajoPutumayo,11050.25,11667.5
2024-06-01,18,PT1H,MC-BajoPutumayo,11200.85,11600.8
2024-06-01,19,PT1H,MC-BajoPutumayo,12717.9,13354.7
2024-06-01,20,PT1H,MC-BajoPutumayo,12875.85,14004.0
2024-06-01,21,PT1H,MC-BajoPutumayo,12002.33,13220.8
2024-06-01,22,PT1H,MC-BajoPutumayo,10904.91,11861.0
2024-06-01,23,PT1H,MC-BajoPutumayo,9559.06,9946.4
2024-06-01,24,PT1H,MC-BajoPutumayo,8344.92,8069.3
2025-07-27,1,PT1H,MC-BajoPutumayo,9176.43,7133.5
2025-07-27,2,PT1H,MC-BajoPutumayo,8578.88,6779.8
2025-07-27,3,PT1H,MC-BajoPutumayo,8140.97,6604.8
2025-07-27,4,PT1H,MC-BajoPutumayo,7761.67,6494.2
2025-07-27,5,PT1H,MC-BajoPutumayo,7189.29,6581.7
2025-07-27,6,PT1H,MC-BajoPutumayo,7396.77,7058.3
2025-07-27,7,PT1H,MC-BajoPutumayo,7410.07,7649.3
2025-07-27,8,PT1H,MC-BajoPutumayo,8288.38,8632.7
2025-07-27,9,PT1H,MC-BajoPutumayo,9641.77,9889.5
2025-07-27,10,PT1H,MC-BajoPutumayo,10804.45,10747.6
2025-07-27,11,PT1H,MC-BajoPutumayo,11329.36,11518.9
2025-07-27,12,PT1H,MC-BajoPutumayo,11706.9,11982.2
2025-07-27,13,PT1H,MC-BajoPutumayo,12136.36,11686.6
2025-07-27,14,PT1H,MC-BajoPutumayo,12253.46,11827.1
2025-07-27,15,PT1H,MC-BajoPutumayo,12404.7,12447.2
2025-07-27,16,PT1H,MC-BajoPutumayo,11991.6,12551.9
2025-07-27,17,PT1H,MC-BajoPutumayo,11337.22,12356.6
2025-07-27,18,PT1H,MC-BajoPutumayo,10962.78,12115.1
2025-07-27,19,PT1H,MC-BajoPutumayo,12736.74,13360.6
2025-07-27,20,PT1H,MC-BajoPutumayo,13569.05,14200.6
2025-07-27,21,PT1H,MC-BajoPutumayo,12991.91,13553.8
2025-07-27,22,PT1H,MC-BajoPutumayo,11892.91,12151.8
2025-07-27,23,PT1H,MC-BajoPutumayo,10367.81,10093.7
2025-07-27,24,PT1H,MC-BajoPutumayo,9207.86,8384.5
2024-09-17,1,PT1H,MC-BajoPutumayo,7939.71,7546.6
2024-09-17,2,PT1H,MC-BajoPutumayo,7612.1,7120.3
2024-09-17,3,PT1H,MC-BajoPutumayo,7390.59,6976.3
2024-09-17,4,PT1H,MC-BajoPutumayo,7310.39,6903.7
2024-09-17,5,PT1H,MC-BajoPutumayo,7468.61,7079.9
2024-09-17,6,PT1H,MC-BajoPutumayo,8168.26,7848.6
2024-09-17,7,PT1H,MC-BajoPutumayo,8664.77,8424.2
2024-09-17,8,PT1H,MC-BajoPutumayo,9603.82,9392.3
2024-09-17,9,PT1H,MC-BajoPutumayo,10660.78,10311.3
2024-09-17,10,PT1H,MC-BajoPutumayo,11778.74,10996.0
2024-09-17,11,PT1H,MC-BajoPutumayo,12717.19,11758.0
2024-09-17,12,PT1H,MC-BajoPutumayo,13134.95,12381.2
2024-09-17,13,PT1H,MC-BajoPutumayo,12508.17,12307.2
2024-09-17,14,PT1H,MC-BajoPutumayo,13305.51,12940.1
2024-09-17,15,PT1H,MC-BajoPutumayo,14289.88,13857.9
2024-09-17,16,PT1H,MC-BajoPutumayo,14305.06,13702.1
2024-09-17,17,PT1H,MC-BajoPutumayo,13773.88,13511.6
2024-09-17,18,PT1H,MC-BajoPutumayo,13966.41,13229.0
2024-09-17,19,PT1H,MC-BajoPutumayo,15411.02,14618.4
2024-09-17,20,PT1H,MC-BajoPutumayo,14901.82,14488.2
2024-09-17,21,PT1H,MC-BajoPutumayo,13896.65,13563.1
2024-09-17,22,PT1H,MC-BajoPutumayo,12421.6,12083.1
2024-09-17,23,PT1H,MC-BajoPutumayo,10539.35,10284.1
2024-09-17,24,PT1H,MC-BajoPutumayo,9133.03,8835.8
2025-12-30,1,PT1H,MC-BajoPutumayo,7882.69,9436.6
2025-12-30,2,PT1H,MC-BajoPutumayo,7562.63,8766.2
2025-12-30,3,PT1H,MC-BajoPutumayo,7245.5,8535.5
2025-12-30,4,PT1H,MC-BajoPutumayo,7014.64,8391.0
2025-12-30,5,PT1H,MC-BajoPutumayo,7194.74,8448.3
2025-12-30,6,PT1H,MC-BajoPutumayo,7496.49,8616.9
2025-12-30,7,PT1H,MC-BajoPutumayo,8275.27,9243.6
2025-12-30,8,PT1H,MC-BajoPutumayo,10550.63,10814.2
2025-12-30,9,PT1H,MC-BajoPutumayo,11218.97,12671.9
2025-12-30,10,PT1H,MC-BajoPutumayo,12068.14,13630.9
2025-12-30,11,PT1H,MC-BajoPutumayo,12323.27,14531.6
2025-12-30,12,PT1H,MC-BajoPutumayo,12379.77,14931.0
2025-12-30,13,PT1H,MC-BajoPutumayo,12648.87,14560.8
2025-12-30,14,PT1H,MC-BajoPutumayo,13030.93,15224.3
2025-12-30,15,PT1H,MC-BajoPutumayo,13665.15,15616.4
2025-12-30,16,PT1H,MC-BajoPutumayo,13795.33,16033.4
2025-12-30,17,PT1H,MC-BajoPutumayo,13573.93,15773.0
2025-12-30,18,PT1H,MC-BajoPutumayo,13546.17,16144.6
2025-12-30,19,PT1H,MC-BajoPutumayo,15290.55,17281.8
2025-12-30,20,PT1H,MC-BajoPutumayo,14996.17,16791.8
2025-12-30,21,PT1H,MC-BajoPutumayo,14077.75,15748.8
2025-12-30,22,PT1H,MC-BajoPutumayo,12970.48,14296.0
2025-12-30,23,PT1H,MC-BajoPutumayo,11512.35,12671.5
2025-12-30,24,PT1H,MC-BajoPutumayo,9930.35,10906.7
2022-04-18,1,PT1H,MC-BajoPutumayo,7145.82,6609.99
2022-04-18,2,PT1H,MC-BajoPutumayo,6753.4,6322.22
2022-04-18,3,PT1H,MC-BajoPutumayo,6454.32,6070.38
2022-04-18,4,PT1H,MC-BajoPutumayo,6394.23,5924.24
2022-04-18,5,PT1H,MC-BajoPutumayo,6058.82,5924.59
2022-04-18,6,PT1H,MC-BajoPutumayo,7017.69,6418.76
2022-04-18,7,PT1H,MC-BajoPutumayo,7595.04,7039.26
2022-04-18,8,PT1H,MC-BajoPutumayo,8120.32,7715.71
2022-04-18,9,PT1H,MC-BajoPutumayo,9012.78,8721.85
2022-04-18,10,PT1H,MC-BajoPutumayo,8220.37,9203.27
2022-04-18,11,PT1H,MC-BajoPutumayo,10786.97,9965.87
2022-04-18,12,PT1H,MC-BajoPutumayo,10914.41,10302.92
2022-04-18,13,PT1H,MC-BajoPutumayo,11180.1,9841.24
2022-04-18,14,PT1H,MC-BajoPutumayo,8256.32,9899.6
2022-04-18,15,PT1H,MC-BajoPutumayo,7702.84,10433.76
2022-04-18,16,PT1H,MC-BajoPutumayo,10064.62,10558.4
2022-04-18,17,PT1H,MC-BajoPutumayo,11906.02,10600.16
2022-04-18,18,PT1H,MC-BajoPutumayo,11270.54,10463.95
2022-04-18,19,PT1H,MC-BajoPutumayo,11656.13,11499.42
2022-04-18,20,PT1H,MC-BajoPutumayo,12061.72,11960.5
2022-04-18,21,PT1H,MC-BajoPutumayo,11599.05,11252.48
2022-04-18,22,PT1H,MC-BajoPutumayo,10597.27,10143.97
2022-04-18,23,PT1H,MC-BajoPutumayo,8475.29,8634.3
2022-04-18,24,PT1H,MC-BajoPutumayo,7743.08,7310.45
2025-04-14,1,PT1H,MC-BajoPutumayo,8282.77,7807.6
2025-04-14,2,PT1H,MC-BajoPutumayo,7573.76,7294.7
2025-04-14,3,PT1H,MC-BajoPutumayo,7242.52,7011.4
2025-04-14,4,PT1H,MC-BajoPutumayo,7131.06,6873.1
2025-04-14,5,PT1H,MC-BajoPutumayo,7240.48,6936.1
2025-04-14,6,PT1H,MC-BajoPutumayo,7598.6,7459.5
2025-04-14,7,PT1H,MC-BajoPutumayo,7995.12,8134.3
2025-04-14,8,PT1H,MC-BajoPutumayo,9195.47,8890.0
2025-04-14,9,PT1H,MC-BajoPutumayo,10425.76,9698.2
2025-04-14,10,PT1H,MC-BajoPutumayo,11403.45,9937.9
2025-04-14,11,PT1H,MC-BajoPutumayo,11428.79,11013.0
2025-04-14,12,PT1H,MC-BajoPutumayo,11800.86,11342.6
2025-04-14,13,PT1H,MC-BajoPutumayo,11528.59,11188.7
2025-04-14,14,PT1H,MC-BajoPutumayo,11816.63,11418.8
2025-04-14,15,PT1H,MC-BajoPutumayo,12563.03,11854.5
2025-04-14,16,PT1H,MC-BajoPutumayo,12893.16,11946.0
2025-04-14,17,PT1H,MC-BajoPutumayo,12893.08,11794.4
2025-04-14,18,PT1H,MC-BajoPutumayo,12687.27,11828.3
2025-04-14,19,PT1H,MC-BajoPutumayo,13739.31,12919.9
2025-04-14,20,PT1H,MC-BajoPutumayo,14170.39,13599.3
2025-04-14,21,PT1H,MC-BajoPutumayo,13398.22,12789.3
2025-04-14,22,PT1H,MC-BajoPutumayo,12230.92,11533.9
2025-04-14,23,PT1H,MC-BajoPutumayo,10666.09,9803.5
2025-04-14,24,PT1H,MC-BajoPutumayo,9217.54,8525.1
2024-04-09,1,PT1H,MC-BajoPutumayo,8053.38,8433.62
2024-04-09,2,PT1H,MC-BajoPutumayo,7652.89,7974.55
2024-04-09,3,PT1H,MC-BajoPutumayo,7252.09,7708.25
2024-04-09,4,PT1H,MC-BajoPutumayo,7079.79,7522.65
2024-04-09,5,PT1H,MC-BajoPutumayo,7113.07,7500.54
2024-04-09,6,PT1H,MC-BajoPutumayo,7561.7,8018.82
2024-04-09,7,PT1H,MC-BajoPutumayo,8076.42,8466.09
2024-04-09,8,PT1H,MC-BajoPutumayo,9198.6,9182.27
2024-04-09,9,PT1H,MC-BajoPutumayo,10633.41,10237.05
2024-04-09,10,PT1H,MC-BajoPutumayo,11786.01,11036.96
2024-04-09,11,PT1H,MC-BajoPutumayo,12754.98,11805.09
2024-04-09,12,PT1H,MC-BajoPutumayo,13490.99,12374.83
2024-04-09,13,PT1H,MC-BajoPutumayo,13139.36,12251.31
2024-04-09,14,PT1H,MC-BajoPutumayo,13252.07,12604.85
2024-04-09,15,PT1H,MC-BajoPutumayo,14333.12,13247.49
2024-04-09,16,PT1H,MC-BajoPutumayo,14405.04,13335.26
2024-04-09,17,PT1H,MC-BajoPutumayo,14307.98,13402.36
2024-04-09,18,PT1H,MC-BajoPutumayo,13707.31,13192.19
2024-04-09,19,PT1H,MC-BajoPutumayo,14507.16,14090.46
2024-04-09,20,PT1H,MC-BajoPutumayo,14821.45,14597.38
2024-04-09,21,PT1H,MC-BajoPutumayo,14147.51,13811.77
2024-04-09,22,PT1H,MC-BajoPutumayo,12759.32,12754.36
2024-04-09,23,PT1H,MC-BajoPutumayo,11104.57,11077.7
2024-04-09,24,PT1H,MC-BajoPutumayo,9708.17,9655.3
2023-09-30,1,PT1H,MC-BajoPutumayo,7806.69,7154.24
2023-09-30,2,PT1H,MC-BajoPutumayo,7357.47,6930.3
2023-09-30,3,PT1H,MC-BajoPutumayo,7087.1,6591.0
2023-09-30,4,PT1H,MC-BajoPutumayo,6928.87,6803.5
2023-09-30,5,PT1H,MC-BajoPutumayo,6874.58,6662.35
2023-09-30,6,PT1H,MC-BajoPutumayo,7041.9,7644.89
2023-09-30,7,PT1H,MC-BajoPutumayo,7566.95,8713.58
2023-09-30,8,PT1H,MC-BajoPutumayo,8808.17,9294.3
2023-09-30,9,PT1H,MC-BajoPutumayo,10372.61,9951.81
2023-09-30,10,PT1H,MC-BajoPutumayo,11501.3,10580.8
2023-09-30,11,PT1H,MC-BajoPutumayo,12316.31,11414.33
2023-09-30,12,PT1H,MC-BajoPutumayo,12980.06,11971.48
2023-09-30,13,PT1H,MC-BajoPutumayo,12865.73,11756.48
2023-09-30,14,PT1H,MC-BajoPutumayo,12891.34,11904.41
2023-09-30,15,PT1H,MC-BajoPutumayo,13144.76,12673.14
2023-09-30,16,PT1H,MC-BajoPutumayo,13235.19,13037.21
2023-09-30,17,PT1H,MC-BajoPutumayo,13033.17,12609.98
2023-09-30,18,PT1H,MC-BajoPutumayo,12762.24,12271.92
2023-09-30,19,PT1H,MC-BajoPutumayo,14283.48,13799.68
2023-09-30,20,PT1H,MC-BajoPutumayo,14406.39,14709.99
2023-09-30,21,PT1H,MC-BajoPutumayo,13555.23,13899.21
2023-09-30,22,PT1H,MC-BajoPutumayo,12497.81,12304.61
2023-09-30,23,PT1H,MC-BajoPutumayo,11043.95,9778.14
2023-09-30,24,PT1H,MC-BajoPutumayo,9809.81,8176.16
2026-01-17,1,PT1H,MC-BajoPutumayo,7012.8,8019.3
2026-01-17,2,PT1H,MC-BajoPutumayo,6374.11,7430.8
2026-01-17,3,PT1H,MC-BajoPutumayo,6188.2,7121.4
2026-01-17,4,PT1H,MC-BajoPutumayo,6302.87,7098.6
2026-01-17,5,PT1H,MC-BajoPutumayo,6167.78,7028.5
2026-01-17,6,PT1H,MC-BajoPutumayo,6074.23,7193.7
2026-01-17,7,PT1H,MC-BajoPutumayo,6597.23,7628.0
2026-01-17,8,PT1H,MC-BajoPutumayo,7669.5,8984.5
2026-01-17,9,PT1H,MC-BajoPutumayo,8983.89,9967.3
2026-01-17,10,PT1H,MC-BajoPutumayo,9908.06,10874.8
2026-01-17,11,PT1H,MC-BajoPutumayo,10647.0,11256.9
2026-01-17,12,PT1H,MC-BajoPutumayo,11670.56,11717.8
2026-01-17,13,PT1H,MC-BajoPutumayo,11957.08,11513.6
2026-01-17,14,PT1H,MC-BajoPutumayo,12231.31,11877.3
2026-01-17,15,PT1H,MC-BajoPutumayo,12072.64,12529.6
2026-01-17,16,PT1H,MC-BajoPutumayo,8225.16,12740.7
2026-01-17,17,PT1H,MC-BajoPutumayo,11235.74,12667.5
2026-01-17,18,PT1H,MC-BajoPutumayo,11357.44,12530.5
2026-01-17,19,PT1H,MC-BajoPutumayo,12865.71,13309.5
2026-01-17,20,PT1H,MC-BajoPutumayo,13084.6,13463.4
2026-01-17,21,PT1H,MC-BajoPutumayo,12510.83,12896.9
2026-01-17,22,PT1H,MC-BajoPutumayo,11557.79,11431.3
2026-01-17,23,PT1H,MC-BajoPutumayo,10044.53,10072.3
2026-01-17,24,PT1H,MC-BajoPutumayo,8766.04,8900.6
2022-05-02,1,PT1H,MC-BajoPutumayo,7206.86,7201.47
2022-05-02,2,PT1H,MC-BajoPutumayo,7128.62,6712.79
2022-05-02,3,PT1H,MC-BajoPutumayo,6704.81,6538.61
2022-05-02,4,PT1H,MC-BajoPutumayo,6438.48,6383.12
2022-05-02,5,PT1H,MC-BajoPutumayo,6383.33,6399.0
2022-05-02,6,PT1H,MC-BajoPutumayo,6977.05,6438.81
2022-05-02,7,PT1H,MC-BajoPutumayo,7835.51,7021.78
2022-05-02,8,PT1H,MC-BajoPutumayo,8346.7,8324.33
2022-05-02,9,PT1H,MC-BajoPutumayo,9181.65,9349.68
2022-05-02,10,PT1H,MC-BajoPutumayo,9861.38,9601.27
2022-05-02,11,PT1H,MC-BajoPutumayo,10263.6,10081.17
2022-05-02,12,PT1H,MC-BajoPutumayo,11708.34,10648.42
2022-05-02,13,PT1H,MC-BajoPutumayo,11999.93,10708.54
2022-05-02,14,PT1H,MC-BajoPutumayo,11675.01,10853.82
2022-05-02,15,PT1H,MC-BajoPutumayo,12909.16,11188.68
2022-05-02,16,PT1H,MC-BajoPutumayo,12700.89,11458.65
2022-05-02,17,PT1H,MC-BajoPutumayo,12640.97,11228.99
2022-05-02,18,PT1H,MC-BajoPutumayo,12204.04,10928.58
2022-05-02,19,PT1H,MC-BajoPutumayo,13317.92,12222.72
2022-05-02,20,PT1H,MC-BajoPutumayo,14022.57,12576.71
2022-05-02,21,PT1H,MC-BajoPutumayo,12752.32,11921.39
2022-05-02,22,PT1H,MC-BajoPutumayo,11900.08,10816.55
2022-05-02,23,PT1H,MC-BajoPutumayo,9710.6,9276.38
2022-05-02,24,PT1H,MC-BajoPutumayo,8909.28,7816.33
2024-09-25,1,PT1H,MC-BajoPutumayo,8987.84,9201.7
2024-09-25,2,PT1H,MC-BajoPutumayo,8516.94,8707.8
2024-09-25,3,PT1H,MC-BajoPutumayo,8241.92,8394.1
2024-09-25,4,PT1H,MC-BajoPutumayo,7990.29,8270.7
2024-09-25,5,PT1H,MC-BajoPutumayo,8183.48,8139.5
2024-09-25,6,PT1H,MC-BajoPutumayo,8585.63,8487.0
2024-09-25,7,PT1H,MC-BajoPutumayo,9089.78,8915.2
2024-09-25,8,PT1H,MC-BajoPutumayo,10280.54,10379.9
2024-09-25,9,PT1H,MC-BajoPutumayo,11196.88,11593.7
2024-09-25,10,PT1H,MC-BajoPutumayo,11461.63,12519.9
2024-09-25,11,PT1H,MC-BajoPutumayo,12290.03,13547.5
2024-09-25,12,PT1H,MC-BajoPutumayo,12976.68,13848.3
2024-09-25,13,PT1H,MC-BajoPutumayo,12905.78,13832.8
2024-09-25,14,PT1H,MC-BajoPutumayo,13803.1,13574.2
2024-09-25,15,PT1H,MC-BajoPutumayo,15101.92,13696.9
2024-09-25,16,PT1H,MC-BajoPutumayo,14299.29,13848.8
2024-09-25,17,PT1H,MC-BajoPutumayo,14039.81,13428.7
2024-09-25,18,PT1H,MC-BajoPutumayo,14272.69,13339.4
2024-09-25,19,PT1H,MC-BajoPutumayo,15228.87,16075.3
2024-09-25,20,PT1H,MC-BajoPutumayo,14805.62,16289.3
2024-09-25,21,PT1H,MC-BajoPutumayo,14010.8,15448.5
2024-09-25,22,PT1H,MC-BajoPutumayo,12677.74,13951.2
2024-09-25,23,PT1H,MC-BajoPutumayo,10749.76,12114.6
2024-09-25,24,PT1H,MC-BajoPutumayo,9451.91,10518.4
2023-10-24,1,PT1H,MC-BajoPutumayo,8800.12,8178.93
2023-10-24,2,PT1H,MC-BajoPutumayo,8202.63,7719.72
2023-10-24,3,PT1H,MC-BajoPutumayo,7832.81,7444.59
2023-10-24,4,PT1H,MC-BajoPutumayo,7598.57,7263.87
2023-10-24,5,PT1H,MC-BajoPutumayo,7628.03,7296.31
2023-10-24,6,PT1H,MC-BajoPutumayo,8131.24,7696.17
2023-10-24,7,PT1H,MC-BajoPutumayo,8690.27,8248.48
2023-10-24,8,PT1H,MC-BajoPutumayo,9582.96,9428.45
2023-10-24,9,PT1H,MC-BajoPutumayo,11188.4,10464.74
2023-10-24,10,PT1H,MC-BajoPutumayo,12333.47,11282.5
2023-10-24,11,PT1H,MC-BajoPutumayo,13300.82,12049.44
2023-10-24,12,PT1H,MC-BajoPutumayo,14028.57,12948.68
2023-10-24,13,PT1H,MC-BajoPutumayo,13845.8,12663.88
2023-10-24,14,PT1H,MC-BajoPutumayo,14137.83,12527.79
2023-10-24,15,PT1H,MC-BajoPutumayo,15085.23,13273.23
2023-10-24,16,PT1H,MC-BajoPutumayo,15261.71,13333.93
2023-10-24,17,PT1H,MC-BajoPutumayo,14939.32,13305.36
2023-10-24,18,PT1H,MC-BajoPutumayo,14474.77,13478.46
2023-10-24,19,PT1H,MC-BajoPutumayo,15590.22,14779.63
2023-10-24,20,PT1H,MC-BajoPutumayo,15102.36,15101.01
2023-10-24,21,PT1H,MC-BajoPutumayo,13539.04,13810.63
2023-10-24,22,PT1H,MC-BajoPutumayo,12156.16,12548.29
2023-10-24,23,PT1H,MC-BajoPutumayo,10500.57,10935.77
2023-10-24,24,PT1H,MC-BajoPutumayo,9228.58,9544.33
2023-03-23,1,PT1H,MC-BajoPutumayo,7765.99,8467.48
2023-03-23,2,PT1H,MC-BajoPutumayo,7366.51,7958.76
2023-03-23,3,PT1H,MC-BajoPutumayo,7190.65,7712.67
2023-03-23,4,PT1H,MC-BajoPutumayo,7048.9,7582.11
2023-03-23,5,PT1H,MC-BajoPutumayo,7093.03,8012.24
2023-03-23,6,PT1H,MC-BajoPutumayo,7775.67,8245.0
2023-03-23,7,PT1H,MC-BajoPutumayo,8382.1,8876.7
2023-03-23,8,PT1H,MC-BajoPutumayo,9395.43,9588.95
2023-03-23,9,PT1H,MC-BajoPutumayo,10567.57,10792.31
2023-03-23,10,PT1H,MC-BajoPutumayo,11368.26,11537.7
2023-03-23,11,PT1H,MC-BajoPutumayo,11975.35,11706.43
2023-03-23,12,PT1H,MC-BajoPutumayo,12478.96,11516.04
2023-03-23,13,PT1H,MC-BajoPutumayo,12120.49,11007.94
2023-03-23,14,PT1H,MC-BajoPutumayo,12655.11,10874.63
2023-03-23,15,PT1H,MC-BajoPutumayo,13342.14,11336.28
2023-03-23,16,PT1H,MC-BajoPutumayo,13451.26,11730.8
2023-03-23,17,PT1H,MC-BajoPutumayo,13466.64,11780.28
2023-03-23,18,PT1H,MC-BajoPutumayo,13221.46,11717.4
2023-03-23,19,PT1H,MC-BajoPutumayo,14450.04,12923.9
2023-03-23,20,PT1H,MC-BajoPutumayo,14523.31,13335.58
2023-03-23,21,PT1H,MC-BajoPutumayo,13650.0,12395.96
2023-03-23,22,PT1H,MC-BajoPutumayo,12370.7,11017.2
2023-03-23,23,PT1H,MC-BajoPutumayo,10511.72,9282.96
2023-03-23,24,PT1H,MC-BajoPutumayo,9221.24,8150.38
2024-10-10,1,PT1H,MC-BajoPutumayo,8021.68,7519.7
2024-10-10,2,PT1H,MC-BajoPutumayo,7765.65,6867.0
2024-10-10,3,PT1H,MC-BajoPutumayo,7381.8,6709.2
2024-10-10,4,PT1H,MC-BajoPutumayo,7205.19,6573.9
2024-10-10,5,PT1H,MC-BajoPutumayo,7319.68,6674.6
2024-10-10,6,PT1H,MC-BajoPutumayo,7539.34,7030.0
2024-10-10,7,PT1H,MC-BajoPutumayo,8264.31,7615.7
2024-10-10,8,PT1H,MC-BajoPutumayo,9756.75,8390.5
2024-10-10,9,PT1H,MC-BajoPutumayo,11323.31,9757.8
2024-10-10,10,PT1H,MC-BajoPutumayo,12453.15,10876.9
2024-10-10,11,PT1H,MC-BajoPutumayo,12199.53,11558.7
2024-10-10,12,PT1H,MC-BajoPutumayo,12507.66,12091.7
2024-10-10,13,PT1H,MC-BajoPutumayo,12550.34,11780.0
2024-10-10,14,PT1H,MC-BajoPutumayo,13022.05,12577.5
2024-10-10,15,PT1H,MC-BajoPutumayo,13481.95,13135.3
2024-10-10,16,PT1H,MC-BajoPutumayo,13393.75,13152.4
2024-10-10,17,PT1H,MC-BajoPutumayo,13595.84,12828.0
2024-10-10,18,PT1H,MC-BajoPutumayo,13590.38,12886.0
2024-10-10,19,PT1H,MC-BajoPutumayo,14337.94,14056.7
2024-10-10,20,PT1H,MC-BajoPutumayo,13728.34,13689.5
2024-10-10,21,PT1H,MC-BajoPutumayo,12599.96,12863.7
2024-10-10,22,PT1H,MC-BajoPutumayo,11211.05,11472.0
2024-10-10,23,PT1H,MC-BajoPutumayo,9557.46,9787.4
2024-10-10,24,PT1H,MC-BajoPutumayo,8581.29,8630.0
2022-04-24,1,PT1H,MC-BajoPutumayo,8432.5,7248.19
2022-04-24,2,PT1H,MC-BajoPutumayo,7787.09,6820.88
2022-04-24,3,PT1H,MC-BajoPutumayo,7251.57,6523.37
2022-04-24,4,PT1H,MC-BajoPutumayo,6584.93,6327.77
2022-04-24,5,PT1H,MC-BajoPutumayo,6423.67,6201.41
2022-04-24,6,PT1H,MC-BajoPutumayo,6479.68,6358.57
2022-04-24,7,PT1H,MC-BajoPutumayo,5427.88,6602.85
2022-04-24,8,PT1H,MC-BajoPutumayo,6380.62,7484.62
2022-04-24,9,PT1H,MC-BajoPutumayo,6851.81,8444.67
2022-04-24,10,PT1H,MC-BajoPutumayo,7470.3,9114.12
2022-04-24,11,PT1H,MC-BajoPutumayo,7786.89,9517.49
2022-04-24,12,PT1H,MC-BajoPutumayo,7391.63,9844.76
2022-04-24,13,PT1H,MC-BajoPutumayo,7349.04,10118.43
2022-04-24,14,PT1H,MC-BajoPutumayo,8606.42,10006.01
2022-04-24,15,PT1H,MC-BajoPutumayo,8932.4,10137.35
2022-04-24,16,PT1H,MC-BajoPutumayo,8369.68,9974.74
2022-04-24,17,PT1H,MC-BajoPutumayo,8379.19,9783.52
2022-04-24,18,PT1H,MC-BajoPutumayo,8847.03,9880.09
2022-04-24,19,PT1H,MC-BajoPutumayo,10341.95,11290.3
2022-04-24,20,PT1H,MC-BajoPutumayo,11219.99,11921.51
2022-04-24,21,PT1H,MC-BajoPutumayo,10763.9,11377.09
2022-04-24,22,PT1H,MC-BajoPutumayo,9814.67,10471.38
2022-04-24,23,PT1H,MC-BajoPutumayo,8559.48,9169.21
2022-04-24,24,PT1H,MC-BajoPutumayo,7312.41,7945.79
2024-06-29,1,PT1H,MC-BajoPutumayo,8665.16,8032.3
2024-06-29,2,PT1H,MC-BajoPutumayo,8056.83,7603.9
2024-06-29,3,PT1H,MC-BajoPutumayo,7664.55,7297.5
2024-06-29,4,PT1H,MC-BajoPutumayo,7432.81,7142.9
2024-06-29,5,PT1H,MC-BajoPutumayo,7338.9,7155.7
2024-06-29,6,PT1H,MC-BajoPutumayo,7472.82,7456.8
2024-06-29,7,PT1H,MC-BajoPutumayo,7809.6,7980.8
2024-06-29,8,PT1H,MC-BajoPutumayo,9059.94,9134.7
2024-06-29,9,PT1H,MC-BajoPutumayo,10722.14,10424.9
2024-06-29,10,PT1H,MC-BajoPutumayo,11744.44,11341.9
2024-06-29,11,PT1H,MC-BajoPutumayo,12558.46,11993.7
2024-06-29,12,PT1H,MC-BajoPutumayo,13097.56,12443.3
2024-06-29,13,PT1H,MC-BajoPutumayo,12967.76,12417.6
2024-06-29,14,PT1H,MC-BajoPutumayo,12698.38,12333.9
2024-06-29,15,PT1H,MC-BajoPutumayo,12756.46,12507.1
2024-06-29,16,PT1H,MC-BajoPutumayo,12543.9,12645.8
2024-06-29,17,PT1H,MC-BajoPutumayo,12460.43,12638.0
2024-06-29,18,PT1H,MC-BajoPutumayo,12471.65,12722.4
2024-06-29,19,PT1H,MC-BajoPutumayo,13793.32,14243.3
2024-06-29,20,PT1H,MC-BajoPutumayo,14102.73,14385.6
2024-06-29,21,PT1H,MC-BajoPutumayo,13288.45,13513.4
2024-06-29,22,PT1H,MC-BajoPutumayo,12237.57,12419.1
2024-06-29,23,PT1H,MC-BajoPutumayo,10806.17,10932.5
2024-06-29,24,PT1H,MC-BajoPutumayo,9536.12,9554.5
2022-06-09,1,PT1H,MC-BajoPutumayo,6914.14,6636.99
2022-06-09,2,PT1H,MC-BajoPutumayo,6515.99,6279.55
2022-06-09,3,PT1H,MC-BajoPutumayo,6300.31,6163.12
2022-06-09,4,PT1H,MC-BajoPutumayo,6160.32,6016.45
2022-06-09,5,PT1H,MC-BajoPutumayo,6183.28,6014.55
2022-06-09,6,PT1H,MC-BajoPutumayo,6810.76,6523.53
2022-06-09,7,PT1H,MC-BajoPutumayo,7584.36,7242.76
2022-06-09,8,PT1H,MC-BajoPutumayo,8242.22,8039.66
2022-06-09,9,PT1H,MC-BajoPutumayo,9355.28,8890.97
2022-06-09,10,PT1H,MC-BajoPutumayo,9850.09,9472.31
2022-06-09,11,PT1H,MC-BajoPutumayo,10516.25,10126.2
2022-06-09,12,PT1H,MC-BajoPutumayo,11473.14,10410.56
2022-06-09,13,PT1H,MC-BajoPutumayo,11142.13,10089.41
2022-06-09,14,PT1H,MC-BajoPutumayo,10969.17,10006.7
2022-06-09,15,PT1H,MC-BajoPutumayo,12128.88,10403.35
2022-06-09,16,PT1H,MC-BajoPutumayo,12048.66,10625.02
2022-06-09,17,PT1H,MC-BajoPutumayo,11654.92,10886.96
2022-06-09,18,PT1H,MC-BajoPutumayo,11312.29,10886.97
2022-06-09,19,PT1H,MC-BajoPutumayo,12290.14,12212.13
2022-06-09,20,PT1H,MC-BajoPutumayo,12693.89,12414.75
2022-06-09,21,PT1H,MC-BajoPutumayo,12005.29,11743.96
2022-06-09,22,PT1H,MC-BajoPutumayo,10842.46,10519.37
2022-06-09,23,PT1H,MC-BajoPutumayo,9275.99,8847.11
2022-06-09,24,PT1H,MC-BajoPutumayo,7723.63,7569.55
2024-08-29,1,PT1H,MC-BajoPutumayo,7959.57,7373.0
2024-08-29,2,PT1H,MC-BajoPutumayo,7465.64,6838.3
2024-08-29,3,PT1H,MC-BajoPutumayo,7162.0,6712.3
2024-08-29,4,PT1H,MC-BajoPutumayo,7092.89,6610.8
2024-08-29,5,PT1H,MC-BajoPutumayo,7210.75,6740.7
2024-08-29,6,PT1H,MC-BajoPutumayo,7939.6,7435.6
2024-08-29,7,PT1H,MC-BajoPutumayo,8329.95,8042.3
2024-08-29,8,PT1H,MC-BajoPutumayo,9192.5,8862.8
2024-08-29,9,PT1H,MC-BajoPutumayo,11343.99,9752.6
2024-08-29,10,PT1H,MC-BajoPutumayo,11726.1,10386.2
2024-08-29,11,PT1H,MC-BajoPutumayo,12616.73,10938.8
2024-08-29,12,PT1H,MC-BajoPutumayo,13012.61,11235.1
2024-08-29,13,PT1H,MC-BajoPutumayo,12910.82,11097.2
2024-08-29,14,PT1H,MC-BajoPutumayo,13557.67,11287.7
2024-08-29,15,PT1H,MC-BajoPutumayo,14576.18,12182.9
2024-08-29,16,PT1H,MC-BajoPutumayo,13812.97,12107.7
2024-08-29,17,PT1H,MC-BajoPutumayo,13683.69,11974.2
2024-08-29,18,PT1H,MC-BajoPutumayo,13089.78,11937.5
2024-08-29,19,PT1H,MC-BajoPutumayo,14229.6,13242.1
2024-08-29,20,PT1H,MC-BajoPutumayo,14337.7,13309.3
2024-08-29,21,PT1H,MC-BajoPutumayo,13422.65,12485.1
2024-08-29,22,PT1H,MC-BajoPutumayo,12050.72,11130.0
2024-08-29,23,PT1H,MC-BajoPutumayo,10294.27,9248.2
2024-08-29,24,PT1H,MC-BajoPutumayo,8885.62,7950.0
2023-09-28,1,PT1H,MC-BajoPutumayo,9149.14,8776.22
2023-09-28,2,PT1H,MC-BajoPutumayo,8588.83,8242.83
2023-09-28,3,PT1H,MC-BajoPutumayo,8224.49,7672.56
2023-09-28,4,PT1H,MC-BajoPutumayo,7955.68,7522.13
2023-09-28,5,PT1H,MC-BajoPutumayo,7912.03,7521.51
2023-09-28,6,PT1H,MC-BajoPutumayo,8298.44,7995.81
2023-09-28,7,PT1H,MC-BajoPutumayo,8834.2,8334.26
2023-09-28,8,PT1H,MC-BajoPutumayo,9585.01,9660.96
2023-09-28,9,PT1H,MC-BajoPutumayo,10978.89,10590.6
2023-09-28,10,PT1H,MC-BajoPutumayo,11618.19,11276.98
2023-09-28,11,PT1H,MC-BajoPutumayo,11801.11,11712.04
2023-09-28,12,PT1H,MC-BajoPutumayo,11663.02,12190.16
2023-09-28,13,PT1H,MC-BajoPutumayo,10922.94,12509.88
2023-09-28,14,PT1H,MC-BajoPutumayo,10949.27,12550.41
2023-09-28,15,PT1H,MC-BajoPutumayo,12092.05,12653.48
2023-09-28,16,PT1H,MC-BajoPutumayo,12823.08,12693.91
2023-09-28,17,PT1H,MC-BajoPutumayo,13216.29,12291.37
2023-09-28,18,PT1H,MC-BajoPutumayo,13195.36,12388.92
2023-09-28,19,PT1H,MC-BajoPutumayo,14196.15,14399.79
2023-09-28,20,PT1H,MC-BajoPutumayo,14083.91,15638.56
2023-09-28,21,PT1H,MC-BajoPutumayo,13361.4,14957.48
2023-09-28,22,PT1H,MC-BajoPutumayo,12008.52,13246.37
2023-09-28,23,PT1H,MC-BajoPutumayo,10257.26,11019.92
2023-09-28,24,PT1H,MC-BajoPutumayo,8969.87,9407.28
2025-01-27,1,PT1H,MC-BajoPutumayo,7860.8,8939.5
2025-01-27,2,PT1H,MC-BajoPutumayo,7493.22,8243.2
2025-01-27,3,PT1H,MC-BajoPutumayo,7226.53,7759.2
2025-01-27,4,PT1H,MC-BajoPutumayo,7090.22,7663.6
2025-01-27,5,PT1H,MC-BajoPutumayo,7166.2,7579.5
2025-01-27,6,PT1H,MC-BajoPutumayo,7661.91,7708.0
2025-01-27,7,PT1H,MC-BajoPutumayo,8254.72,7943.2
2025-01-27,8,PT1H,MC-BajoPutumayo,9242.9,8998.6
2025-01-27,9,PT1H,MC-BajoPutumayo,10786.98,10438.2
2025-01-27,10,PT1H,MC-BajoPutumayo,11660.97,11589.8
2025-01-27,11,PT1H,MC-BajoPutumayo,12458.95,12505.5
2025-01-27,12,PT1H,MC-BajoPutumayo,12920.05,13126.7
2025-01-27,13,PT1H,MC-BajoPutumayo,12326.66,12917.5
2025-01-27,14,PT1H,MC-BajoPutumayo,12144.92,12973.1
2025-01-27,15,PT1H,MC-BajoPutumayo,12276.2,13455.2
2025-01-27,16,PT1H,MC-BajoPutumayo,12328.06,13500.3
2025-01-27,17,PT1H,MC-BajoPutumayo,12348.41,13351.9
2025-01-27,18,PT1H,MC-BajoPutumayo,12401.69,13028.1
2025-01-27,19,PT1H,MC-BajoPutumayo,12980.18,13699.4
2025-01-27,20,PT1H,MC-BajoPutumayo,13749.25,14267.3
2025-01-27,21,PT1H,MC-BajoPutumayo,12879.67,13610.5
2025-01-27,22,PT1H,MC-BajoPutumayo,11543.47,12646.9
2025-01-27,23,PT1H,MC-BajoPutumayo,9786.04,11318.4
2025-01-27,24,PT1H,MC-BajoPutumayo,8499.22,10095.3
2022-08-28,1,PT1H,MC-BajoPutumayo,8537.35,6419.49
2022-08-28,2,PT1H,MC-BajoPutumayo,7862.51,6141.53
2022-08-28,3,PT1H,MC-BajoPutumayo,6777.02,6076.17
2022-08-28,4,PT1H,MC-BajoPutumayo,6946.07,5867.96
2022-08-28,5,PT1H,MC-BajoPutumayo,6989.45,5890.8
2022-08-28,6,PT1H,MC-BajoPutumayo,6904.53,6338.84
2022-08-28,7,PT1H,MC-BajoPutumayo,7081.69,6621.83
2022-08-28,8,PT1H,MC-BajoPutumayo,8061.95,7666.23
2022-08-28,9,PT1H,MC-BajoPutumayo,9082.69,8820.8
2022-08-28,10,PT1H,MC-BajoPutumayo,9977.74,9487.95
2022-08-28,11,PT1H,MC-BajoPutumayo,10761.35,10016.43
2022-08-28,12,PT1H,MC-BajoPutumayo,11177.2,10403.73
2022-08-28,13,PT1H,MC-BajoPutumayo,11007.14,10127.86
2022-08-28,14,PT1H,MC-BajoPutumayo,11013.75,10107.84
2022-08-28,15,PT1H,MC-BajoPutumayo,11204.42,10187.72
2022-08-28,16,PT1H,MC-BajoPutumayo,11188.45,10051.41
2022-08-28,17,PT1H,MC-BajoPutumayo,11174.85,9918.82
2022-08-28,18,PT1H,MC-BajoPutumayo,11124.15,10063.14
2022-08-28,19,PT1H,MC-BajoPutumayo,11883.7,11332.5
2022-08-28,20,PT1H,MC-BajoPutumayo,11588.63,12139.99
2022-08-28,21,PT1H,MC-BajoPutumayo,10777.67,11607.95
2022-08-28,22,PT1H,MC-BajoPutumayo,9669.25,10456.51
2022-08-28,23,PT1H,MC-BajoPutumayo,8322.09,8673.75
2022-08-28,24,PT1H,MC-BajoPutumayo,7337.98,7340.72
2023-01-29,1,PT1H,MC-BajoPutumayo,9086.32,8292.48
2023-01-29,2,PT1H,MC-BajoPutumayo,8074.63,7783.02
2023-01-29,3,PT1H,MC-BajoPutumayo,7678.0,7533.66
2023-01-29,4,PT1H,MC-BajoPutumayo,7642.13,7371.63
2023-01-29,5,PT1H,MC-BajoPutumayo,7378.24,7272.96
2023-01-29,6,PT1H,MC-BajoPutumayo,7360.08,7377.39
2023-01-29,7,PT1H,MC-BajoPutumayo,7444.32,7597.9
2023-01-29,8,PT1H,MC-BajoPutumayo,8628.32,8546.93
2023-01-29,9,PT1H,MC-BajoPutumayo,9653.27,9732.33
2023-01-29,10,PT1H,MC-BajoPutumayo,10651.04,10544.15
2023-01-29,11,PT1H,MC-BajoPutumayo,11216.78,10957.57
2023-01-29,12,PT1H,MC-BajoPutumayo,11686.76,10881.02
2023-01-29,13,PT1H,MC-BajoPutumayo,11896.2,11201.4
2023-01-29,14,PT1H,MC-BajoPutumayo,11820.39,11194.87
2023-01-29,15,PT1H,MC-BajoPutumayo,11771.26,11247.1
2023-01-29,16,PT1H,MC-BajoPutumayo,11852.95,11207.74
2023-01-29,17,PT1H,MC-BajoPutumayo,11694.01,11360.84
2023-01-29,18,PT1H,MC-BajoPutumayo,11740.08,11302.53
2023-01-29,19,PT1H,MC-BajoPutumayo,12579.83,12543.42
2023-01-29,20,PT1H,MC-BajoPutumayo,13552.01,13246.82
2023-01-29,21,PT1H,MC-BajoPutumayo,13172.63,12550.98
2023-01-29,22,PT1H,MC-BajoPutumayo,12381.15,11536.62
2023-01-29,23,PT1H,MC-BajoPutumayo,10953.6,10183.96
2023-01-29,24,PT1H,MC-BajoPutumayo,9557.73,9065.29
2024-05-24,1,PT1H,MC-BajoPutumayo,8054.67,8567.98
2024-05-24,2,PT1H,MC-BajoPutumayo,7574.31,8051.95
2024-05-24,3,PT1H,MC-BajoPutumayo,7319.98,7744.68
2024-05-24,4,PT1H,MC-BajoPutumayo,7167.33,7520.23
2024-05-24,5,PT1H,MC-BajoPutumayo,7256.17,7535.07
2024-05-24,6,PT1H,MC-BajoPutumayo,7751.77,7962.01
2024-05-24,7,PT1H,MC-BajoPutumayo,8324.67,8513.51
2024-05-24,8,PT1H,MC-BajoPutumayo,9274.48,9441.6
2024-05-24,9,PT1H,MC-BajoPutumayo,10573.96,10481.42
2024-05-24,10,PT1H,MC-BajoPutumayo,11394.44,10884.84
2024-05-24,11,PT1H,MC-BajoPutumayo,12327.02,11323.17
2024-05-24,12,PT1H,MC-BajoPutumayo,13148.84,11917.95
2024-05-24,13,PT1H,MC-BajoPutumayo,12797.92,11438.78
2024-05-24,14,PT1H,MC-BajoPutumayo,13287.3,11360.94
2024-05-24,15,PT1H,MC-BajoPutumayo,14455.27,12163.69
2024-05-24,16,PT1H,MC-BajoPutumayo,14451.2,12336.35
2024-05-24,17,PT1H,MC-BajoPutumayo,13445.55,12370.55
2024-05-24,18,PT1H,MC-BajoPutumayo,12862.88,12258.63
2024-05-24,19,PT1H,MC-BajoPutumayo,13814.24,13498.51
2024-05-24,20,PT1H,MC-BajoPutumayo,13969.14,13721.27
2024-05-24,21,PT1H,MC-BajoPutumayo,13033.25,12990.13
2024-05-24,22,PT1H,MC-BajoPutumayo,11977.67,12018.49
2024-05-24,23,PT1H,MC-BajoPutumayo,10429.7,10537.21
2024-05-24,24,PT1H,MC-BajoPutumayo,9024.81,9287.61
2023-05-15,1,PT1H,MC-BajoPutumayo,6733.93,7090.94
2023-05-15,2,PT1H,MC-BajoPutumayo,6328.5,6644.71
2023-05-15,3,PT1H,MC-BajoPutumayo,6132.97,6451.81
2023-05-15,4,PT1H,MC-BajoPutumayo,5996.22,6304.61
2023-05-15,5,PT1H,MC-BajoPutumayo,6029.27,6273.51
2023-05-15,6,PT1H,MC-BajoPutumayo,6596.07,6716.56
2023-05-15,7,PT1H,MC-BajoPutumayo,7382.34,7163.86
2023-05-15,8,PT1H,MC-BajoPutumayo,8098.3,7866.67
2023-05-15,9,PT1H,MC-BajoPutumayo,9123.5,8872.87
2023-05-15,10,PT1H,MC-BajoPutumayo,9891.11,9734.11
2023-05-15,11,PT1H,MC-BajoPutumayo,10510.81,10529.17
2023-05-15,12,PT1H,MC-BajoPutumayo,11076.31,11191.22
2023-05-15,13,PT1H,MC-BajoPutumayo,10652.22,11126.83
2023-05-15,14,PT1H,MC-BajoPutumayo,10895.78,11414.6
2023-05-15,15,PT1H,MC-BajoPutumayo,11822.99,12035.72
2023-05-15,16,PT1H,MC-BajoPutumayo,12129.08,12177.42
2023-05-15,17,PT1H,MC-BajoPutumayo,11149.79,11987.74
2023-05-15,18,PT1H,MC-BajoPutumayo,11249.34,12060.37
2023-05-15,19,PT1H,MC-BajoPutumayo,12789.11,13270.07
2023-05-15,20,PT1H,MC-BajoPutumayo,12768.97,13570.07
2023-05-15,21,PT1H,MC-BajoPutumayo,11805.61,12903.36
2023-05-15,22,PT1H,MC-BajoPutumayo,10601.32,11583.63
2023-05-15,23,PT1H,MC-BajoPutumayo,8997.44,9779.96
2023-05-15,24,PT1H,MC-BajoPutumayo,7629.11,8485.2
2023-02-16,1,PT1H,MC-BajoPutumayo,6975.39,7573.59
2023-02-16,2,PT1H,MC-BajoPutumayo,6561.7,7009.78
2023-02-16,3,PT1H,MC-BajoPutumayo,6337.23,6844.31
2023-02-16,4,PT1H,MC-BajoPutumayo,6250.23,6636.21
2023-02-16,5,PT1H,MC-BajoPutumayo,6375.78,6633.35
2023-02-16,6,PT1H,MC-BajoPutumayo,7029.96,7035.26
2023-02-16,7,PT1H,MC-BajoPutumayo,7808.29,7545.98
2023-02-16,8,PT1H,MC-BajoPutumayo,8398.77,8574.31
2023-02-16,9,PT1H,MC-BajoPutumayo,9245.94,9740.03
2023-02-16,10,PT1H,MC-BajoPutumayo,9803.24,10517.65
2023-02-16,11,PT1H,MC-BajoPutumayo,10209.19,11167.18
2023-02-16,12,PT1H,MC-BajoPutumayo,10505.22,11651.7
2023-02-16,13,PT1H,MC-BajoPutumayo,9978.33,11431.46
2023-02-16,14,PT1H,MC-BajoPutumayo,10018.78,11551.94
2023-02-16,15,PT1H,MC-BajoPutumayo,10216.11,12276.23
2023-02-16,16,PT1H,MC-BajoPutumayo,10335.67,12405.28
2023-02-16,17,PT1H,MC-BajoPutumayo,10403.72,12043.61
2023-02-16,18,PT1H,MC-BajoPutumayo,10601.69,11747.66
2023-02-16,19,PT1H,MC-BajoPutumayo,11113.83,12576.47
2023-02-16,20,PT1H,MC-BajoPutumayo,12146.48,12782.9
2023-02-16,21,PT1H,MC-BajoPutumayo,11370.13,11937.66
2023-02-16,22,PT1H,MC-BajoPutumayo,10164.55,10818.84
2023-02-16,23,PT1H,MC-BajoPutumayo,8584.75,9357.17
2023-02-16,24,PT1H,MC-BajoPutumayo,7387.09,8233.83
2025-04-17,1,PT1H,MC-BajoPutumayo,8094.53,7130.3
2025-04-17,2,PT1H,MC-BajoPutumayo,7583.34,6728.6
2025-04-17,3,PT1H,MC-BajoPutumayo,7348.63,6553.9
2025-04-17,4,PT1H,MC-BajoPutumayo,7214.35,6392.1
2025-04-17,5,PT1H,MC-BajoPutumayo,7115.3,6404.4
2025-04-17,6,PT1H,MC-BajoPutumayo,7230.21,6922.0
2025-04-17,7,PT1H,MC-BajoPutumayo,7341.16,7583.5
2025-04-17,8,PT1H,MC-BajoPutumayo,8274.85,8146.1
2025-04-17,9,PT1H,MC-BajoPutumayo,9350.35,8993.7
2025-04-17,10,PT1H,MC-BajoPutumayo,9941.0,9610.6
2025-04-17,11,PT1H,MC-BajoPutumayo,10401.93,10311.1
2025-04-17,12,PT1H,MC-BajoPutumayo,10847.0,10753.6
2025-04-17,13,PT1H,MC-BajoPutumayo,10874.11,10612.3
2025-04-17,14,PT1H,MC-BajoPutumayo,10918.58,10989.1
2025-04-17,15,PT1H,MC-BajoPutumayo,10993.34,11896.4
2025-04-17,16,PT1H,MC-BajoPutumayo,10879.67,12111.0
2025-04-17,17,PT1H,MC-BajoPutumayo,10663.66,11950.7
2025-04-17,18,PT1H,MC-BajoPutumayo,10747.54,11933.2
2025-04-17,19,PT1H,MC-BajoPutumayo,11944.21,13012.0
2025-04-17,20,PT1H,MC-BajoPutumayo,12158.96,13392.6
2025-04-17,21,PT1H,MC-BajoPutumayo,11106.25,12543.5
2025-04-17,22,PT1H,MC-BajoPutumayo,10174.73,11362.7
2025-04-17,23,PT1H,MC-BajoPutumayo,9377.79,9672.9
2025-04-17,24,PT1H,MC-BajoPutumayo,8328.22,8269.6
2025-02-15,1,PT1H,MC-BajoPutumayo,8869.4,9869.1
2025-02-15,2,PT1H,MC-BajoPutumayo,8367.59,9257.5
2025-02-15,3,PT1H,MC-BajoPutumayo,7934.93,8854.5
2025-02-15,4,PT1H,MC-BajoPutumayo,7686.53,8602.6
2025-02-15,5,PT1H,MC-BajoPutumayo,7564.25,8584.6
2025-02-15,6,PT1H,MC-BajoPutumayo,7679.0,8740.8
2025-02-15,7,PT1H,MC-BajoPutumayo,7990.42,9083.1
2025-02-15,8,PT1H,MC-BajoPutumayo,8857.62,10083.9
2025-02-15,9,PT1H,MC-BajoPutumayo,11528.13,11660.4
2025-02-15,10,PT1H,MC-BajoPutumayo,12113.23,12728.9
2025-02-15,11,PT1H,MC-BajoPutumayo,12918.58,13611.8
2025-02-15,12,PT1H,MC-BajoPutumayo,13666.99,14176.4
2025-02-15,13,PT1H,MC-BajoPutumayo,13911.43,14013.1
2025-02-15,14,PT1H,MC-BajoPutumayo,13899.94,13923.8
2025-02-15,15,PT1H,MC-BajoPutumayo,13948.44,14293.6
2025-02-15,16,PT1H,MC-BajoPutumayo,13571.09,14595.8
2025-02-15,17,PT1H,MC-BajoPutumayo,12387.03,14561.0
2025-02-15,18,PT1H,MC-BajoPutumayo,12880.27,14437.9
2025-02-15,19,PT1H,MC-BajoPutumayo,13716.79,15452.3
2025-02-15,20,PT1H,MC-BajoPutumayo,14078.59,16183.9
2025-02-15,21,PT1H,MC-BajoPutumayo,13356.44,15205.7
2025-02-15,22,PT1H,MC-BajoPutumayo,12408.4,13982.0
2025-02-15,23,PT1H,MC-BajoPutumayo,11129.15,12480.4
2025-02-15,24,PT1H,MC-BajoPutumayo,10020.78,11239.9
2025-04-11,1,PT1H,MC-BajoPutumayo,7681.42,8600.8
2025-04-11,2,PT1H,MC-BajoPutumayo,7273.52,8104.1
2025-04-11,3,PT1H,MC-BajoPutumayo,6835.6,7771.6
2025-04-11,4,PT1H,MC-BajoPutumayo,6882.65,7608.1
2025-04-11,5,PT1H,MC-BajoPutumayo,6833.19,7632.0
2025-04-11,6,PT1H,MC-BajoPutumayo,7144.24,8355.1
2025-04-11,7,PT1H,MC-BajoPutumayo,7500.49,9074.7
2025-04-11,8,PT1H,MC-BajoPutumayo,8262.21,9859.6
2025-04-11,9,PT1H,MC-BajoPutumayo,9439.06,11211.5
2025-04-11,10,PT1H,MC-BajoPutumayo,9344.22,11856.8
2025-04-11,11,PT1H,MC-BajoPutumayo,9022.6,12488.7
2025-04-11,12,PT1H,MC-BajoPutumayo,9350.32,12837.0
2025-04-11,13,PT1H,MC-BajoPutumayo,10101.12,12608.4
2025-04-11,14,PT1H,MC-BajoPutumayo,11418.55,12566.2
2025-04-11,15,PT1H,MC-BajoPutumayo,12630.03,13338.3
2025-04-11,16,PT1H,MC-BajoPutumayo,13083.1,13465.9
2025-04-11,17,PT1H,MC-BajoPutumayo,13163.04,13348.7
2025-04-11,18,PT1H,MC-BajoPutumayo,12655.7,13222.4
2025-04-11,19,PT1H,MC-BajoPutumayo,13733.75,14377.2
2025-04-11,20,PT1H,MC-BajoPutumayo,14353.43,14489.1
2025-04-11,21,PT1H,MC-BajoPutumayo,13496.97,13669.5
2025-04-11,22,PT1H,MC-BajoPutumayo,12346.84,12272.8
2025-04-11,23,PT1H,MC-BajoPutumayo,10840.02,10655.4
2025-04-11,24,PT1H,MC-BajoPutumayo,9307.58,9240.4
2026-02-26,1,PT1H,MC-BajoPutumayo,8399.7,8106.5
2026-02-26,2,PT1H,MC-BajoPutumayo,7868.91,7675.1
2026-02-26,3,PT1H,MC-BajoPutumayo,7604.3,7482.5
2026-02-26,4,PT1H,MC-BajoPutumayo,7448.53,7423.8
2026-02-26,5,PT1H,MC-BajoPutumayo,7439.46,7745.2
2026-02-26,6,PT1H,MC-BajoPutumayo,8096.62,8303.9
2026-02-26,7,PT1H,MC-BajoPutumayo,8794.21,8155.8
2026-02-26,8,PT1H,MC-BajoPutumayo,9331.49,9405.3
2026-02-26,9,PT1H,MC-BajoPutumayo,10569.89,10282.2
2026-02-26,10,PT1H,MC-BajoPutumayo,11395.71,11151.1
2026-02-26,11,PT1H,MC-BajoPutumayo,12331.49,12155.9
2026-02-26,12,PT1H,MC-BajoPutumayo,13196.51,12400.2
2026-02-26,13,PT1H,MC-BajoPutumayo,13284.5,12092.7
2026-02-26,14,PT1H,MC-BajoPutumayo,13770.46,12709.9
2026-02-26,15,PT1H,MC-BajoPutumayo,14956.72,13341.2
2026-02-26,16,PT1H,MC-BajoPutumayo,15145.44,13543.3
2026-02-26,17,PT1H,MC-BajoPutumayo,14912.55,13325.5
2026-02-26,18,PT1H,MC-BajoPutumayo,14692.55,13135.3
2026-02-26,19,PT1H,MC-BajoPutumayo,15126.39,14780.0
2026-02-26,20,PT1H,MC-BajoPutumayo,15692.47,14676.9
2026-02-26,21,PT1H,MC-BajoPutumayo,14654.94,13590.0
2026-02-26,22,PT1H,MC-BajoPutumayo,13121.13,12032.8
2026-02-26,23,PT1H,MC-BajoPutumayo,11359.66,10194.4
2026-02-26,24,PT1H,MC-BajoPutumayo,9945.58,8974.9
2022-01-04,1,PT1H,MC-BajoPutumayo,8076.03,7598.84
2022-01-04,2,PT1H,MC-BajoPutumayo,7591.13,7032.64
2022-01-04,3,PT1H,MC-BajoPutumayo,7289.9,6795.08
2022-01-04,4,PT1H,MC-BajoPutumayo,7060.83,6729.79
2022-01-04,5,PT1H,MC-BajoPutumayo,6872.7,6763.7
2022-01-04,6,PT1H,MC-BajoPutumayo,6909.3,7611.56
2022-01-04,7,PT1H,MC-BajoPutumayo,7544.13,7989.63
2022-01-04,8,PT1H,MC-BajoPutumayo,8653.05,8671.55
2022-01-04,9,PT1H,MC-BajoPutumayo,9953.29,9782.97
2022-01-04,10,PT1H,MC-BajoPutumayo,10579.7,11084.49
2022-01-04,11,PT1H,MC-BajoPutumayo,11166.41,11728.68
2022-01-04,12,PT1H,MC-BajoPutumayo,12258.72,12272.58
2022-01-04,13,PT1H,MC-BajoPutumayo,11829.07,11833.89
2022-01-04,14,PT1H,MC-BajoPutumayo,11898.41,11570.12
2022-01-04,15,PT1H,MC-BajoPutumayo,12175.87,12375.44
2022-01-04,16,PT1H,MC-BajoPutumayo,12278.93,12324.97
2022-01-04,17,PT1H,MC-BajoPutumayo,12289.4,12198.6
2022-01-04,18,PT1H,MC-BajoPutumayo,12277.08,12268.63
2022-01-04,19,PT1H,MC-BajoPutumayo,12724.21,13317.55
2022-01-04,20,PT1H,MC-BajoPutumayo,12461.52,13587.29
2022-01-04,21,PT1H,MC-BajoPutumayo,11659.12,13066.5
2022-01-04,22,PT1H,MC-BajoPutumayo,11559.01,11964.23
2022-01-04,23,PT1H,MC-BajoPutumayo,10731.48,10652.18
2022-01-04,24,PT1H,MC-BajoPutumayo,8563.64,8919.07
2025-04-26,1,PT1H,MC-BajoPutumayo,9271.78,8121.2
2025-04-26,2,PT1H,MC-BajoPutumayo,8585.29,7548.1
2025-04-26,3,PT1H,MC-BajoPutumayo,8187.38,7191.3
2025-04-26,4,PT1H,MC-BajoPutumayo,7975.71,7062.7
2025-04-26,5,PT1H,MC-BajoPutumayo,7866.2,7113.9
2025-04-26,6,PT1H,MC-BajoPutumayo,8019.13,7353.6
2025-04-26,7,PT1H,MC-BajoPutumayo,8201.77,7779.8
2025-04-26,8,PT1H,MC-BajoPutumayo,9242.11,8835.4
2025-04-26,9,PT1H,MC-BajoPutumayo,10573.18,10324.8
2025-04-26,10,PT1H,MC-BajoPutumayo,11696.97,11413.2
2025-04-26,11,PT1H,MC-BajoPutumayo,12574.1,12156.7
2025-04-26,12,PT1H,MC-BajoPutumayo,13452.58,12673.5
2025-04-26,13,PT1H,MC-BajoPutumayo,13537.05,12603.9
2025-04-26,14,PT1H,MC-BajoPutumayo,13532.08,12452.1
2025-04-26,15,PT1H,MC-BajoPutumayo,13727.9,12542.2
2025-04-26,16,PT1H,MC-BajoPutumayo,13936.21,12511.7
2025-04-26,17,PT1H,MC-BajoPutumayo,13835.71,12347.5
2025-04-26,18,PT1H,MC-BajoPutumayo,13656.75,12415.1
2025-04-26,19,PT1H,MC-BajoPutumayo,14902.22,13803.6
2025-04-26,20,PT1H,MC-BajoPutumayo,15282.01,14154.5
2025-04-26,21,PT1H,MC-BajoPutumayo,14382.81,13348.3
2025-04-26,22,PT1H,MC-BajoPutumayo,13374.78,12304.2
2025-04-26,23,PT1H,MC-BajoPutumayo,12044.63,10989.8
2025-04-26,24,PT1H,MC-BajoPutumayo,10783.94,9589.8
2022-11-24,1,PT1H,MC-BajoPutumayo,6726.07,7154.14
2022-11-24,2,PT1H,MC-BajoPutumayo,6416.31,6750.69
2022-11-24,3,PT1H,MC-BajoPutumayo,6077.47,6537.1
2022-11-24,4,PT1H,MC-BajoPutumayo,6010.77,6397.87
2022-11-24,5,PT1H,MC-BajoPutumayo,6137.39,6419.8
2022-11-24,6,PT1H,MC-BajoPutumayo,6786.79,6860.9
2022-11-24,7,PT1H,MC-BajoPutumayo,7604.19,7540.63
2022-11-24,8,PT1H,MC-BajoPutumayo,8457.14,8350.37
2022-11-24,9,PT1H,MC-BajoPutumayo,9443.16,9635.25
2022-11-24,10,PT1H,MC-BajoPutumayo,10316.82,10524.22
2022-11-24,11,PT1H,MC-BajoPutumayo,10994.26,11303.08
2022-11-24,12,PT1H,MC-BajoPutumayo,11285.5,11804.99
2022-11-24,13,PT1H,MC-BajoPutumayo,11413.73,11399.35
2022-11-24,14,PT1H,MC-BajoPutumayo,11719.01,11522.0
2022-11-24,15,PT1H,MC-BajoPutumayo,13027.81,11881.27
2022-11-24,16,PT1H,MC-BajoPutumayo,13130.11,11945.6
2022-11-24,17,PT1H,MC-BajoPutumayo,13118.73,11936.39
2022-11-24,18,PT1H,MC-BajoPutumayo,12878.24,12127.57
2022-11-24,19,PT1H,MC-BajoPutumayo,13907.86,13268.1
2022-11-24,20,PT1H,MC-BajoPutumayo,13801.48,13122.44
2022-11-24,21,PT1H,MC-BajoPutumayo,12861.89,12327.46
2022-11-24,22,PT1H,MC-BajoPutumayo,11547.8,11215.7
2022-11-24,23,PT1H,MC-BajoPutumayo,10135.16,9607.73
2022-11-24,24,PT1H,MC-BajoPutumayo,8807.28,8389.9
2022-04-08,1,PT1H,MC-BajoPutumayo,7949.5,7296.96
2022-04-08,2,PT1H,MC-BajoPutumayo,7388.62,6828.2
2022-04-08,3,PT1H,MC-BajoPutumayo,7169.31,6420.47
2022-04-08,4,PT1H,MC-BajoPutumayo,7015.57,6196.74
2022-04-08,5,PT1H,MC-BajoPutumayo,7007.9,6233.08
2022-04-08,6,PT1H,MC-BajoPutumayo,7394.44,6895.32
2022-04-08,7,PT1H,MC-BajoPutumayo,8118.83,7729.94
2022-04-08,8,PT1H,MC-BajoPutumayo,8860.3,8374.99
2022-04-08,9,PT1H,MC-BajoPutumayo,9966.59,9266.89
2022-04-08,10,PT1H,MC-BajoPutumayo,10768.74,9884.25
2022-04-08,11,PT1H,MC-BajoPutumayo,11159.39,10506.2
2022-04-08,12,PT1H,MC-BajoPutumayo,11641.84,10980.71
2022-04-08,13,PT1H,MC-BajoPutumayo,11408.93,10774.44
2022-04-08,14,PT1H,MC-BajoPutumayo,11729.39,10635.86
2022-04-08,15,PT1H,MC-BajoPutumayo,12307.37,10894.77
2022-04-08,16,PT1H,MC-BajoPutumayo,11821.68,10995.08
2022-04-08,17,PT1H,MC-BajoPutumayo,11386.14,11092.08
2022-04-08,18,PT1H,MC-BajoPutumayo,11291.93,11078.19
2022-04-08,19,PT1H,MC-BajoPutumayo,12106.21,12289.61
2022-04-08,20,PT1H,MC-BajoPutumayo,12460.14,12930.37
2022-04-08,21,PT1H,MC-BajoPutumayo,11826.58,12122.54
2022-04-08,22,PT1H,MC-BajoPutumayo,10733.63,11122.99
2022-04-08,23,PT1H,MC-BajoPutumayo,9318.25,9684.59
2022-04-08,24,PT1H,MC-BajoPutumayo,8058.95,8335.63
2025-03-09,1,PT1H,MC-BajoPutumayo,8926.22,7673.6
2025-03-09,2,PT1H,MC-BajoPutumayo,8357.42,7305.1
2025-03-09,3,PT1H,MC-BajoPutumayo,7982.95,7098.0
2025-03-09,4,PT1H,MC-BajoPutumayo,7682.0,7066.9
2025-03-09,5,PT1H,MC-BajoPutumayo,7465.31,7118.3
2025-03-09,6,PT1H,MC-BajoPutumayo,7487.39,7870.8
2025-03-09,7,PT1H,MC-BajoPutumayo,7648.3,8757.6
2025-03-09,8,PT1H,MC-BajoPutumayo,8472.23,9354.2
2025-03-09,9,PT1H,MC-BajoPutumayo,9493.62,10434.9
2025-03-09,10,PT1H,MC-BajoPutumayo,10169.61,11068.9
2025-03-09,11,PT1H,MC-BajoPutumayo,10557.36,11720.3
2025-03-09,12,PT1H,MC-BajoPutumayo,10927.5,11904.4
2025-03-09,13,PT1H,MC-BajoPutumayo,10716.37,11471.2
2025-03-09,14,PT1H,MC-BajoPutumayo,10444.33,11766.5
2025-03-09,15,PT1H,MC-BajoPutumayo,10827.53,12501.4
2025-03-09,16,PT1H,MC-BajoPutumayo,11136.92,12769.9
2025-03-09,17,PT1H,MC-BajoPutumayo,11109.44,12477.9
2025-03-09,18,PT1H,MC-BajoPutumayo,11195.89,12139.0
2025-03-09,19,PT1H,MC-BajoPutumayo,12425.41,13510.2
2025-03-09,20,PT1H,MC-BajoPutumayo,13098.61,14675.2
2025-03-09,21,PT1H,MC-BajoPutumayo,12440.62,13969.3
2025-03-09,22,PT1H,MC-BajoPutumayo,11482.03,12625.7
2025-03-09,23,PT1H,MC-BajoPutumayo,9906.87,10555.8
2025-03-09,24,PT1H,MC-BajoPutumayo,8771.9,8867.8
2022-11-14,1,PT1H,MC-BajoPutumayo,8382.95,7178.16
2022-11-14,2,PT1H,MC-BajoPutumayo,7864.53,6656.59
2022-11-14,3,PT1H,MC-BajoPutumayo,7519.57,6360.38
2022-11-14,4,PT1H,MC-BajoPutumayo,7337.15,6247.61
2022-11-14,5,PT1H,MC-BajoPutumayo,7289.12,6500.65
2022-11-14,6,PT1H,MC-BajoPutumayo,7456.23,7419.61
2022-11-14,7,PT1H,MC-BajoPutumayo,7831.92,8436.36
2022-11-14,8,PT1H,MC-BajoPutumayo,8669.49,8843.08
2022-11-14,9,PT1H,MC-BajoPutumayo,10039.01,9346.12
2022-11-14,10,PT1H,MC-BajoPutumayo,11282.14,9873.94
2022-11-14,11,PT1H,MC-BajoPutumayo,12122.61,10703.79
2022-11-14,12,PT1H,MC-BajoPutumayo,12826.18,11296.59
2022-11-14,13,PT1H,MC-BajoPutumayo,12848.16,11126.44
2022-11-14,14,PT1H,MC-BajoPutumayo,12801.25,11180.01
2022-11-14,15,PT1H,MC-BajoPutumayo,12716.17,12227.1
2022-11-14,16,PT1H,MC-BajoPutumayo,12497.34,12463.04
2022-11-14,17,PT1H,MC-BajoPutumayo,12163.45,12342.21
2022-11-14,18,PT1H,MC-BajoPutumayo,12125.67,12194.0
2022-11-14,19,PT1H,MC-BajoPutumayo,13499.4,13951.67
2022-11-14,20,PT1H,MC-BajoPutumayo,11242.94,14491.36
2022-11-14,21,PT1H,MC-BajoPutumayo,12550.61,13547.59
2022-11-14,22,PT1H,MC-BajoPutumayo,11735.84,11883.85
2022-11-14,23,PT1H,MC-BajoPutumayo,10276.79,9779.91
2022-11-14,24,PT1H,MC-BajoPutumayo,9048.08,8075.15
2025-10-06,1,PT1H,MC-BajoPutumayo,19083.2,18341.2
2025-10-06,2,PT1H,MC-BajoPutumayo,18351.66,16995.1
2025-10-06,3,PT1H,MC-BajoPutumayo,16783.32,16227.7
2025-10-06,4,PT1H,MC-BajoPutumayo,16290.08,15630.3
2025-10-06,5,PT1H,MC-BajoPutumayo,15293.78,15939.9
2025-10-06,6,PT1H,MC-BajoPutumayo,14649.16,16976.2
2025-10-06,7,PT1H,MC-BajoPutumayo,17129.24,18391.5
2025-10-06,8,PT1H,MC-BajoPutumayo,20604.2,20084.0
2025-10-06,9,PT1H,MC-BajoPutumayo,23954.7,22785.5
2025-10-06,10,PT1H,MC-BajoPutumayo,25845.0,24594.4
2025-10-06,11,PT1H,MC-BajoPutumayo,27559.58,25512.4
2025-10-06,12,PT1H,MC-BajoPutumayo,28907.3,25842.6
2025-10-06,13,PT1H,MC-BajoPutumayo,27070.68,25983.8
2025-10-06,14,PT1H,MC-BajoPutumayo,20289.22,26212.2
2025-10-06,15,PT1H,MC-BajoPutumayo,21787.94,29365.5
2025-10-06,16,PT1H,MC-BajoPutumayo,25058.86,29937.4
2025-10-06,17,PT1H,MC-BajoPutumayo,24968.62,30082.4
2025-10-06,18,PT1H,MC-BajoPutumayo,25621.96,29909.5
2025-10-06,19,PT1H,MC-BajoPutumayo,26094.02,31498.0
2025-10-06,20,PT1H,MC-BajoPutumayo,26542.34,30892.7
2025-10-06,21,PT1H,MC-BajoPutumayo,25490.5,29113.7
2025-10-06,22,PT1H,MC-BajoPutumayo,23001.42,26168.9
2025-10-06,23,PT1H,MC-BajoPutumayo,19616.66,22897.2
2025-10-06,24,PT1H,MC-BajoPutumayo,17280.14,19541.6
2025-03-07,1,PT1H,MC-BajoPutumayo,7004.29,7618.7
2025-03-07,2,PT1H,MC-BajoPutumayo,6642.12,7112.4
2025-03-07,3,PT1H,MC-BajoPutumayo,6489.2,6855.6
2025-03-07,4,PT1H,MC-BajoPutumayo,6385.63,6854.2
2025-03-07,5,PT1H,MC-BajoPutumayo,6497.18,6852.8
2025-03-07,6,PT1H,MC-BajoPutumayo,7220.23,7605.6
2025-03-07,7,PT1H,MC-BajoPutumayo,8150.77,8351.6
2025-03-07,8,PT1H,MC-BajoPutumayo,8886.57,8996.6
2025-03-07,9,PT1H,MC-BajoPutumayo,9901.45,10015.6
2025-03-07,10,PT1H,MC-BajoPutumayo,10616.6,10704.7
2025-03-07,11,PT1H,MC-BajoPutumayo,11860.93,11464.6
2025-03-07,12,PT1H,MC-BajoPutumayo,12692.81,11549.2
2025-03-07,13,PT1H,MC-BajoPutumayo,12752.85,11194.1
2025-03-07,14,PT1H,MC-BajoPutumayo,13132.65,11455.2
2025-03-07,15,PT1H,MC-BajoPutumayo,14033.29,11995.5
2025-03-07,16,PT1H,MC-BajoPutumayo,14227.81,12445.7
2025-03-07,17,PT1H,MC-BajoPutumayo,14146.79,12043.5
2025-03-07,18,PT1H,MC-BajoPutumayo,13825.57,11793.1
2025-03-07,19,PT1H,MC-BajoPutumayo,14482.89,13049.9
2025-03-07,20,PT1H,MC-BajoPutumayo,14738.64,14303.7
2025-03-07,21,PT1H,MC-BajoPutumayo,13663.03,13736.5
2025-03-07,22,PT1H,MC-BajoPutumayo,12211.71,12324.3
2025-03-07,23,PT1H,MC-BajoPutumayo,10582.41,10271.8
2025-03-07,24,PT1H,MC-BajoPutumayo,9224.12,8528.6
2024-08-13,1,PT1H,MC-BajoPutumayo,6455.69,7396.6
2024-08-13,2,PT1H,MC-BajoPutumayo,6155.43,6967.5
2024-08-13,3,PT1H,MC-BajoPutumayo,6053.81,6709.4
2024-08-13,4,PT1H,MC-BajoPutumayo,5831.92,6578.7
2024-08-13,5,PT1H,MC-BajoPutumayo,6081.25,6565.7
2024-08-13,6,PT1H,MC-BajoPutumayo,6908.08,7301.2
2024-08-13,7,PT1H,MC-BajoPutumayo,7734.14,8012.1
2024-08-13,8,PT1H,MC-BajoPutumayo,8430.47,8854.1
2024-08-13,9,PT1H,MC-BajoPutumayo,8728.65,9543.8
2024-08-13,10,PT1H,MC-BajoPutumayo,10090.7,10066.4
2024-08-13,11,PT1H,MC-BajoPutumayo,10488.38,10537.0
2024-08-13,12,PT1H,MC-BajoPutumayo,10596.51,10809.4
2024-08-13,13,PT1H,MC-BajoPutumayo,10224.48,10458.5
2024-08-13,14,PT1H,MC-BajoPutumayo,10906.13,10589.0
2024-08-13,15,PT1H,MC-BajoPutumayo,11633.27,11129.0
2024-08-13,16,PT1H,MC-BajoPutumayo,11327.81,11322.7
2024-08-13,17,PT1H,MC-BajoPutumayo,11226.31,11425.8
2024-08-13,18,PT1H,MC-BajoPutumayo,11111.9,11337.8
2024-08-13,19,PT1H,MC-BajoPutumayo,12336.43,12665.5
2024-08-13,20,PT1H,MC-BajoPutumayo,12421.96,12772.3
2024-08-13,21,PT1H,MC-BajoPutumayo,11486.54,11928.2
2024-08-13,22,PT1H,MC-BajoPutumayo,10129.87,10552.8
2024-08-13,23,PT1H,MC-BajoPutumayo,8448.6,8871.5
2024-08-13,24,PT1H,MC-BajoPutumayo,7248.66,7591.5
2024-01-22,1,PT1H,MC-BajoPutumayo,7260.34,7563.27
2024-01-22,2,PT1H,MC-BajoPutumayo,6816.2,7100.21
2024-01-22,3,PT1H,MC-BajoPutumayo,6612.52,6822.16
2024-01-22,4,PT1H,MC-BajoPutumayo,6493.09,6766.56
2024-01-22,5,PT1H,MC-BajoPutumayo,6472.4,6805.25
2024-01-22,6,PT1H,MC-BajoPutumayo,6746.97,7234.31
2024-01-22,7,PT1H,MC-BajoPutumayo,7191.03,7874.3
2024-01-22,8,PT1H,MC-BajoPutumayo,8444.46,8870.34
2024-01-22,9,PT1H,MC-BajoPutumayo,9666.93,10020.7
2024-01-22,10,PT1H,MC-BajoPutumayo,10466.11,10723.62
2024-01-22,11,PT1H,MC-BajoPutumayo,11608.5,11383.91
2024-01-22,12,PT1H,MC-BajoPutumayo,12603.15,11874.16
2024-01-22,13,PT1H,MC-BajoPutumayo,12391.0,11363.6
2024-01-22,14,PT1H,MC-BajoPutumayo,12447.44,11688.02
2024-01-22,15,PT1H,MC-BajoPutumayo,12960.05,12180.86
2024-01-22,16,PT1H,MC-BajoPutumayo,13179.28,12397.74
2024-01-22,17,PT1H,MC-BajoPutumayo,13127.97,12202.82
2024-01-22,18,PT1H,MC-BajoPutumayo,12853.61,12038.74
2024-01-22,19,PT1H,MC-BajoPutumayo,13117.37,13387.35
2024-01-22,20,PT1H,MC-BajoPutumayo,14153.54,14044.98
2024-01-22,21,PT1H,MC-BajoPutumayo,13410.39,13315.27
2024-01-22,22,PT1H,MC-BajoPutumayo,12438.14,12227.8
2024-01-22,23,PT1H,MC-BajoPutumayo,10768.24,10513.03
2024-01-22,24,PT1H,MC-BajoPutumayo,9377.32,9061.92
2023-07-20,1,PT1H,MC-BajoPutumayo,7124.42,7039.14
2023-07-20,2,PT1H,MC-BajoPutumayo,6588.02,6579.56
2023-07-20,3,PT1H,MC-BajoPutumayo,6346.26,6389.29
2023-07-20,4,PT1H,MC-BajoPutumayo,6169.25,6263.65
2023-07-20,5,PT1H,MC-BajoPutumayo,6133.51,6303.18
2023-07-20,6,PT1H,MC-BajoPutumayo,6445.3,6684.28
2023-07-20,7,PT1H,MC-BajoPutumayo,6890.87,7243.91
2023-07-20,8,PT1H,MC-BajoPutumayo,7741.39,8443.81
2023-07-20,9,PT1H,MC-BajoPutumayo,8768.19,9562.88
2023-07-20,10,PT1H,MC-BajoPutumayo,9194.92,10152.65
2023-07-20,11,PT1H,MC-BajoPutumayo,9627.44,10580.21
2023-07-20,12,PT1H,MC-BajoPutumayo,10042.09,11274.4
2023-07-20,13,PT1H,MC-BajoPutumayo,9997.35,11021.66
2023-07-20,14,PT1H,MC-BajoPutumayo,10029.48,11109.71
2023-07-20,15,PT1H,MC-BajoPutumayo,10318.51,11780.32
2023-07-20,16,PT1H,MC-BajoPutumayo,10114.93,11938.09
2023-07-20,17,PT1H,MC-BajoPutumayo,9965.58,11872.59
2023-07-20,18,PT1H,MC-BajoPutumayo,9725.0,11776.62
2023-07-20,19,PT1H,MC-BajoPutumayo,10757.38,12682.31
2023-07-20,20,PT1H,MC-BajoPutumayo,11347.24,12791.5
2023-07-20,21,PT1H,MC-BajoPutumayo,10716.64,11772.43
2023-07-20,22,PT1H,MC-BajoPutumayo,9891.01,10434.03
2023-07-20,23,PT1H,MC-BajoPutumayo,8563.44,8810.94
2023-07-20,24,PT1H,MC-BajoPutumayo,7373.91,7719.59
2025-11-28,1,PT1H,MC-BajoPutumayo,8197.77,8150.0
2025-11-28,2,PT1H,MC-BajoPutumayo,7809.83,7626.1
2025-11-28,3,PT1H,MC-BajoPutumayo,7345.83,7315.4
2025-11-28,4,PT1H,MC-BajoPutumayo,6868.67,7151.3
2025-11-28,5,PT1H,MC-BajoPutumayo,6969.09,7209.3
2025-11-28,6,PT1H,MC-BajoPutumayo,7352.81,7802.7
2025-11-28,7,PT1H,MC-BajoPutumayo,7957.21,8387.5
2025-11-28,8,PT1H,MC-BajoPutumayo,8933.66,9389.2
2025-11-28,9,PT1H,MC-BajoPutumayo,9861.54,10844.0
2025-11-28,10,PT1H,MC-BajoPutumayo,10497.82,12031.6
2025-11-28,11,PT1H,MC-BajoPutumayo,10865.33,12436.9
2025-11-28,12,PT1H,MC-BajoPutumayo,11259.33,12995.5
2025-11-28,13,PT1H,MC-BajoPutumayo,10705.95,12897.2
2025-11-28,14,PT1H,MC-BajoPutumayo,10678.56,13278.7
2025-11-28,15,PT1H,MC-BajoPutumayo,10879.56,14401.3
2025-11-28,16,PT1H,MC-BajoPutumayo,11002.77,14815.8
2025-11-28,17,PT1H,MC-BajoPutumayo,11344.2,14315.2
2025-11-28,18,PT1H,MC-BajoPutumayo,12122.76,14215.6
2025-11-28,19,PT1H,MC-BajoPutumayo,13611.74,15675.9
2025-11-28,20,PT1H,MC-BajoPutumayo,13339.2,15164.5
2025-11-28,21,PT1H,MC-BajoPutumayo,12492.81,14658.2
2025-11-28,22,PT1H,MC-BajoPutumayo,11202.95,12906.0
2025-11-28,23,PT1H,MC-BajoPutumayo,9632.91,10551.0
2025-11-28,24,PT1H,MC-BajoPutumayo,8331.83,9435.7
2024-08-02,1,PT1H,MC-BajoPutumayo,6703.92,8328.5
2024-08-02,2,PT1H,MC-BajoPutumayo,6363.48,7723.9
2024-08-02,3,PT1H,MC-BajoPutumayo,6172.93,7465.4
2024-08-02,4,PT1H,MC-BajoPutumayo,6141.01,7005.9
2024-08-02,5,PT1H,MC-BajoPutumayo,6311.74,7145.6
2024-08-02,6,PT1H,MC-BajoPutumayo,7040.37,7489.7
2024-08-02,7,PT1H,MC-BajoPutumayo,7708.14,7829.7
2024-08-02,8,PT1H,MC-BajoPutumayo,8790.06,8936.5
2024-08-02,9,PT1H,MC-BajoPutumayo,9654.92,9967.5
2024-08-02,10,PT1H,MC-BajoPutumayo,10290.14,10789.7
2024-08-02,11,PT1H,MC-BajoPutumayo,11387.67,11414.3
2024-08-02,12,PT1H,MC-BajoPutumayo,12146.21,11825.1
2024-08-02,13,PT1H,MC-BajoPutumayo,12002.22,11849.6
2024-08-02,14,PT1H,MC-BajoPutumayo,12619.87,11724.9
2024-08-02,15,PT1H,MC-BajoPutumayo,13745.18,11496.2
2024-08-02,16,PT1H,MC-BajoPutumayo,13696.49,11353.8
2024-08-02,17,PT1H,MC-BajoPutumayo,13661.15,11344.6
2024-08-02,18,PT1H,MC-BajoPutumayo,13344.32,11400.0
2024-08-02,19,PT1H,MC-BajoPutumayo,14569.41,13099.2
2024-08-02,20,PT1H,MC-BajoPutumayo,14622.91,14180.8
2024-08-02,21,PT1H,MC-BajoPutumayo,13648.71,13632.3
2024-08-02,22,PT1H,MC-BajoPutumayo,12229.33,12356.0
2024-08-02,23,PT1H,MC-BajoPutumayo,10565.29,10118.0
2024-08-02,24,PT1H,MC-BajoPutumayo,9014.56,8594.8
2022-08-25,1,PT1H,MC-BajoPutumayo,7575.53,6138.17
2022-08-25,2,PT1H,MC-BajoPutumayo,7031.03,5740.1
2022-08-25,3,PT1H,MC-BajoPutumayo,6766.41,5560.43
2022-08-25,4,PT1H,MC-BajoPutumayo,6743.43,5461.09
2022-08-25,5,PT1H,MC-BajoPutumayo,6704.01,5550.81
2022-08-25,6,PT1H,MC-BajoPutumayo,7252.33,6014.78
2022-08-25,7,PT1H,MC-BajoPutumayo,7907.13,6692.58
2022-08-25,8,PT1H,MC-BajoPutumayo,8429.82,7604.16
2022-08-25,9,PT1H,MC-BajoPutumayo,9408.57,8938.34
2022-08-25,10,PT1H,MC-BajoPutumayo,10304.47,10419.49
2022-08-25,11,PT1H,MC-BajoPutumayo,11046.89,11571.6
2022-08-25,12,PT1H,MC-BajoPutumayo,11685.92,12028.11
2022-08-25,13,PT1H,MC-BajoPutumayo,11537.97,11951.87
2022-08-25,14,PT1H,MC-BajoPutumayo,11878.18,12138.76
2022-08-25,15,PT1H,MC-BajoPutumayo,12673.92,12736.7
2022-08-25,16,PT1H,MC-BajoPutumayo,12842.05,12954.13
2022-08-25,17,PT1H,MC-BajoPutumayo,12725.17,13028.21
2022-08-25,18,PT1H,MC-BajoPutumayo,12731.49,12729.24
2022-08-25,19,PT1H,MC-BajoPutumayo,13760.81,13647.8
2022-08-25,20,PT1H,MC-BajoPutumayo,14092.62,14523.31
2022-08-25,21,PT1H,MC-BajoPutumayo,13147.44,13601.62
2022-08-25,22,PT1H,MC-BajoPutumayo,11903.78,12259.26
2022-08-25,23,PT1H,MC-BajoPutumayo,10202.85,10394.96
2022-08-25,24,PT1H,MC-BajoPutumayo,8755.29,8835.88
2022-01-07,1,PT1H,MC-BajoPutumayo,7333.17,7853.64
2022-01-07,2,PT1H,MC-BajoPutumayo,6870.5,7432.89
2022-01-07,3,PT1H,MC-BajoPutumayo,6540.84,6950.2
2022-01-07,4,PT1H,MC-BajoPutumayo,6305.48,6262.81
2022-01-07,5,PT1H,MC-BajoPutumayo,6206.83,6350.92
2022-01-07,6,PT1H,MC-BajoPutumayo,6379.47,6444.16
2022-01-07,7,PT1H,MC-BajoPutumayo,6342.58,7135.65
2022-01-07,8,PT1H,MC-BajoPutumayo,7340.12,8337.75
2022-01-07,9,PT1H,MC-BajoPutumayo,8617.29,9663.97
2022-01-07,10,PT1H,MC-BajoPutumayo,9711.78,10286.85
2022-01-07,11,PT1H,MC-BajoPutumayo,10423.24,10907.64
2022-01-07,12,PT1H,MC-BajoPutumayo,10967.23,11344.05
2022-01-07,13,PT1H,MC-BajoPutumayo,11303.19,11672.31
2022-01-07,14,PT1H,MC-BajoPutumayo,10668.43,12281.3
2022-01-07,15,PT1H,MC-BajoPutumayo,11123.01,12873.87
2022-01-07,16,PT1H,MC-BajoPutumayo,11193.0,12928.43
2022-01-07,17,PT1H,MC-BajoPutumayo,11629.77,12104.11
2022-01-07,18,PT1H,MC-BajoPutumayo,10551.34,11745.85
2022-01-07,19,PT1H,MC-BajoPutumayo,11744.55,12764.19
2022-01-07,20,PT1H,MC-BajoPutumayo,12516.61,13788.66
2022-01-07,21,PT1H,MC-BajoPutumayo,11804.85,13068.62
2022-01-07,22,PT1H,MC-BajoPutumayo,10832.34,11777.65
2022-01-07,23,PT1H,MC-BajoPutumayo,9471.2,10413.14
2022-01-07,24,PT1H,MC-BajoPutumayo,8164.63,9298.02
2026-01-09,1,PT1H,MC-BajoPutumayo,9203.98,8769.3
2026-01-09,2,PT1H,MC-BajoPutumayo,8606.07,8490.8
2026-01-09,3,PT1H,MC-BajoPutumayo,8254.53,8301.6
2026-01-09,4,PT1H,MC-BajoPutumayo,8105.22,7998.0
2026-01-09,5,PT1H,MC-BajoPutumayo,8163.18,7841.4
2026-01-09,6,PT1H,MC-BajoPutumayo,8349.45,7693.5
2026-01-09,7,PT1H,MC-BajoPutumayo,8696.83,8075.9
2026-01-09,8,PT1H,MC-BajoPutumayo,10261.89,9151.7
2026-01-09,9,PT1H,MC-BajoPutumayo,11418.32,10605.6
2026-01-09,10,PT1H,MC-BajoPutumayo,11920.33,11441.2
2026-01-09,11,PT1H,MC-BajoPutumayo,12603.46,12531.8
2026-01-09,12,PT1H,MC-BajoPutumayo,12345.17,12947.0
2026-01-09,13,PT1H,MC-BajoPutumayo,12083.91,13440.6
2026-01-09,14,PT1H,MC-BajoPutumayo,12183.01,12936.1
2026-01-09,15,PT1H,MC-BajoPutumayo,13035.66,13138.9
2026-01-09,16,PT1H,MC-BajoPutumayo,13256.49,12953.6
2026-01-09,17,PT1H,MC-BajoPutumayo,13267.08,12937.0
2026-01-09,18,PT1H,MC-BajoPutumayo,13127.63,13067.9
2026-01-09,19,PT1H,MC-BajoPutumayo,14791.97,14624.4
2026-01-09,20,PT1H,MC-BajoPutumayo,14638.57,14799.7
2026-01-09,21,PT1H,MC-BajoPutumayo,13441.11,14131.4
2026-01-09,22,PT1H,MC-BajoPutumayo,12188.31,12897.9
2026-01-09,23,PT1H,MC-BajoPutumayo,10653.34,11793.9
2026-01-09,24,PT1H,MC-BajoPutumayo,9514.03,9646.1
2022-12-06,1,PT1H,MC-BajoPutumayo,7689.1,8061.26
2022-12-06,2,PT1H,MC-BajoPutumayo,7154.84,7610.29
2022-12-06,3,PT1H,MC-BajoPutumayo,6892.38,7277.38
2022-12-06,4,PT1H,MC-BajoPutumayo,6777.89,7152.24
2022-12-06,5,PT1H,MC-BajoPutumayo,6768.26,7134.37
2022-12-06,6,PT1H,MC-BajoPutumayo,7209.04,7573.49
2022-12-06,7,PT1H,MC-BajoPutumayo,7842.35,8328.77
2022-12-06,8,PT1H,MC-BajoPutumayo,9122.43,9334.07
2022-12-06,9,PT1H,MC-BajoPutumayo,10392.06,10778.87
2022-12-06,10,PT1H,MC-BajoPutumayo,11474.85,11813.86
2022-12-06,11,PT1H,MC-BajoPutumayo,12137.31,12399.37
2022-12-06,12,PT1H,MC-BajoPutumayo,13066.21,13091.59
2022-12-06,13,PT1H,MC-BajoPutumayo,12393.23,12766.07
2022-12-06,14,PT1H,MC-BajoPutumayo,12453.74,12652.18
2022-12-06,15,PT1H,MC-BajoPutumayo,11868.1,12752.34
2022-12-06,16,PT1H,MC-BajoPutumayo,12285.05,12401.34
2022-12-06,17,PT1H,MC-BajoPutumayo,11820.4,12219.48
2022-12-06,18,PT1H,MC-BajoPutumayo,12916.76,12436.36
2022-12-06,19,PT1H,MC-BajoPutumayo,12788.14,13579.13
2022-12-06,20,PT1H,MC-BajoPutumayo,13352.0,13446.64
2022-12-06,21,PT1H,MC-BajoPutumayo,13671.72,12471.18
2022-12-06,22,PT1H,MC-BajoPutumayo,12656.89,11302.25
2022-12-06,23,PT1H,MC-BajoPutumayo,10112.73,9847.65
2022-12-06,24,PT1H,MC-BajoPutumayo,8940.19,8419.81
2024-04-07,1,PT1H,MC-BajoPutumayo,8030.75,7746.14
2024-04-07,2,PT1H,MC-BajoPutumayo,7554.9,7351.17
2024-04-07,3,PT1H,MC-BajoPutumayo,7196.32,7068.76
2024-04-07,4,PT1H,MC-BajoPutumayo,7019.34,6825.14
2024-04-07,5,PT1H,MC-BajoPutumayo,6953.26,6860.48
2024-04-07,6,PT1H,MC-BajoPutumayo,7071.69,7228.04
2024-04-07,7,PT1H,MC-BajoPutumayo,6882.98,7534.53
2024-04-07,8,PT1H,MC-BajoPutumayo,0.0,0.0
2024-04-07,9,PT1H,MC-BajoPutumayo,0.0,0.0
2024-04-07,10,PT1H,MC-BajoPutumayo,0.0,0.0
2024-04-07,11,PT1H,MC-BajoPutumayo,0.0,0.0
2024-04-07,12,PT1H,MC-BajoPutumayo,0.0,0.0
2024-04-07,13,PT1H,MC-BajoPutumayo,0.0,0.0
2024-04-07,14,PT1H,MC-BajoPutumayo,0.0,0.0
2024-04-07,15,PT1H,MC-BajoPutumayo,0.0,0.0
2024-04-07,16,PT1H,MC-BajoPutumayo,0.0,0.0
2024-04-07,17,PT1H,MC-BajoPutumayo,3283.88,0.0
2024-04-07,18,PT1H,MC-BajoPutumayo,12287.47,11699.95
2024-04-07,19,PT1H,MC-BajoPutumayo,14124.43,12482.96
2024-04-07,20,PT1H,MC-BajoPutumayo,14693.94,12942.54
2024-04-07,21,PT1H,MC-BajoPutumayo,13668.51,12399.06
2024-04-07,22,PT1H,MC-BajoPutumayo,12369.14,11438.2
2024-04-07,23,PT1H,MC-BajoPutumayo,10518.12,9846.69
2024-04-07,24,PT1H,MC-BajoPutumayo,9032.74,8576.03
2022-11-28,1,PT1H,MC-BajoPutumayo,8260.03,7789.29
2022-11-28,2,PT1H,MC-BajoPutumayo,7590.41,7305.23
2022-11-28,3,PT1H,MC-BajoPutumayo,6668.9,7023.66
2022-11-28,4,PT1H,MC-BajoPutumayo,5972.33,6857.55
2022-11-28,5,PT1H,MC-BajoPutumayo,1072.43,6843.3
2022-11-28,6,PT1H,MC-BajoPutumayo,0.0,7089.67
2022-11-28,7,PT1H,MC-BajoPutumayo,0.0,7613.55
2022-11-28,8,PT1H,MC-BajoPutumayo,177.44,8550.61
2022-11-28,9,PT1H,MC-BajoPutumayo,11659.59,9823.92
2022-11-28,10,PT1H,MC-BajoPutumayo,13257.26,11022.75
2022-11-28,11,PT1H,MC-BajoPutumayo,14047.35,11750.57
2022-11-28,12,PT1H,MC-BajoPutumayo,13995.79,12336.85
2022-11-28,13,PT1H,MC-BajoPutumayo,13315.6,12186.24
2022-11-28,14,PT1H,MC-BajoPutumayo,13848.17,12171.41
2022-11-28,15,PT1H,MC-BajoPutumayo,13885.35,12375.05
2022-11-28,16,PT1H,MC-BajoPutumayo,13516.23,12244.64
2022-11-28,17,PT1H,MC-BajoPutumayo,13073.13,12066.67
2022-11-28,18,PT1H,MC-BajoPutumayo,13739.39,11991.65
2022-11-28,19,PT1H,MC-BajoPutumayo,15315.32,13113.8
2022-11-28,20,PT1H,MC-BajoPutumayo,14271.03,13225.54
2022-11-28,21,PT1H,MC-BajoPutumayo,13526.87,12346.51
2022-11-28,22,PT1H,MC-BajoPutumayo,12727.37,11215.0
2022-11-28,23,PT1H,MC-BajoPutumayo,10982.54,9785.34
2022-11-28,24,PT1H,MC-BajoPutumayo,9337.54,8673.77
2023-05-17,1,PT1H,MC-BajoPutumayo,7585.48,7589.81
2023-05-17,2,PT1H,MC-BajoPutumayo,7116.05,7214.97
2023-05-17,3,PT1H,MC-BajoPutumayo,6917.19,6936.44
2023-05-17,4,PT1H,MC-BajoPutumayo,6776.63,6773.17
2023-05-17,5,PT1H,MC-BajoPutumayo,6805.23,6708.82
2023-05-17,6,PT1H,MC-BajoPutumayo,7465.59,7221.67
2023-05-17,7,PT1H,MC-BajoPutumayo,8154.58,7917.09
2023-05-17,8,PT1H,MC-BajoPutumayo,8951.25,8879.29
2023-05-17,9,PT1H,MC-BajoPutumayo,10254.49,9759.5
2023-05-17,10,PT1H,MC-BajoPutumayo,11343.13,10544.57
2023-05-17,11,PT1H,MC-BajoPutumayo,12238.5,11110.66
2023-05-17,12,PT1H,MC-BajoPutumayo,12585.39,11622.33
2023-05-17,13,PT1H,MC-BajoPutumayo,12374.98,11393.64
2023-05-17,14,PT1H,MC-BajoPutumayo,12664.15,11744.82
2023-05-17,15,PT1H,MC-BajoPutumayo,13715.42,12646.57
2023-05-17,16,PT1H,MC-BajoPutumayo,14044.77,12893.24
2023-05-17,17,PT1H,MC-BajoPutumayo,13870.49,12944.26
2023-05-17,18,PT1H,MC-BajoPutumayo,13382.53,12609.07
2023-05-17,19,PT1H,MC-BajoPutumayo,14437.43,13602.84
2023-05-17,20,PT1H,MC-BajoPutumayo,14731.37,13797.42
2023-05-17,21,PT1H,MC-BajoPutumayo,13941.95,12834.21
2023-05-17,22,PT1H,MC-BajoPutumayo,12624.4,11561.58
2023-05-17,23,PT1H,MC-BajoPutumayo,10898.55,9878.66
2023-05-17,24,PT1H,MC-BajoPutumayo,9432.75,8439.18
2024-07-21,1,PT1H,MC-BajoPutumayo,7184.18,8014.8
2024-07-21,2,PT1H,MC-BajoPutumayo,6718.5,7393.9
2024-07-21,3,PT1H,MC-BajoPutumayo,6160.19,7036.4
2024-07-21,4,PT1H,MC-BajoPutumayo,4917.38,6845.5
2024-07-21,5,PT1H,MC-BajoPutumayo,6289.15,6693.3
2024-07-21,6,PT1H,MC-BajoPutumayo,6530.85,6692.1
2024-07-21,7,PT1H,MC-BajoPutumayo,6655.91,6877.3
2024-07-21,8,PT1H,MC-BajoPutumayo,7680.78,7690.2
2024-07-21,9,PT1H,MC-BajoPutumayo,8724.54,8548.6
2024-07-21,10,PT1H,MC-BajoPutumayo,9225.9,9259.4
2024-07-21,11,PT1H,MC-BajoPutumayo,9408.63,9797.1
2024-07-21,12,PT1H,MC-BajoPutumayo,9608.59,10149.7
2024-07-21,13,PT1H,MC-BajoPutumayo,9688.85,10302.2
2024-07-21,14,PT1H,MC-BajoPutumayo,9792.41,10149.8
2024-07-21,15,PT1H,MC-BajoPutumayo,9678.89,10222.7
2024-07-21,16,PT1H,MC-BajoPutumayo,9596.21,10183.0
2024-07-21,17,PT1H,MC-BajoPutumayo,9577.31,10234.7
2024-07-21,18,PT1H,MC-BajoPutumayo,9966.79,10216.3
2024-07-21,19,PT1H,MC-BajoPutumayo,11336.87,11453.5
2024-07-21,20,PT1H,MC-BajoPutumayo,11545.95,11830.5
2024-07-21,21,PT1H,MC-BajoPutumayo,10857.3,11259.6
2024-07-21,22,PT1H,MC-BajoPutumayo,9594.25,10400.5
2024-07-21,23,PT1H,MC-BajoPutumayo,8316.23,9141.5
2024-07-21,24,PT1H,MC-BajoPutumayo,7461.93,8059.5
2022-06-01,1,PT1H,MC-BajoPutumayo,7135.57,7169.29
2022-06-01,2,PT1H,MC-BajoPutumayo,6838.16,7212.36
2022-06-01,3,PT1H,MC-BajoPutumayo,6485.1,6841.69
2022-06-01,4,PT1H,MC-BajoPutumayo,6345.16,6705.3
2022-06-01,5,PT1H,MC-BajoPutumayo,6163.78,6727.53
2022-06-01,6,PT1H,MC-BajoPutumayo,6904.44,7463.77
2022-06-01,7,PT1H,MC-BajoPutumayo,7832.58,8370.14
2022-06-01,8,PT1H,MC-BajoPutumayo,8385.93,8986.55
2022-06-01,9,PT1H,MC-BajoPutumayo,9266.11,9633.96
2022-06-01,10,PT1H,MC-BajoPutumayo,10183.92,10227.99
2022-06-01,11,PT1H,MC-BajoPutumayo,10557.6,10171.66
2022-06-01,12,PT1H,MC-BajoPutumayo,11708.24,10599.79
2022-06-01,13,PT1H,MC-BajoPutumayo,11738.13,10506.39
2022-06-01,14,PT1H,MC-BajoPutumayo,8694.91,10376.01
2022-06-01,15,PT1H,MC-BajoPutumayo,12219.89,11078.3
2022-06-01,16,PT1H,MC-BajoPutumayo,11503.38,11368.18
2022-06-01,17,PT1H,MC-BajoPutumayo,11159.76,11487.63
2022-06-01,18,PT1H,MC-BajoPutumayo,11095.06,11588.09
2022-06-01,19,PT1H,MC-BajoPutumayo,12202.7,12779.22
2022-06-01,20,PT1H,MC-BajoPutumayo,12433.3,13013.99
2022-06-01,21,PT1H,MC-BajoPutumayo,11852.25,12309.79
2022-06-01,22,PT1H,MC-BajoPutumayo,10428.14,10468.9
2022-06-01,23,PT1H,MC-BajoPutumayo,8771.07,9057.57
2022-06-01,24,PT1H,MC-BajoPutumayo,7384.47,7266.66
2025-03-10,1,PT1H,MC-BajoPutumayo,7871.3,9528.3
2025-03-10,2,PT1H,MC-BajoPutumayo,7398.65,8930.3
2025-03-10,3,PT1H,MC-BajoPutumayo,7125.96,8515.0
2025-03-10,4,PT1H,MC-BajoPutumayo,6929.42,8210.8
2025-03-10,5,PT1H,MC-BajoPutumayo,7003.7,8134.9
2025-03-10,6,PT1H,MC-BajoPutumayo,7653.69,8715.5
2025-03-10,7,PT1H,MC-BajoPutumayo,8245.97,9511.7
2025-03-10,8,PT1H,MC-BajoPutumayo,8911.02,10268.4
2025-03-10,9,PT1H,MC-BajoPutumayo,10279.3,11498.1
2025-03-10,10,PT1H,MC-BajoPutumayo,10927.64,12033.2
2025-03-10,11,PT1H,MC-BajoPutumayo,11686.07,12537.5
2025-03-10,12,PT1H,MC-BajoPutumayo,12646.0,12966.8
2025-03-10,13,PT1H,MC-BajoPutumayo,12648.41,12629.8
2025-03-10,14,PT1H,MC-BajoPutumayo,13140.96,12747.9
2025-03-10,15,PT1H,MC-BajoPutumayo,14122.32,13492.9
2025-03-10,16,PT1H,MC-BajoPutumayo,14117.86,13702.4
2025-03-10,17,PT1H,MC-BajoPutumayo,11383.74,13678.6
2025-03-10,18,PT1H,MC-BajoPutumayo,10824.53,13583.0
2025-03-10,19,PT1H,MC-BajoPutumayo,13748.04,14572.2
2025-03-10,20,PT1H,MC-BajoPutumayo,9868.76,15376.0
2025-03-10,21,PT1H,MC-BajoPutumayo,12797.5,14464.0
2025-03-10,22,PT1H,MC-BajoPutumayo,11347.72,13049.0
2025-03-10,23,PT1H,MC-BajoPutumayo,10107.75,10966.9
2025-03-10,24,PT1H,MC-BajoPutumayo,8573.37,9485.2
2023-05-28,1,PT1H,MC-BajoPutumayo,8595.28,8152.61
2023-05-28,2,PT1H,MC-BajoPutumayo,8025.08,7603.32
2023-05-28,3,PT1H,MC-BajoPutumayo,7606.58,7214.51
2023-05-28,4,PT1H,MC-BajoPutumayo,7184.08,6993.43
2023-05-28,5,PT1H,MC-BajoPutumayo,6985.82,6854.64
2023-05-28,6,PT1H,MC-BajoPutumayo,6939.72,6935.65
2023-05-28,7,PT1H,MC-BajoPutumayo,7194.16,7148.53
2023-05-28,8,PT1H,MC-BajoPutumayo,8152.77,7827.45
2023-05-28,9,PT1H,MC-BajoPutumayo,9281.84,8906.03
2023-05-28,10,PT1H,MC-BajoPutumayo,9931.4,9654.7
2023-05-28,11,PT1H,MC-BajoPutumayo,10530.33,10202.4
2023-05-28,12,PT1H,MC-BajoPutumayo,11026.98,10597.38
2023-05-28,13,PT1H,MC-BajoPutumayo,11247.43,10722.08
2023-05-28,14,PT1H,MC-BajoPutumayo,11396.44,10553.93
2023-05-28,15,PT1H,MC-BajoPutumayo,11357.23,10482.2
2023-05-28,16,PT1H,MC-BajoPutumayo,11372.4,10463.72
2023-05-28,17,PT1H,MC-BajoPutumayo,10650.9,10441.84
2023-05-28,18,PT1H,MC-BajoPutumayo,11028.35,10603.02
2023-05-28,19,PT1H,MC-BajoPutumayo,12434.09,12139.93
2023-05-28,20,PT1H,MC-BajoPutumayo,13028.69,12538.78
2023-05-28,21,PT1H,MC-BajoPutumayo,12489.64,12162.3
2023-05-28,22,PT1H,MC-BajoPutumayo,11640.42,11261.67
2023-05-28,23,PT1H,MC-BajoPutumayo,10187.32,10136.43
2023-05-28,24,PT1H,MC-BajoPutumayo,8802.48,8965.75
2022-09-26,1,PT1H,MC-BajoPutumayo,8005.37,6986.65
2022-09-26,2,PT1H,MC-BajoPutumayo,7395.32,6598.31
2022-09-26,3,PT1H,MC-BajoPutumayo,7087.85,6390.62
2022-09-26,4,PT1H,MC-BajoPutumayo,6880.21,6283.15
2022-09-26,5,PT1H,MC-BajoPutumayo,6668.54,6338.81
2022-09-26,6,PT1H,MC-BajoPutumayo,7490.83,6936.48
2022-09-26,7,PT1H,MC-BajoPutumayo,7958.43,7753.74
2022-09-26,8,PT1H,MC-BajoPutumayo,9047.89,8676.78
2022-09-26,9,PT1H,MC-BajoPutumayo,9854.12,9687.49
2022-09-26,10,PT1H,MC-BajoPutumayo,11348.65,10484.7
2022-09-26,11,PT1H,MC-BajoPutumayo,12972.58,11163.98
2022-09-26,12,PT1H,MC-BajoPutumayo,14062.82,11720.95
2022-09-26,13,PT1H,MC-BajoPutumayo,13549.74,11329.77
2022-09-26,14,PT1H,MC-BajoPutumayo,13720.04,11672.11
2022-09-26,15,PT1H,MC-BajoPutumayo,15187.86,12445.64
2022-09-26,16,PT1H,MC-BajoPutumayo,16162.37,12621.94
2022-09-26,17,PT1H,MC-BajoPutumayo,15973.74,12598.45
2022-09-26,18,PT1H,MC-BajoPutumayo,16602.69,12408.47
2022-09-26,19,PT1H,MC-BajoPutumayo,17536.66,13082.47
2022-09-26,20,PT1H,MC-BajoPutumayo,17865.03,12801.42
2022-09-26,21,PT1H,MC-BajoPutumayo,16544.05,12422.16
2022-09-26,22,PT1H,MC-BajoPutumayo,13533.53,10985.1
2022-09-26,23,PT1H,MC-BajoPutumayo,11937.19,9236.36
2022-09-26,24,PT1H,MC-BajoPutumayo,10175.42,7886.83
2022-10-24,1,PT1H,MC-BajoPutumayo,7310.31,7324.45
2022-10-24,2,PT1H,MC-BajoPutumayo,6900.19,6835.56
2022-10-24,3,PT1H,MC-BajoPutumayo,6693.48,6530.93
2022-10-24,4,PT1H,MC-BajoPutumayo,6576.37,6368.0
2022-10-24,5,PT1H,MC-BajoPutumayo,6618.09,6359.94
2022-10-24,6,PT1H,MC-BajoPutumayo,7090.07,6697.2
2022-10-24,7,PT1H,MC-BajoPutumayo,6954.38,7298.13
2022-10-24,8,PT1H,MC-BajoPutumayo,8104.43,8223.85
2022-10-24,9,PT1H,MC-BajoPutumayo,9916.85,9370.05
2022-10-24,10,PT1H,MC-BajoPutumayo,10887.47,10473.28
2022-10-24,11,PT1H,MC-BajoPutumayo,11850.24,11316.41
2022-10-24,12,PT1H,MC-BajoPutumayo,12784.47,12020.5
2022-10-24,13,PT1H,MC-BajoPutumayo,12540.77,11722.28
2022-10-24,14,PT1H,MC-BajoPutumayo,12905.77,12019.16
2022-10-24,15,PT1H,MC-BajoPutumayo,13636.92,12551.57
2022-10-24,16,PT1H,MC-BajoPutumayo,13817.15,12529.97
2022-10-24,17,PT1H,MC-BajoPutumayo,13722.93,12526.8
2022-10-24,18,PT1H,MC-BajoPutumayo,13302.0,12304.31
2022-10-24,19,PT1H,MC-BajoPutumayo,14663.28,13331.27
2022-10-24,20,PT1H,MC-BajoPutumayo,14467.13,13090.37
2022-10-24,21,PT1H,MC-BajoPutumayo,13552.7,12353.99
2022-10-24,22,PT1H,MC-BajoPutumayo,12277.61,11215.07
2022-10-24,23,PT1H,MC-BajoPutumayo,10411.75,9714.68
2022-10-24,24,PT1H,MC-BajoPutumayo,8401.59,8368.44
2024-02-04,1,PT1H,MC-BajoPutumayo,8700.01,7982.92
2024-02-04,2,PT1H,MC-BajoPutumayo,8002.08,7512.17
2024-02-04,3,PT1H,MC-BajoPutumayo,7752.2,7235.33
2024-02-04,4,PT1H,MC-BajoPutumayo,7438.77,7210.21
2024-02-04,5,PT1H,MC-BajoPutumayo,7192.74,7003.58
2024-02-04,6,PT1H,MC-BajoPutumayo,7184.06,7165.84
2024-02-04,7,PT1H,MC-BajoPutumayo,7265.83,7370.92
2024-02-04,8,PT1H,MC-BajoPutumayo,8076.53,8334.82
2024-02-04,9,PT1H,MC-BajoPutumayo,9092.85,9448.27
2024-02-04,10,PT1H,MC-BajoPutumayo,9829.62,10204.28
2024-02-04,11,PT1H,MC-BajoPutumayo,10374.79,11090.52
2024-02-04,12,PT1H,MC-BajoPutumayo,11065.56,11969.13
2024-02-04,13,PT1H,MC-BajoPutumayo,11317.68,11953.45
2024-02-04,14,PT1H,MC-BajoPutumayo,11234.69,11889.14
2024-02-04,15,PT1H,MC-BajoPutumayo,10946.95,12104.75
2024-02-04,16,PT1H,MC-BajoPutumayo,10702.53,12215.6
2024-02-04,17,PT1H,MC-BajoPutumayo,10845.31,12142.37
2024-02-04,18,PT1H,MC-BajoPutumayo,10914.72,11989.91
2024-02-04,19,PT1H,MC-BajoPutumayo,11842.09,12566.69
2024-02-04,20,PT1H,MC-BajoPutumayo,12759.64,13403.81
2024-02-04,21,PT1H,MC-BajoPutumayo,12320.69,12793.47
2024-02-04,22,PT1H,MC-BajoPutumayo,11616.46,11838.63
2024-02-04,23,PT1H,MC-BajoPutumayo,10290.11,10470.16
2024-02-04,24,PT1H,MC-BajoPutumayo,8984.28,9373.94
2023-03-07,1,PT1H,MC-BajoPutumayo,8071.52,7142.64
2023-03-07,2,PT1H,MC-BajoPutumayo,7580.31,6723.45
2023-03-07,3,PT1H,MC-BajoPutumayo,7292.21,6521.86
2023-03-07,4,PT1H,MC-BajoPutumayo,7134.3,6404.48
2023-03-07,5,PT1H,MC-BajoPutumayo,7150.2,6417.01
2023-03-07,6,PT1H,MC-BajoPutumayo,7702.01,6829.46
2023-03-07,7,PT1H,MC-BajoPutumayo,8640.78,7361.16
2023-03-07,8,PT1H,MC-BajoPutumayo,9233.33,8312.04
2023-03-07,9,PT1H,MC-BajoPutumayo,10167.29,9479.36
2023-03-07,10,PT1H,MC-BajoPutumayo,10576.21,10259.04
2023-03-07,11,PT1H,MC-BajoPutumayo,10707.21,10851.52
2023-03-07,12,PT1H,MC-BajoPutumayo,10925.67,11385.77
2023-03-07,13,PT1H,MC-BajoPutumayo,10234.23,10995.11
2023-03-07,14,PT1H,MC-BajoPutumayo,10140.47,10936.66
2023-03-07,15,PT1H,MC-BajoPutumayo,9950.78,11472.99
2023-03-07,16,PT1H,MC-BajoPutumayo,10001.26,11610.55
2023-03-07,17,PT1H,MC-BajoPutumayo,10033.83,11661.13
2023-03-07,18,PT1H,MC-BajoPutumayo,10141.85,11524.03
2023-03-07,19,PT1H,MC-BajoPutumayo,11231.98,12365.65
2023-03-07,20,PT1H,MC-BajoPutumayo,11630.33,12880.18
2023-03-07,21,PT1H,MC-BajoPutumayo,10984.27,12089.82
2023-03-07,22,PT1H,MC-BajoPutumayo,9719.55,11053.57
2023-03-07,23,PT1H,MC-BajoPutumayo,8340.05,9534.11
2023-03-07,24,PT1H,MC-BajoPutumayo,7273.23,8165.2
2024-06-25,1,PT1H,MC-BajoPutumayo,8016.69,8217.3
2024-06-25,2,PT1H,MC-BajoPutumayo,7583.92,7812.3
2024-06-25,3,PT1H,MC-BajoPutumayo,7357.99,7556.0
2024-06-25,4,PT1H,MC-BajoPutumayo,7245.25,7376.0
2024-06-25,5,PT1H,MC-BajoPutumayo,7276.35,7469.1
2024-06-25,6,PT1H,MC-BajoPutumayo,7792.8,8133.0
2024-06-25,7,PT1H,MC-BajoPutumayo,8271.04,8860.1
2024-06-25,8,PT1H,MC-BajoPutumayo,9142.02,9610.5
2024-06-25,9,PT1H,MC-BajoPutumayo,10032.81,10507.7
2024-06-25,10,PT1H,MC-BajoPutumayo,10568.77,11059.5
2024-06-25,11,PT1H,MC-BajoPutumayo,11236.86,11562.3
2024-06-25,12,PT1H,MC-BajoPutumayo,11852.51,11873.8
2024-06-25,13,PT1H,MC-BajoPutumayo,11741.93,11479.3
2024-06-25,14,PT1H,MC-BajoPutumayo,11989.13,11513.6
2024-06-25,15,PT1H,MC-BajoPutumayo,12823.33,12064.0
2024-06-25,16,PT1H,MC-BajoPutumayo,13255.38,12126.0
2024-06-25,17,PT1H,MC-BajoPutumayo,12979.33,12101.8
2024-06-25,18,PT1H,MC-BajoPutumayo,12844.84,12035.8
2024-06-25,19,PT1H,MC-BajoPutumayo,13939.59,13280.7
2024-06-25,20,PT1H,MC-BajoPutumayo,14131.62,13531.7
2024-06-25,21,PT1H,MC-BajoPutumayo,13250.34,12730.4
2024-06-25,22,PT1H,MC-BajoPutumayo,11864.65,11230.1
2024-06-25,23,PT1H,MC-BajoPutumayo,10242.42,9671.5
2024-06-25,24,PT1H,MC-BajoPutumayo,8848.06,8362.4
2022-05-03,1,PT1H,MC-BajoPutumayo,7458.69,7567.16
2022-05-03,2,PT1H,MC-BajoPutumayo,6809.91,7125.16
2022-05-03,3,PT1H,MC-BajoPutumayo,6766.36,6872.82
2022-05-03,4,PT1H,MC-BajoPutumayo,6646.09,6786.74
2022-05-03,5,PT1H,MC-BajoPutumayo,6597.49,6882.5
2022-05-03,6,PT1H,MC-BajoPutumayo,6369.17,7593.6
2022-05-03,7,PT1H,MC-BajoPutumayo,8023.81,8500.69
2022-05-03,8,PT1H,MC-BajoPutumayo,9222.14,9254.67
2022-05-03,9,PT1H,MC-BajoPutumayo,9878.55,10276.59
2022-05-03,10,PT1H,MC-BajoPutumayo,10826.97,10666.1
2022-05-03,11,PT1H,MC-BajoPutumayo,11500.88,11083.96
2022-05-03,12,PT1H,MC-BajoPutumayo,12333.15,11268.86
2022-05-03,13,PT1H,MC-BajoPutumayo,12043.77,10679.56
2022-05-03,14,PT1H,MC-BajoPutumayo,12171.48,10696.18
2022-05-03,15,PT1H,MC-BajoPutumayo,12935.31,11162.09
2022-05-03,16,PT1H,MC-BajoPutumayo,12960.94,11443.61
2022-05-03,17,PT1H,MC-BajoPutumayo,12592.96,11482.8
2022-05-03,18,PT1H,MC-BajoPutumayo,12055.19,11429.26
2022-05-03,19,PT1H,MC-BajoPutumayo,13201.89,12786.69
2022-05-03,20,PT1H,MC-BajoPutumayo,13654.7,13475.73
2022-05-03,21,PT1H,MC-BajoPutumayo,12881.54,12683.26
2022-05-03,22,PT1H,MC-BajoPutumayo,11756.17,11228.81
2022-05-03,23,PT1H,MC-BajoPutumayo,10069.72,9534.55
2022-05-03,24,PT1H,MC-BajoPutumayo,8356.03,7981.51
2023-01-02,1,PT1H,MC-BajoPutumayo,8179.66,7908.68
2023-01-02,2,PT1H,MC-BajoPutumayo,6097.35,7271.74
2023-01-02,3,PT1H,MC-BajoPutumayo,8176.41,6915.93
2023-01-02,4,PT1H,MC-BajoPutumayo,7209.07,6859.1
2023-01-02,5,PT1H,MC-BajoPutumayo,6687.69,6699.38
2023-01-02,6,PT1H,MC-BajoPutumayo,6730.99,7242.05
2023-01-02,7,PT1H,MC-BajoPutumayo,6749.35,7575.14
2023-01-02,8,PT1H,MC-BajoPutumayo,7725.43,8534.97
2023-01-02,9,PT1H,MC-BajoPutumayo,9014.62,9768.19
2023-01-02,10,PT1H,MC-BajoPutumayo,8610.86,10574.95
2023-01-02,11,PT1H,MC-BajoPutumayo,8166.57,11860.05
2023-01-02,12,PT1H,MC-BajoPutumayo,10768.65,12208.68
2023-01-02,13,PT1H,MC-BajoPutumayo,10550.49,12140.74
2023-01-02,14,PT1H,MC-BajoPutumayo,10621.79,11760.29
2023-01-02,15,PT1H,MC-BajoPutumayo,10961.52,12337.03
2023-01-02,16,PT1H,MC-BajoPutumayo,11043.95,12658.21
2023-01-02,17,PT1H,MC-BajoPutumayo,11062.22,12171.62
2023-01-02,18,PT1H,MC-BajoPutumayo,10975.43,12150.16
2023-01-02,19,PT1H,MC-BajoPutumayo,11913.37,13555.2
2023-01-02,20,PT1H,MC-BajoPutumayo,12341.9,13656.98
2023-01-02,21,PT1H,MC-BajoPutumayo,11665.18,12529.9
2023-01-02,22,PT1H,MC-BajoPutumayo,10775.25,11449.44
2023-01-02,23,PT1H,MC-BajoPutumayo,9577.08,10016.44
2023-01-02,24,PT1H,MC-BajoPutumayo,8456.43,8682.4
2024-06-09,1,PT1H,MC-BajoPutumayo,7922.03,7961.4
2024-06-09,2,PT1H,MC-BajoPutumayo,7400.66,7434.7
2024-06-09,3,PT1H,MC-BajoPutumayo,7123.75,7114.6
2024-06-09,4,PT1H,MC-BajoPutumayo,6869.03,6860.4
2024-06-09,5,PT1H,MC-BajoPutumayo,6769.88,6765.1
2024-06-09,6,PT1H,MC-BajoPutumayo,6801.14,6757.0
2024-06-09,7,PT1H,MC-BajoPutumayo,7087.88,7065.5
2024-06-09,8,PT1H,MC-BajoPutumayo,8088.58,7983.8
2024-06-09,9,PT1H,MC-BajoPutumayo,8978.19,8995.9
2024-06-09,10,PT1H,MC-BajoPutumayo,9849.65,9738.9
2024-06-09,11,PT1H,MC-BajoPutumayo,10349.17,10367.9
2024-06-09,12,PT1H,MC-BajoPutumayo,10760.17,10900.7
2024-06-09,13,PT1H,MC-BajoPutumayo,11071.06,11125.9
2024-06-09,14,PT1H,MC-BajoPutumayo,11023.84,11184.9
2024-06-09,15,PT1H,MC-BajoPutumayo,10966.75,11301.8
2024-06-09,16,PT1H,MC-BajoPutumayo,11039.77,11686.8
2024-06-09,17,PT1H,MC-BajoPutumayo,10835.5,11508.6
2024-06-09,18,PT1H,MC-BajoPutumayo,10891.61,11334.5
2024-06-09,19,PT1H,MC-BajoPutumayo,12277.37,12642.2
2024-06-09,20,PT1H,MC-BajoPutumayo,12551.17,12981.6
2024-06-09,21,PT1H,MC-BajoPutumayo,12022.68,12449.4
2024-06-09,22,PT1H,MC-BajoPutumayo,11077.43,11567.8
2024-06-09,23,PT1H,MC-BajoPutumayo,9865.3,10282.3
2024-06-09,24,PT1H,MC-BajoPutumayo,8596.6,9099.3
2023-03-31,1,PT1H,MC-BajoPutumayo,7671.38,6905.1
2023-03-31,2,PT1H,MC-BajoPutumayo,6321.05,6483.38
2023-03-31,3,PT1H,MC-BajoPutumayo,6661.61,6278.77
2023-03-31,4,PT1H,MC-BajoPutumayo,6068.24,6166.21
2023-03-31,5,PT1H,MC-BajoPutumayo,6015.37,6180.96
2023-03-31,6,PT1H,MC-BajoPutumayo,6434.5,6809.7
2023-03-31,7,PT1H,MC-BajoPutumayo,7383.64,7543.33
2023-03-31,8,PT1H,MC-BajoPutumayo,8454.16,8243.19
2023-03-31,9,PT1H,MC-BajoPutumayo,9169.69,9074.99
2023-03-31,10,PT1H,MC-BajoPutumayo,9682.02,9765.97
2023-03-31,11,PT1H,MC-BajoPutumayo,10334.52,10529.15
2023-03-31,12,PT1H,MC-BajoPutumayo,10530.52,11215.49
2023-03-31,13,PT1H,MC-BajoPutumayo,10172.08,11133.46
2023-03-31,14,PT1H,MC-BajoPutumayo,9750.17,11334.73
2023-03-31,15,PT1H,MC-BajoPutumayo,9941.95,12113.77
2023-03-31,16,PT1H,MC-BajoPutumayo,10278.53,12258.18
2023-03-31,17,PT1H,MC-BajoPutumayo,10372.74,12177.37
2023-03-31,18,PT1H,MC-BajoPutumayo,10450.04,11930.74
2023-03-31,19,PT1H,MC-BajoPutumayo,11694.26,12550.3
2023-03-31,20,PT1H,MC-BajoPutumayo,11912.56,12744.12
2023-03-31,21,PT1H,MC-BajoPutumayo,11043.36,11839.74
2023-03-31,22,PT1H,MC-BajoPutumayo,9840.0,10674.02
2023-03-31,23,PT1H,MC-BajoPutumayo,8229.5,9286.34
2023-03-31,24,PT1H,MC-BajoPutumayo,7224.22,8090.98
2022-06-15,1,PT1H,MC-BajoPutumayo,6384.08,7129.0
2022-06-15,2,PT1H,MC-BajoPutumayo,5949.29,6916.77
2022-06-15,3,PT1H,MC-BajoPutumayo,5439.23,6624.02
2022-06-15,4,PT1H,MC-BajoPutumayo,5677.9,6497.78
2022-06-15,5,PT1H,MC-BajoPutumayo,5824.78,6462.94
2022-06-15,6,PT1H,MC-BajoPutumayo,6291.96,7056.54
2022-06-15,7,PT1H,MC-BajoPutumayo,6792.18,7676.59
2022-06-15,8,PT1H,MC-BajoPutumayo,7881.28,8467.26
2022-06-15,9,PT1H,MC-BajoPutumayo,9122.41,9167.65
2022-06-15,10,PT1H,MC-BajoPutumayo,9914.15,9813.18
2022-06-15,11,PT1H,MC-BajoPutumayo,10574.32,10543.21
2022-06-15,12,PT1H,MC-BajoPutumayo,10981.36,10901.2
2022-06-15,13,PT1H,MC-BajoPutumayo,10749.83,10761.25
2022-06-15,14,PT1H,MC-BajoPutumayo,10716.21,10832.27
2022-06-15,15,PT1H,MC-BajoPutumayo,10903.14,11269.17
2022-06-15,16,PT1H,MC-BajoPutumayo,12136.22,10962.03
2022-06-15,17,PT1H,MC-BajoPutumayo,11747.05,11073.48
2022-06-15,18,PT1H,MC-BajoPutumayo,11649.47,11669.57
2022-06-15,19,PT1H,MC-BajoPutumayo,12490.48,12423.28
2022-06-15,20,PT1H,MC-BajoPutumayo,12666.32,12608.88
2022-06-15,21,PT1H,MC-BajoPutumayo,12235.82,11843.97
2022-06-15,22,PT1H,MC-BajoPutumayo,11283.08,10571.9
2022-06-15,23,PT1H,MC-BajoPutumayo,9336.68,8927.81
2022-06-15,24,PT1H,MC-BajoPutumayo,7408.45,7396.49
2023-05-11,1,PT1H,MC-BajoPutumayo,7415.5,7939.57
2023-05-11,2,PT1H,MC-BajoPutumayo,6809.45,7390.01
2023-05-11,3,PT1H,MC-BajoPutumayo,6638.71,7170.44
2023-05-11,4,PT1H,MC-BajoPutumayo,6493.18,6874.68
2023-05-11,5,PT1H,MC-BajoPutumayo,6547.75,6864.62
2023-05-11,6,PT1H,MC-BajoPutumayo,7193.35,6370.13
2023-05-11,7,PT1H,MC-BajoPutumayo,7986.94,6813.9
2023-05-11,8,PT1H,MC-BajoPutumayo,8745.34,8653.29
2023-05-11,9,PT1H,MC-BajoPutumayo,9853.82,9628.46
2023-05-11,10,PT1H,MC-BajoPutumayo,10590.81,10240.88
2023-05-11,11,PT1H,MC-BajoPutumayo,11059.45,10451.6
2023-05-11,12,PT1H,MC-BajoPutumayo,11897.71,10765.92
2023-05-11,13,PT1H,MC-BajoPutumayo,11369.01,11172.94
2023-05-11,14,PT1H,MC-BajoPutumayo,11668.96,11160.36
2023-05-11,15,PT1H,MC-BajoPutumayo,12799.05,11108.93
2023-05-11,16,PT1H,MC-BajoPutumayo,12965.63,11311.65
2023-05-11,17,PT1H,MC-BajoPutumayo,12884.48,10894.69
2023-05-11,18,PT1H,MC-BajoPutumayo,12632.06,10953.53
2023-05-11,19,PT1H,MC-BajoPutumayo,13683.88,13292.46
2023-05-11,20,PT1H,MC-BajoPutumayo,13834.99,14277.2
2023-05-11,21,PT1H,MC-BajoPutumayo,13001.36,13473.88
2023-05-11,22,PT1H,MC-BajoPutumayo,11738.92,12045.27
2023-05-11,23,PT1H,MC-BajoPutumayo,10013.9,9953.23
2023-05-11,24,PT1H,MC-BajoPutumayo,8735.04,8600.44
2024-02-25,1,PT1H,MC-BajoPutumayo,10087.74,7837.95
2024-02-25,2,PT1H,MC-BajoPutumayo,9475.18,7338.66
2024-02-25,3,PT1H,MC-BajoPutumayo,8965.32,6878.3
2024-02-25,4,PT1H,MC-BajoPutumayo,8667.42,6883.95
2024-02-25,5,PT1H,MC-BajoPutumayo,8452.59,7087.12
2024-02-25,6,PT1H,MC-BajoPutumayo,8418.5,7580.23
2024-02-25,7,PT1H,MC-BajoPutumayo,8434.45,7960.52
2024-02-25,8,PT1H,MC-BajoPutumayo,9295.49,8933.12
2024-02-25,9,PT1H,MC-BajoPutumayo,10418.95,10338.53
2024-02-25,10,PT1H,MC-BajoPutumayo,11283.1,11258.02
2024-02-25,11,PT1H,MC-BajoPutumayo,12178.73,11810.74
2024-02-25,12,PT1H,MC-BajoPutumayo,12843.66,12378.35
2024-02-25,13,PT1H,MC-BajoPutumayo,13077.82,12099.53
2024-02-25,14,PT1H,MC-BajoPutumayo,12980.07,12016.15
2024-02-25,15,PT1H,MC-BajoPutumayo,12922.57,12347.81
2024-02-25,16,PT1H,MC-BajoPutumayo,12763.02,12287.96
2024-02-25,17,PT1H,MC-BajoPutumayo,12772.43,12133.74
2024-02-25,18,PT1H,MC-BajoPutumayo,12694.19,12024.94
2024-02-25,19,PT1H,MC-BajoPutumayo,13601.85,12495.34
2024-02-25,20,PT1H,MC-BajoPutumayo,14464.68,12937.21
2024-02-25,21,PT1H,MC-BajoPutumayo,14204.77,12217.01
2024-02-25,22,PT1H,MC-BajoPutumayo,13418.81,11126.64
2024-02-25,23,PT1H,MC-BajoPutumayo,11818.09,9238.14
2024-02-25,24,PT1H,MC-BajoPutumayo,10447.13,8036.3
2022-04-27,1,PT1H,MC-BajoPutumayo,7887.67,6736.98
2022-04-27,2,PT1H,MC-BajoPutumayo,7439.02,6270.11
2022-04-27,3,PT1H,MC-BajoPutumayo,7262.53,6043.55
2022-04-27,4,PT1H,MC-BajoPutumayo,7098.01,5851.65
2022-04-27,5,PT1H,MC-BajoPutumayo,7034.16,6152.47
2022-04-27,6,PT1H,MC-BajoPutumayo,7585.41,6627.74
2022-04-27,7,PT1H,MC-BajoPutumayo,8162.66,7244.12
2022-04-27,8,PT1H,MC-BajoPutumayo,8631.92,7788.71
2022-04-27,9,PT1H,MC-BajoPutumayo,8791.99,8895.51
2022-04-27,10,PT1H,MC-BajoPutumayo,10618.79,9299.82
2022-04-27,11,PT1H,MC-BajoPutumayo,10752.2,10258.19
2022-04-27,12,PT1H,MC-BajoPutumayo,11513.49,10585.81
2022-04-27,13,PT1H,MC-BajoPutumayo,11348.22,10415.35
2022-04-27,14,PT1H,MC-BajoPutumayo,11378.13,10647.19
2022-04-27,15,PT1H,MC-BajoPutumayo,12488.38,11485.81
2022-04-27,16,PT1H,MC-BajoPutumayo,13067.8,11757.38
2022-04-27,17,PT1H,MC-BajoPutumayo,12715.91,11749.99
2022-04-27,18,PT1H,MC-BajoPutumayo,12437.61,11523.57
2022-04-27,19,PT1H,MC-BajoPutumayo,13378.64,12493.7
2022-04-27,20,PT1H,MC-BajoPutumayo,13741.18,12818.67
2022-04-27,21,PT1H,MC-BajoPutumayo,13115.18,12111.3
2022-04-27,22,PT1H,MC-BajoPutumayo,11342.54,10798.57
2022-04-27,23,PT1H,MC-BajoPutumayo,6434.78,9207.48
2022-04-27,24,PT1H,MC-BajoPutumayo,7757.3,7681.53
2022-05-08,1,PT1H,MC-BajoPutumayo,7283.08,7328.7
2022-05-08,2,PT1H,MC-BajoPutumayo,6670.37,6939.61
2022-05-08,3,PT1H,MC-BajoPutumayo,6362.34,6618.86
2022-05-08,4,PT1H,MC-BajoPutumayo,6192.38,6377.86
2022-05-08,5,PT1H,MC-BajoPutumayo,6084.08,6478.29
2022-05-08,6,PT1H,MC-BajoPutumayo,6233.61,6780.67
2022-05-08,7,PT1H,MC-BajoPutumayo,6562.38,7059.82
2022-05-08,8,PT1H,MC-BajoPutumayo,7388.0,7436.76
2022-05-08,9,PT1H,MC-BajoPutumayo,8300.03,8366.38
2022-05-08,10,PT1H,MC-BajoPutumayo,9100.63,8878.86
2022-05-08,11,PT1H,MC-BajoPutumayo,9594.55,9419.94
2022-05-08,12,PT1H,MC-BajoPutumayo,9916.12,9701.48
2022-05-08,13,PT1H,MC-BajoPutumayo,9709.98,9500.79
2022-05-08,14,PT1H,MC-BajoPutumayo,9411.68,9612.36
2022-05-08,15,PT1H,MC-BajoPutumayo,9219.84,9723.08
2022-05-08,16,PT1H,MC-BajoPutumayo,9195.74,9606.29
2022-05-08,17,PT1H,MC-BajoPutumayo,9258.67,9157.25
2022-05-08,18,PT1H,MC-BajoPutumayo,9397.68,10357.16
2022-05-08,19,PT1H,MC-BajoPutumayo,10666.94,11322.54
2022-05-08,20,PT1H,MC-BajoPutumayo,11112.37,11613.2
2022-05-08,21,PT1H,MC-BajoPutumayo,10625.49,11118.84
2022-05-08,22,PT1H,MC-BajoPutumayo,9539.33,10281.75
2022-05-08,23,PT1H,MC-BajoPutumayo,8685.98,9041.9
2022-05-08,24,PT1H,MC-BajoPutumayo,7464.46,7908.15
2024-04-27,4,PT1H,MC-BajoPutumayo,7467.52,6944.56
2024-04-27,5,PT1H,MC-BajoPutumayo,7464.14,6900.7
2024-04-27,6,PT1H,MC-BajoPutumayo,7660.26,7067.02
2024-04-27,7,PT1H,MC-BajoPutumayo,8038.97,7335.97
2024-04-27,8,PT1H,MC-BajoPutumayo,9161.87,8261.34
2024-04-27,9,PT1H,MC-BajoPutumayo,10681.21,9534.19
2024-04-27,10,PT1H,MC-BajoPutumayo,11470.34,10595.54
2024-04-27,11,PT1H,MC-BajoPutumayo,12188.58,11431.2
2024-04-27,12,PT1H,MC-BajoPutumayo,12872.21,12105.06
2024-04-27,13,PT1H,MC-BajoPutumayo,12882.23,12098.42
2024-04-27,14,PT1H,MC-BajoPutumayo,12806.88,12033.24
2024-04-27,15,PT1H,MC-BajoPutumayo,13059.13,11891.79
2024-04-27,16,PT1H,MC-BajoPutumayo,13201.83,11444.63
2024-04-27,17,PT1H,MC-BajoPutumayo,13127.06,11413.13
2024-04-27,18,PT1H,MC-BajoPutumayo,12810.74,11347.18
2024-04-27,19,PT1H,MC-BajoPutumayo,14090.3,12125.5
2024-04-27,20,PT1H,MC-BajoPutumayo,14226.77,12623.84
2024-04-27,21,PT1H,MC-BajoPutumayo,13335.04,12287.43
2024-04-27,22,PT1H,MC-BajoPutumayo,12295.01,11526.59
2024-04-27,23,PT1H,MC-BajoPutumayo,11070.15,10352.69
2024-04-27,24,PT1H,MC-BajoPutumayo,9958.46,9372.27
2024-04-27,1,PT1H,MC-BajoPutumayo,8560.8,7944.05
2024-04-27,2,PT1H,MC-BajoPutumayo,8054.22,7492.65
2024-04-27,3,PT1H,MC-BajoPutumayo,7684.59,7141.52
2022-10-15,1,PT1H,MC-BajoPutumayo,8622.72,7195.74
2022-10-15,2,PT1H,MC-BajoPutumayo,7896.26,6756.74
2022-10-15,3,PT1H,MC-BajoPutumayo,7340.4,6453.19
2022-10-15,4,PT1H,MC-BajoPutumayo,6962.88,6298.16
2022-10-15,5,PT1H,MC-BajoPutumayo,7604.97,5752.44
2022-10-15,6,PT1H,MC-BajoPutumayo,7665.05,6000.89
2022-10-15,7,PT1H,MC-BajoPutumayo,7338.51,6880.0
2022-10-15,8,PT1H,MC-BajoPutumayo,8158.94,7644.44
2022-10-15,9,PT1H,MC-BajoPutumayo,9151.45,9402.67
2022-10-15,10,PT1H,MC-BajoPutumayo,9917.84,10061.12
2022-10-15,11,PT1H,MC-BajoPutumayo,10030.54,10998.45
2022-10-15,12,PT1H,MC-BajoPutumayo,10269.54,11610.0
2022-10-15,13,PT1H,MC-BajoPutumayo,9843.46,11657.78
2022-10-15,14,PT1H,MC-BajoPutumayo,9629.38,11657.78
2022-10-15,15,PT1H,MC-BajoPutumayo,10379.77,12431.78
2022-10-15,16,PT1H,MC-BajoPutumayo,10654.13,12116.45
2022-10-15,17,PT1H,MC-BajoPutumayo,10561.88,11944.45
2022-10-15,18,PT1H,MC-BajoPutumayo,10806.49,11829.78
2022-10-15,19,PT1H,MC-BajoPutumayo,12291.4,13454.22
2022-10-15,20,PT1H,MC-BajoPutumayo,12164.65,13377.78
2022-10-15,21,PT1H,MC-BajoPutumayo,11485.27,12565.56
2022-10-15,22,PT1H,MC-BajoPutumayo,10402.83,10845.56
2022-10-15,23,PT1H,MC-BajoPutumayo,9246.01,9536.45
2022-10-15,24,PT1H,MC-BajoPutumayo,8146.39,8693.28
2025-04-30,1,PT1H,MC-BajoPutumayo,8399.08,8095.2
2025-04-30,2,PT1H,MC-BajoPutumayo,7900.25,7633.1
2025-04-30,3,PT1H,MC-BajoPutumayo,7545.06,7368.2
2025-04-30,4,PT1H,MC-BajoPutumayo,7250.51,7219.9
2025-04-30,5,PT1H,MC-BajoPutumayo,7307.38,7246.7
2025-04-30,6,PT1H,MC-BajoPutumayo,7881.82,7741.2
2025-04-30,7,PT1H,MC-BajoPutumayo,8691.05,8294.9
2025-04-30,8,PT1H,MC-BajoPutumayo,9255.26,9172.1
2025-04-30,9,PT1H,MC-BajoPutumayo,10060.12,10137.3
2025-04-30,10,PT1H,MC-BajoPutumayo,10424.8,10875.8
2025-04-30,11,PT1H,MC-BajoPutumayo,10147.8,11518.1
2025-04-30,12,PT1H,MC-BajoPutumayo,11095.33,11818.1
2025-04-30,13,PT1H,MC-BajoPutumayo,10769.46,11612.8
2025-04-30,14,PT1H,MC-BajoPutumayo,10853.06,11341.7
2025-04-30,15,PT1H,MC-BajoPutumayo,11868.38,11576.2
2025-04-30,16,PT1H,MC-BajoPutumayo,12407.29,11708.9
2025-04-30,17,PT1H,MC-BajoPutumayo,12572.09,11860.9
2025-04-30,18,PT1H,MC-BajoPutumayo,12345.73,11855.5
2025-04-30,19,PT1H,MC-BajoPutumayo,13461.43,13037.0
2025-04-30,20,PT1H,MC-BajoPutumayo,13534.88,13407.5
2025-04-30,21,PT1H,MC-BajoPutumayo,12298.47,12593.6
2025-04-30,22,PT1H,MC-BajoPutumayo,11532.56,11318.1
2025-04-30,23,PT1H,MC-BajoPutumayo,10072.94,9728.7
2025-04-30,24,PT1H,MC-BajoPutumayo,8665.35,8408.6
2022-06-25,1,PT1H,MC-BajoPutumayo,6751.88,7334.72
2022-06-25,2,PT1H,MC-BajoPutumayo,6307.58,6833.2
2022-06-25,3,PT1H,MC-BajoPutumayo,5983.62,6834.01
2022-06-25,4,PT1H,MC-BajoPutumayo,5768.38,6556.25
2022-06-25,5,PT1H,MC-BajoPutumayo,5776.63,6437.98
2022-06-25,6,PT1H,MC-BajoPutumayo,6056.82,6591.07
2022-06-25,7,PT1H,MC-BajoPutumayo,6292.4,7149.96
2022-06-25,8,PT1H,MC-BajoPutumayo,7362.27,8054.37
2022-06-25,9,PT1H,MC-BajoPutumayo,8304.67,9280.07
2022-06-25,10,PT1H,MC-BajoPutumayo,8954.1,10166.24
2022-06-25,11,PT1H,MC-BajoPutumayo,9336.99,10934.74
2022-06-25,12,PT1H,MC-BajoPutumayo,9581.29,11181.5
2022-06-25,13,PT1H,MC-BajoPutumayo,9467.03,11004.95
2022-06-25,14,PT1H,MC-BajoPutumayo,9213.82,10952.11
2022-06-25,15,PT1H,MC-BajoPutumayo,9221.96,10786.03
2022-06-25,16,PT1H,MC-BajoPutumayo,9355.01,10824.33
2022-06-25,17,PT1H,MC-BajoPutumayo,9405.69,10501.2
2022-06-25,18,PT1H,MC-BajoPutumayo,9753.29,10717.82
2022-06-25,19,PT1H,MC-BajoPutumayo,10950.67,12050.33
2022-06-25,20,PT1H,MC-BajoPutumayo,11318.7,12291.35
2022-06-25,21,PT1H,MC-BajoPutumayo,10567.23,11650.86
2022-06-25,22,PT1H,MC-BajoPutumayo,9467.6,10436.26
2022-06-25,23,PT1H,MC-BajoPutumayo,8174.04,9069.14
2022-06-25,24,PT1H,MC-BajoPutumayo,7230.62,7999.05
2025-05-27,1,PT1H,MC-BajoPutumayo,7383.54,7613.5
2025-05-27,2,PT1H,MC-BajoPutumayo,6969.68,7210.0
2025-05-27,3,PT1H,MC-BajoPutumayo,6764.63,6996.6
2025-05-27,4,PT1H,MC-BajoPutumayo,6653.64,6872.4
2025-05-27,5,PT1H,MC-BajoPutumayo,6766.87,6947.2
2025-05-27,6,PT1H,MC-BajoPutumayo,7517.23,7573.9
2025-05-27,7,PT1H,MC-BajoPutumayo,8402.28,8421.7
2025-05-27,8,PT1H,MC-BajoPutumayo,8908.33,9069.3
2025-05-27,9,PT1H,MC-BajoPutumayo,9984.6,10045.5
2025-05-27,10,PT1H,MC-BajoPutumayo,10993.21,10737.7
2025-05-27,11,PT1H,MC-BajoPutumayo,12056.32,11397.0
2025-05-27,12,PT1H,MC-BajoPutumayo,12824.11,11883.7
2025-05-27,13,PT1H,MC-BajoPutumayo,12537.04,11751.9
2025-05-27,14,PT1H,MC-BajoPutumayo,12414.18,11906.2
2025-05-27,15,PT1H,MC-BajoPutumayo,12418.52,12982.1
2025-05-27,16,PT1H,MC-BajoPutumayo,11808.26,13180.9
2025-05-27,17,PT1H,MC-BajoPutumayo,12352.91,13146.1
2025-05-27,18,PT1H,MC-BajoPutumayo,12529.62,12936.9
2025-05-27,19,PT1H,MC-BajoPutumayo,13780.15,14303.3
2025-05-27,20,PT1H,MC-BajoPutumayo,14144.44,14624.1
2025-05-27,21,PT1H,MC-BajoPutumayo,13233.25,13579.7
2025-05-27,22,PT1H,MC-BajoPutumayo,11980.49,12214.9
2025-05-27,23,PT1H,MC-BajoPutumayo,10282.02,10397.1
2025-05-27,24,PT1H,MC-BajoPutumayo,8881.89,8926.2
2025-10-23,1,PT1H,MC-BajoPutumayo,17356.92,15026.9
2025-10-23,2,PT1H,MC-BajoPutumayo,16347.34,14357.5
2025-10-23,3,PT1H,MC-BajoPutumayo,15918.14,13836.2
2025-10-23,4,PT1H,MC-BajoPutumayo,15609.34,13596.4
2025-10-23,5,PT1H,MC-BajoPutumayo,15618.7,13737.2
2025-10-23,6,PT1H,MC-BajoPutumayo,16721.6,14907.0
2025-10-23,7,PT1H,MC-BajoPutumayo,18109.32,16174.3
2025-10-23,8,PT1H,MC-BajoPutumayo,19922.84,17877.5
2025-10-23,9,PT1H,MC-BajoPutumayo,21766.44,19419.5
2025-10-23,10,PT1H,MC-BajoPutumayo,23202.48,20659.9
2025-10-23,11,PT1H,MC-BajoPutumayo,24744.84,22161.0
2025-10-23,12,PT1H,MC-BajoPutumayo,26083.64,23375.4
2025-10-23,13,PT1H,MC-BajoPutumayo,26048.96,23899.1
2025-10-23,14,PT1H,MC-BajoPutumayo,27294.52,24584.8
2025-10-23,15,PT1H,MC-BajoPutumayo,29760.98,26202.0
2025-10-23,16,PT1H,MC-BajoPutumayo,30346.56,26066.0
2025-10-23,17,PT1H,MC-BajoPutumayo,29996.9,25618.5
2025-10-23,18,PT1H,MC-BajoPutumayo,30215.54,25808.4
2025-10-23,19,PT1H,MC-BajoPutumayo,33123.4,28508.8
2025-10-23,20,PT1H,MC-BajoPutumayo,32326.0,27751.1
2025-10-23,21,PT1H,MC-BajoPutumayo,29890.6,26318.0
2025-10-23,22,PT1H,MC-BajoPutumayo,27141.78,23647.4
2025-10-23,23,PT1H,MC-BajoPutumayo,23519.64,20175.3
2025-10-23,24,PT1H,MC-BajoPutumayo,20668.48,17583.5
2022-02-16,1,PT1H,MC-BajoPutumayo,7220.1,6834.24
2022-02-16,2,PT1H,MC-BajoPutumayo,6815.69,6622.52
2022-02-16,3,PT1H,MC-BajoPutumayo,6550.41,6279.31
2022-02-16,4,PT1H,MC-BajoPutumayo,6107.35,6112.02
2022-02-16,5,PT1H,MC-BajoPutumayo,2216.85,6194.23
2022-02-16,6,PT1H,MC-BajoPutumayo,7497.52,6542.19
2022-02-16,7,PT1H,MC-BajoPutumayo,7989.12,7092.96
2022-02-16,8,PT1H,MC-BajoPutumayo,8285.1,7908.39
2022-02-16,9,PT1H,MC-BajoPutumayo,9229.48,8816.54
2022-02-16,10,PT1H,MC-BajoPutumayo,10012.36,9547.9
2022-02-16,11,PT1H,MC-BajoPutumayo,9536.74,10570.95
2022-02-16,12,PT1H,MC-BajoPutumayo,11589.45,11048.2
2022-02-16,13,PT1H,MC-BajoPutumayo,11170.67,10643.15
2022-02-16,14,PT1H,MC-BajoPutumayo,11415.37,10886.47
2022-02-16,15,PT1H,MC-BajoPutumayo,11802.4,11430.5
2022-02-16,16,PT1H,MC-BajoPutumayo,11918.21,11164.61
2022-02-16,17,PT1H,MC-BajoPutumayo,11639.83,10943.23
2022-02-16,18,PT1H,MC-BajoPutumayo,11397.81,11348.66
2022-02-16,19,PT1H,MC-BajoPutumayo,12364.95,12304.78
2022-02-16,20,PT1H,MC-BajoPutumayo,12933.83,12591.07
2022-02-16,21,PT1H,MC-BajoPutumayo,12177.96,11798.66
2022-02-16,22,PT1H,MC-BajoPutumayo,11097.93,10790.6
2022-02-16,23,PT1H,MC-BajoPutumayo,9495.36,9487.17
2022-02-16,24,PT1H,MC-BajoPutumayo,7995.86,7928.67
2023-03-10,1,PT1H,MC-BajoPutumayo,6943.03,7235.04
2023-03-10,2,PT1H,MC-BajoPutumayo,6573.73,6806.96
2023-03-10,3,PT1H,MC-BajoPutumayo,6419.87,6580.41
2023-03-10,4,PT1H,MC-BajoPutumayo,6334.58,6415.84
2023-03-10,5,PT1H,MC-BajoPutumayo,6367.86,6373.46
2023-03-10,6,PT1H,MC-BajoPutumayo,7208.49,6848.44
2023-03-10,7,PT1H,MC-BajoPutumayo,8027.38,7348.66
2023-03-10,8,PT1H,MC-BajoPutumayo,8880.26,7989.54
2023-03-10,9,PT1H,MC-BajoPutumayo,9387.34,9034.39
2023-03-10,10,PT1H,MC-BajoPutumayo,10203.47,9784.61
2023-03-10,11,PT1H,MC-BajoPutumayo,11241.76,10467.65
2023-03-10,12,PT1H,MC-BajoPutumayo,12644.64,10534.38
2023-03-10,13,PT1H,MC-BajoPutumayo,12030.23,10469.45
2023-03-10,14,PT1H,MC-BajoPutumayo,12020.13,10540.46
2023-03-10,15,PT1H,MC-BajoPutumayo,12837.52,11038.2
2023-03-10,16,PT1H,MC-BajoPutumayo,12916.97,11358.76
2023-03-10,17,PT1H,MC-BajoPutumayo,12621.68,11496.72
2023-03-10,18,PT1H,MC-BajoPutumayo,12362.9,11236.13
2023-03-10,19,PT1H,MC-BajoPutumayo,13081.07,11798.34
2023-03-10,20,PT1H,MC-BajoPutumayo,13115.62,12417.58
2023-03-10,21,PT1H,MC-BajoPutumayo,11928.03,11709.29
2023-03-10,22,PT1H,MC-BajoPutumayo,10658.7,10656.56
2023-03-10,23,PT1H,MC-BajoPutumayo,9263.58,9230.51
2023-03-10,24,PT1H,MC-BajoPutumayo,7953.89,8051.76
2024-04-10,1,PT1H,MC-BajoPutumayo,8633.07,9517.48
2024-04-10,2,PT1H,MC-BajoPutumayo,8133.59,9000.13
2024-04-10,3,PT1H,MC-BajoPutumayo,7841.84,8696.29
2024-04-10,4,PT1H,MC-BajoPutumayo,7633.49,8516.5
2024-04-10,5,PT1H,MC-BajoPutumayo,7606.52,8499.51
2024-04-10,6,PT1H,MC-BajoPutumayo,8238.0,8880.46
2024-04-10,7,PT1H,MC-BajoPutumayo,8677.07,9229.48
2024-04-10,8,PT1H,MC-BajoPutumayo,9189.68,10124.32
2024-04-10,9,PT1H,MC-BajoPutumayo,10185.93,11217.47
2024-04-10,10,PT1H,MC-BajoPutumayo,11081.49,12141.24
2024-04-10,11,PT1H,MC-BajoPutumayo,11577.94,12714.79
2024-04-10,12,PT1H,MC-BajoPutumayo,12211.53,12938.98
2024-04-10,13,PT1H,MC-BajoPutumayo,12171.82,12877.66
2024-04-10,14,PT1H,MC-BajoPutumayo,12765.57,12447.33
2024-04-10,15,PT1H,MC-BajoPutumayo,13746.3,12903.23
2024-04-10,16,PT1H,MC-BajoPutumayo,13994.06,12908.84
2024-04-10,17,PT1H,MC-BajoPutumayo,13906.11,12897.87
2024-04-10,18,PT1H,MC-BajoPutumayo,13615.52,12916.87
2024-04-10,19,PT1H,MC-BajoPutumayo,14562.83,14331.46
2024-04-10,20,PT1H,MC-BajoPutumayo,14879.14,14796.02
2024-04-10,21,PT1H,MC-BajoPutumayo,14056.38,14042.89
2024-04-10,22,PT1H,MC-BajoPutumayo,12816.29,12747.78
2024-04-10,23,PT1H,MC-BajoPutumayo,10952.25,11085.07
2024-04-10,24,PT1H,MC-BajoPutumayo,9508.28,9820.43
2022-12-12,1,PT1H,MC-BajoPutumayo,7001.86,7570.84
2022-12-12,2,PT1H,MC-BajoPutumayo,6584.17,7105.7
2022-12-12,3,PT1H,MC-BajoPutumayo,6305.2,6675.27
2022-12-12,4,PT1H,MC-BajoPutumayo,6232.71,6747.52
2022-12-12,5,PT1H,MC-BajoPutumayo,6205.83,6776.58
2022-12-12,6,PT1H,MC-BajoPutumayo,6626.02,7585.76
2022-12-12,7,PT1H,MC-BajoPutumayo,6891.28,8665.43
2022-12-12,8,PT1H,MC-BajoPutumayo,7608.37,9723.77
2022-12-12,9,PT1H,MC-BajoPutumayo,9607.71,10723.99
2022-12-12,10,PT1H,MC-BajoPutumayo,10731.53,11527.25
2022-12-12,11,PT1H,MC-BajoPutumayo,11919.58,12156.7
2022-12-12,12,PT1H,MC-BajoPutumayo,12913.77,12953.79
2022-12-12,13,PT1H,MC-BajoPutumayo,12647.67,12718.52
2022-12-12,14,PT1H,MC-BajoPutumayo,12788.65,12222.27
2022-12-12,15,PT1H,MC-BajoPutumayo,13474.67,12206.58
2022-12-12,16,PT1H,MC-BajoPutumayo,13448.19,12430.54
2022-12-12,17,PT1H,MC-BajoPutumayo,13808.28,12066.45
2022-12-12,18,PT1H,MC-BajoPutumayo,13007.5,12269.06
2022-12-12,19,PT1H,MC-BajoPutumayo,14229.94,14129.63
2022-12-12,20,PT1H,MC-BajoPutumayo,14278.75,15023.41
2022-12-12,21,PT1H,MC-BajoPutumayo,13373.83,14219.89
2022-12-12,22,PT1H,MC-BajoPutumayo,12121.88,12528.25
2022-12-12,23,PT1H,MC-BajoPutumayo,10229.13,10443.46
2022-12-12,24,PT1H,MC-BajoPutumayo,8734.75,8652.83
2025-08-27,1,PT1H,MC-BajoPutumayo,7085.62,7427.4
2025-08-27,2,PT1H,MC-BajoPutumayo,6799.04,6983.7
2025-08-27,3,PT1H,MC-BajoPutumayo,6651.58,6749.1
2025-08-27,4,PT1H,MC-BajoPutumayo,6594.83,6639.4
2025-08-27,5,PT1H,MC-BajoPutumayo,6651.63,6693.1
2025-08-27,6,PT1H,MC-BajoPutumayo,7293.05,7364.8
2025-08-27,7,PT1H,MC-BajoPutumayo,8222.5,8129.0
2025-08-27,8,PT1H,MC-BajoPutumayo,8994.73,8477.8
2025-08-27,9,PT1H,MC-BajoPutumayo,9964.27,9478.0
2025-08-27,10,PT1H,MC-BajoPutumayo,10530.4,10538.1
2025-08-27,11,PT1H,MC-BajoPutumayo,10986.0,11359.8
2025-08-27,12,PT1H,MC-BajoPutumayo,11326.64,12023.9
2025-08-27,13,PT1H,MC-BajoPutumayo,11022.34,11779.2
2025-08-27,14,PT1H,MC-BajoPutumayo,11031.01,12073.8
2025-08-27,15,PT1H,MC-BajoPutumayo,11458.45,13094.1
2025-08-27,16,PT1H,MC-BajoPutumayo,11720.87,13346.8
2025-08-27,17,PT1H,MC-BajoPutumayo,11818.04,13329.7
2025-08-27,18,PT1H,MC-BajoPutumayo,12140.99,13000.0
2025-08-27,19,PT1H,MC-BajoPutumayo,13503.4,13665.5
2025-08-27,20,PT1H,MC-BajoPutumayo,13672.87,13898.2
2025-08-27,21,PT1H,MC-BajoPutumayo,12763.93,12966.2
2025-08-27,22,PT1H,MC-BajoPutumayo,11370.81,11556.4
2025-08-27,23,PT1H,MC-BajoPutumayo,9639.27,9869.4
2025-08-27,24,PT1H,MC-BajoPutumayo,8204.44,8574.1
2022-05-14,1,PT1H,MC-BajoPutumayo,7324.28,7349.64
2022-05-14,2,PT1H,MC-BajoPutumayo,6900.0,6943.37
2022-05-14,3,PT1H,MC-BajoPutumayo,6565.58,6565.47
2022-05-14,4,PT1H,MC-BajoPutumayo,6404.65,6327.54
2022-05-14,5,PT1H,MC-BajoPutumayo,6401.7,6268.06
2022-05-14,6,PT1H,MC-BajoPutumayo,6153.24,6459.44
2022-05-14,7,PT1H,MC-BajoPutumayo,7100.62,6745.39
2022-05-14,8,PT1H,MC-BajoPutumayo,8238.21,7618.14
2022-05-14,9,PT1H,MC-BajoPutumayo,9023.72,9226.9
2022-05-14,10,PT1H,MC-BajoPutumayo,9647.7,9788.01
2022-05-14,11,PT1H,MC-BajoPutumayo,9821.68,10419.19
2022-05-14,12,PT1H,MC-BajoPutumayo,10244.33,10874.88
2022-05-14,13,PT1H,MC-BajoPutumayo,10040.31,10756.75
2022-05-14,14,PT1H,MC-BajoPutumayo,9466.64,10643.04
2022-05-14,15,PT1H,MC-BajoPutumayo,10201.12,10530.27
2022-05-14,16,PT1H,MC-BajoPutumayo,9878.2,10512.18
2022-05-14,17,PT1H,MC-BajoPutumayo,10224.72,10465.34
2022-05-14,18,PT1H,MC-BajoPutumayo,10259.14,10740.79
2022-05-14,19,PT1H,MC-BajoPutumayo,11448.83,11796.31
2022-05-14,20,PT1H,MC-BajoPutumayo,11899.09,12032.18
2022-05-14,21,PT1H,MC-BajoPutumayo,10915.42,11402.85
2022-05-14,22,PT1H,MC-BajoPutumayo,10070.58,10535.78
2022-05-14,23,PT1H,MC-BajoPutumayo,8902.29,9377.82
2022-05-14,24,PT1H,MC-BajoPutumayo,7883.38,8275.56
2026-01-08,1,PT1H,MC-BajoPutumayo,8809.7,9418.5
2026-01-08,2,PT1H,MC-BajoPutumayo,8362.78,8886.2
2026-01-08,3,PT1H,MC-BajoPutumayo,8042.29,8489.1
2026-01-08,4,PT1H,MC-BajoPutumayo,7874.2,8245.9
2026-01-08,5,PT1H,MC-BajoPutumayo,7877.01,8190.8
2026-01-08,6,PT1H,MC-BajoPutumayo,7954.1,8163.1
2026-01-08,7,PT1H,MC-BajoPutumayo,8333.19,8686.8
2026-01-08,8,PT1H,MC-BajoPutumayo,9815.32,10130.1
2026-01-08,9,PT1H,MC-BajoPutumayo,11091.28,11903.6
2026-01-08,10,PT1H,MC-BajoPutumayo,12149.31,12709.8
2026-01-08,11,PT1H,MC-BajoPutumayo,12684.32,13924.4
2026-01-08,12,PT1H,MC-BajoPutumayo,13459.44,14971.1
2026-01-08,13,PT1H,MC-BajoPutumayo,13309.59,14946.9
2026-01-08,14,PT1H,MC-BajoPutumayo,13743.79,14905.2
2026-01-08,15,PT1H,MC-BajoPutumayo,14291.63,15167.8
2026-01-08,16,PT1H,MC-BajoPutumayo,14722.62,15258.3
2026-01-08,17,PT1H,MC-BajoPutumayo,14122.97,15311.6
2026-01-08,18,PT1H,MC-BajoPutumayo,15393.96,15664.2
2026-01-08,19,PT1H,MC-BajoPutumayo,15502.28,16791.4
2026-01-08,20,PT1H,MC-BajoPutumayo,15034.41,16409.1
2026-01-08,21,PT1H,MC-BajoPutumayo,14116.12,15161.4
2026-01-08,22,PT1H,MC-BajoPutumayo,12797.38,13992.1
2026-01-08,23,PT1H,MC-BajoPutumayo,11358.72,12693.0
2026-01-08,24,PT1H,MC-BajoPutumayo,10136.59,10233.7
2024-01-09,1,PT1H,MC-BajoPutumayo,8431.91,7999.64
2024-01-09,2,PT1H,MC-BajoPutumayo,7931.49,7487.57
2024-01-09,3,PT1H,MC-BajoPutumayo,7390.01,7127.95
2024-01-09,4,PT1H,MC-BajoPutumayo,7330.45,6823.79
2024-01-09,5,PT1H,MC-BajoPutumayo,7189.77,6953.11
2024-01-09,6,PT1H,MC-BajoPutumayo,7358.9,7258.55
2024-01-09,7,PT1H,MC-BajoPutumayo,7665.15,7354.82
2024-01-09,8,PT1H,MC-BajoPutumayo,8798.22,8520.54
2024-01-09,9,PT1H,MC-BajoPutumayo,10029.81,9969.75
2024-01-09,10,PT1H,MC-BajoPutumayo,10959.8,10612.33
2024-01-09,11,PT1H,MC-BajoPutumayo,11765.01,11282.53
2024-01-09,12,PT1H,MC-BajoPutumayo,12629.15,11856.58
2024-01-09,13,PT1H,MC-BajoPutumayo,12525.24,11642.74
2024-01-09,14,PT1H,MC-BajoPutumayo,12536.08,11859.91
2024-01-09,15,PT1H,MC-BajoPutumayo,13111.82,12569.37
2024-01-09,16,PT1H,MC-BajoPutumayo,13160.63,12538.71
2024-01-09,17,PT1H,MC-BajoPutumayo,13043.02,12601.09
2024-01-09,18,PT1H,MC-BajoPutumayo,12777.88,12316.91
2024-01-09,19,PT1H,MC-BajoPutumayo,13371.09,13568.32
2024-01-09,20,PT1H,MC-BajoPutumayo,13773.17,13936.9
2024-01-09,21,PT1H,MC-BajoPutumayo,12992.31,13278.48
2024-01-09,22,PT1H,MC-BajoPutumayo,12039.45,12042.27
2024-01-09,23,PT1H,MC-BajoPutumayo,10461.76,10493.69
2024-01-09,24,PT1H,MC-BajoPutumayo,9131.6,9082.76
2022-07-30,1,PT1H,MC-BajoPutumayo,7955.0,6661.06
2022-07-30,2,PT1H,MC-BajoPutumayo,7375.68,6449.95
2022-07-30,3,PT1H,MC-BajoPutumayo,6943.92,6178.24
2022-07-30,4,PT1H,MC-BajoPutumayo,6656.94,6133.05
2022-07-30,5,PT1H,MC-BajoPutumayo,6540.32,6362.27
2022-07-30,6,PT1H,MC-BajoPutumayo,6782.33,6465.83
2022-07-30,7,PT1H,MC-BajoPutumayo,7198.05,6936.18
2022-07-30,8,PT1H,MC-BajoPutumayo,8128.87,8112.77
2022-07-30,9,PT1H,MC-BajoPutumayo,9388.96,9104.55
2022-07-30,10,PT1H,MC-BajoPutumayo,10115.54,9932.42
2022-07-30,11,PT1H,MC-BajoPutumayo,10727.59,10786.79
2022-07-30,12,PT1H,MC-BajoPutumayo,11350.58,10796.66
2022-07-30,13,PT1H,MC-BajoPutumayo,11479.4,10643.93
2022-07-30,14,PT1H,MC-BajoPutumayo,11615.79,10428.05
2022-07-30,15,PT1H,MC-BajoPutumayo,11858.73,10590.42
2022-07-30,16,PT1H,MC-BajoPutumayo,11938.77,10832.26
2022-07-30,17,PT1H,MC-BajoPutumayo,11898.15,11280.34
2022-07-30,18,PT1H,MC-BajoPutumayo,11709.21,11640.46
2022-07-30,19,PT1H,MC-BajoPutumayo,12691.6,12795.46
2022-07-30,20,PT1H,MC-BajoPutumayo,13350.1,13075.42
2022-07-30,21,PT1H,MC-BajoPutumayo,12571.17,12250.23
2022-07-30,22,PT1H,MC-BajoPutumayo,11383.8,11189.85
2022-07-30,23,PT1H,MC-BajoPutumayo,10120.91,9925.07
2022-07-30,24,PT1H,MC-BajoPutumayo,8960.23,8824.05
2023-01-26,1,PT1H,MC-BajoPutumayo,7647.76,7964.89
2023-01-26,2,PT1H,MC-BajoPutumayo,7162.74,7500.56
2023-01-26,3,PT1H,MC-BajoPutumayo,6893.25,7214.9
2023-01-26,4,PT1H,MC-BajoPutumayo,6695.32,6961.07
2023-01-26,5,PT1H,MC-BajoPutumayo,6682.33,6886.3
2023-01-26,6,PT1H,MC-BajoPutumayo,7028.98,7000.08
2023-01-26,7,PT1H,MC-BajoPutumayo,7422.1,7135.1
2023-01-26,8,PT1H,MC-BajoPutumayo,8523.27,8045.51
2023-01-26,9,PT1H,MC-BajoPutumayo,10042.17,9174.5
2023-01-26,10,PT1H,MC-BajoPutumayo,11009.55,10103.29
2023-01-26,11,PT1H,MC-BajoPutumayo,11919.05,10830.17
2023-01-26,12,PT1H,MC-BajoPutumayo,12591.17,11239.18
2023-01-26,13,PT1H,MC-BajoPutumayo,12256.47,11032.45
2023-01-26,14,PT1H,MC-BajoPutumayo,12410.4,10795.91
2023-01-26,15,PT1H,MC-BajoPutumayo,13056.83,10721.03
2023-01-26,16,PT1H,MC-BajoPutumayo,13150.53,10625.61
2023-01-26,17,PT1H,MC-BajoPutumayo,13130.25,10426.66
2023-01-26,18,PT1H,MC-BajoPutumayo,12760.13,10197.05
2023-01-26,19,PT1H,MC-BajoPutumayo,13283.4,11126.44
2023-01-26,20,PT1H,MC-BajoPutumayo,13948.86,11675.75
2023-01-26,21,PT1H,MC-BajoPutumayo,13057.85,11179.25
2023-01-26,22,PT1H,MC-BajoPutumayo,11940.2,10262.96
2023-01-26,23,PT1H,MC-BajoPutumayo,10361.21,9173.56
2023-01-26,24,PT1H,MC-BajoPutumayo,8888.16,8353.17
2024-06-22,1,PT1H,MC-BajoPutumayo,7654.49,7226.8
2024-06-22,2,PT1H,MC-BajoPutumayo,7219.1,6717.5
2024-06-22,3,PT1H,MC-BajoPutumayo,6929.94,6618.9
2024-06-22,4,PT1H,MC-BajoPutumayo,6673.73,6243.0
2024-06-22,5,PT1H,MC-BajoPutumayo,6778.9,6528.3
2024-06-22,6,PT1H,MC-BajoPutumayo,7005.77,7334.6
2024-06-22,7,PT1H,MC-BajoPutumayo,7464.61,8400.9
2024-06-22,8,PT1H,MC-BajoPutumayo,8628.6,8919.2
2024-06-22,9,PT1H,MC-BajoPutumayo,9980.22,9647.8
2024-06-22,10,PT1H,MC-BajoPutumayo,10969.66,10395.9
2024-06-22,11,PT1H,MC-BajoPutumayo,11734.27,11121.1
2024-06-22,12,PT1H,MC-BajoPutumayo,12271.16,11574.0
2024-06-22,13,PT1H,MC-BajoPutumayo,12139.91,11201.6
2024-06-22,14,PT1H,MC-BajoPutumayo,12144.56,11384.6
2024-06-22,15,PT1H,MC-BajoPutumayo,12529.8,11766.2
2024-06-22,16,PT1H,MC-BajoPutumayo,12599.63,11751.6
2024-06-22,17,PT1H,MC-BajoPutumayo,12596.99,11797.9
2024-06-22,18,PT1H,MC-BajoPutumayo,12469.96,11633.8
2024-06-22,19,PT1H,MC-BajoPutumayo,13811.99,12969.4
2024-06-22,20,PT1H,MC-BajoPutumayo,13631.05,14035.4
2024-06-22,21,PT1H,MC-BajoPutumayo,12791.44,13429.1
2024-06-22,22,PT1H,MC-BajoPutumayo,11949.39,11999.8
2024-06-22,23,PT1H,MC-BajoPutumayo,10780.23,9683.3
2024-06-22,24,PT1H,MC-BajoPutumayo,9701.87,7844.3
2025-12-14,1,PT1H,MC-BajoPutumayo,8543.61,10492.5
2025-12-14,2,PT1H,MC-BajoPutumayo,8951.88,9813.5
2025-12-14,3,PT1H,MC-BajoPutumayo,9050.34,9178.9
2025-12-14,4,PT1H,MC-BajoPutumayo,8717.63,8984.8
2025-12-14,5,PT1H,MC-BajoPutumayo,8545.94,8825.6
2025-12-14,6,PT1H,MC-BajoPutumayo,8383.36,8774.5
2025-12-14,7,PT1H,MC-BajoPutumayo,8803.9,9392.9
2025-12-14,8,PT1H,MC-BajoPutumayo,9985.53,10117.8
2025-12-14,9,PT1H,MC-BajoPutumayo,11581.71,11408.4
2025-12-14,10,PT1H,MC-BajoPutumayo,12090.42,12375.7
2025-12-14,11,PT1H,MC-BajoPutumayo,13695.65,13407.8
2025-12-14,12,PT1H,MC-BajoPutumayo,14157.21,14093.7
2025-12-14,13,PT1H,MC-BajoPutumayo,14721.34,14343.6
2025-12-14,14,PT1H,MC-BajoPutumayo,14165.59,14426.4
2025-12-14,15,PT1H,MC-BajoPutumayo,14387.58,14432.0
2025-12-14,16,PT1H,MC-BajoPutumayo,14182.0,14424.4
2025-12-14,17,PT1H,MC-BajoPutumayo,14154.41,14040.2
2025-12-14,18,PT1H,MC-BajoPutumayo,14297.6,14566.1
2025-12-14,19,PT1H,MC-BajoPutumayo,15997.37,16290.1
2025-12-14,20,PT1H,MC-BajoPutumayo,16185.65,15959.6
2025-12-14,21,PT1H,MC-BajoPutumayo,15448.71,15323.4
2025-12-14,22,PT1H,MC-BajoPutumayo,14094.78,13932.4
2025-12-14,23,PT1H,MC-BajoPutumayo,12896.22,12553.9
2025-12-14,24,PT1H,MC-BajoPutumayo,10547.75,11056.0
2025-11-04,1,PT1H,MC-BajoPutumayo,7791.21,7372.5
2025-11-04,2,PT1H,MC-BajoPutumayo,7367.14,6963.8
2025-11-04,3,PT1H,MC-BajoPutumayo,7253.76,6718.8
2025-11-04,4,PT1H,MC-BajoPutumayo,7179.66,6592.5
2025-11-04,5,PT1H,MC-BajoPutumayo,7313.35,6659.3
2025-11-04,6,PT1H,MC-BajoPutumayo,7993.3,7257.3
2025-11-04,7,PT1H,MC-BajoPutumayo,8758.11,7904.0
2025-11-04,8,PT1H,MC-BajoPutumayo,9641.66,8788.3
2025-11-04,9,PT1H,MC-BajoPutumayo,11074.72,9851.4
2025-11-04,10,PT1H,MC-BajoPutumayo,12109.45,10584.5
2025-11-04,11,PT1H,MC-BajoPutumayo,13079.57,11366.6
2025-11-04,12,PT1H,MC-BajoPutumayo,13609.48,11914.1
2025-11-04,13,PT1H,MC-BajoPutumayo,13343.34,11636.4
2025-11-04,14,PT1H,MC-BajoPutumayo,13754.2,11845.9
2025-11-04,15,PT1H,MC-BajoPutumayo,14818.04,13082.1
2025-11-04,16,PT1H,MC-BajoPutumayo,15105.98,13134.3
2025-11-04,17,PT1H,MC-BajoPutumayo,15038.2,13111.9
2025-11-04,18,PT1H,MC-BajoPutumayo,15036.47,12966.5
2025-11-04,19,PT1H,MC-BajoPutumayo,16519.66,14564.4
2025-11-04,20,PT1H,MC-BajoPutumayo,15970.38,14237.5
2025-11-04,21,PT1H,MC-BajoPutumayo,14703.49,13328.4
2025-11-04,22,PT1H,MC-BajoPutumayo,13479.31,11860.3
2025-11-04,23,PT1H,MC-BajoPutumayo,11549.81,10423.8
2025-11-04,24,PT1H,MC-BajoPutumayo,10156.58,8995.3
2022-02-12,1,PT1H,MC-BajoPutumayo,6980.7,6981.6
2022-02-12,2,PT1H,MC-BajoPutumayo,6545.43,6647.16
2022-02-12,3,PT1H,MC-BajoPutumayo,5702.35,6537.13
2022-02-12,4,PT1H,MC-BajoPutumayo,5562.22,6041.41
2022-02-12,5,PT1H,MC-BajoPutumayo,5518.93,6143.57
2022-02-12,6,PT1H,MC-BajoPutumayo,5695.57,6488.39
2022-02-12,7,PT1H,MC-BajoPutumayo,6050.77,6700.77
2022-02-12,8,PT1H,MC-BajoPutumayo,6905.5,7309.8
2022-02-12,9,PT1H,MC-BajoPutumayo,8795.16,8448.2
2022-02-12,10,PT1H,MC-BajoPutumayo,9989.87,9297.0
2022-02-12,11,PT1H,MC-BajoPutumayo,10572.15,10060.22
2022-02-12,12,PT1H,MC-BajoPutumayo,10917.55,10690.48
2022-02-12,13,PT1H,MC-BajoPutumayo,9687.5,10876.51
2022-02-12,14,PT1H,MC-BajoPutumayo,7475.03,10646.08
2022-02-12,15,PT1H,MC-BajoPutumayo,10898.33,10695.39
2022-02-12,16,PT1H,MC-BajoPutumayo,11113.33,10823.53
2022-02-12,17,PT1H,MC-BajoPutumayo,10994.44,11064.75
2022-02-12,18,PT1H,MC-BajoPutumayo,11042.54,11026.57
2022-02-12,19,PT1H,MC-BajoPutumayo,12139.03,12323.24
2022-02-12,20,PT1H,MC-BajoPutumayo,12993.84,13381.03
2022-02-12,21,PT1H,MC-BajoPutumayo,12187.12,12500.16
2022-02-12,22,PT1H,MC-BajoPutumayo,11185.48,11530.4
2022-02-12,23,PT1H,MC-BajoPutumayo,9889.87,9940.0
2022-02-12,24,PT1H,MC-BajoPutumayo,8735.75,8301.12
2023-08-12,1,PT1H,MC-BajoPutumayo,7740.89,7676.77
2023-08-12,2,PT1H,MC-BajoPutumayo,7486.76,7128.4
2023-08-12,3,PT1H,MC-BajoPutumayo,7171.41,6825.09
2023-08-12,4,PT1H,MC-BajoPutumayo,6922.23,6709.72
2023-08-12,5,PT1H,MC-BajoPutumayo,6577.52,6650.15
2023-08-12,6,PT1H,MC-BajoPutumayo,7336.79,6859.28
2023-08-12,7,PT1H,MC-BajoPutumayo,7743.01,7184.49
2023-08-12,8,PT1H,MC-BajoPutumayo,8756.04,8280.57
2023-08-12,9,PT1H,MC-BajoPutumayo,10167.27,9643.61
2023-08-12,10,PT1H,MC-BajoPutumayo,11247.44,10554.58
2023-08-12,11,PT1H,MC-BajoPutumayo,11881.97,11147.89
2023-08-12,12,PT1H,MC-BajoPutumayo,12593.41,11687.24
2023-08-12,13,PT1H,MC-BajoPutumayo,12470.47,11575.58
2023-08-12,14,PT1H,MC-BajoPutumayo,12511.59,11498.26
2023-08-12,15,PT1H,MC-BajoPutumayo,12691.93,11600.3
2023-08-12,16,PT1H,MC-BajoPutumayo,12807.26,11822.63
2023-08-12,17,PT1H,MC-BajoPutumayo,12816.7,11807.04
2023-08-12,18,PT1H,MC-BajoPutumayo,12653.38,11819.03
2023-08-12,19,PT1H,MC-BajoPutumayo,13717.24,12840.85
2023-08-12,20,PT1H,MC-BajoPutumayo,14199.5,13409.16
2023-08-12,21,PT1H,MC-BajoPutumayo,13402.35,12586.62
2023-08-12,22,PT1H,MC-BajoPutumayo,12058.84,11539.58
2023-08-12,23,PT1H,MC-BajoPutumayo,10301.78,10323.32
2023-08-12,24,PT1H,MC-BajoPutumayo,9102.61,9063.57
2022-10-18,1,PT1H,MC-BajoPutumayo,7662.41,7510.77
2022-10-18,2,PT1H,MC-BajoPutumayo,7259.75,7043.91
2022-10-18,3,PT1H,MC-BajoPutumayo,6972.86,6771.62
2022-10-18,4,PT1H,MC-BajoPutumayo,6127.62,6646.4
2022-10-18,5,PT1H,MC-BajoPutumayo,7199.53,6907.72
2022-10-18,6,PT1H,MC-BajoPutumayo,7547.48,7820.59
2022-10-18,7,PT1H,MC-BajoPutumayo,8023.24,8805.43
2022-10-18,8,PT1H,MC-BajoPutumayo,8360.09,9386.09
2022-10-18,9,PT1H,MC-BajoPutumayo,9597.92,9954.85
2022-10-18,10,PT1H,MC-BajoPutumayo,11517.3,10611.39
2022-10-18,11,PT1H,MC-BajoPutumayo,11861.75,11279.81
2022-10-18,12,PT1H,MC-BajoPutumayo,12370.87,12027.24
2022-10-18,13,PT1H,MC-BajoPutumayo,12550.16,11654.51
2022-10-18,14,PT1H,MC-BajoPutumayo,12376.69,11664.83
2022-10-18,15,PT1H,MC-BajoPutumayo,11529.92,12551.8
2022-10-18,16,PT1H,MC-BajoPutumayo,12101.55,12857.89
2022-10-18,17,PT1H,MC-BajoPutumayo,11858.66,12877.71
2022-10-18,18,PT1H,MC-BajoPutumayo,12480.19,12880.86
2022-10-18,19,PT1H,MC-BajoPutumayo,13931.78,14675.5
2022-10-18,20,PT1H,MC-BajoPutumayo,12166.52,15275.6
2022-10-18,21,PT1H,MC-BajoPutumayo,12331.18,14319.72
2022-10-18,22,PT1H,MC-BajoPutumayo,11244.75,12668.0
2022-10-18,23,PT1H,MC-BajoPutumayo,9393.56,10454.73
2022-10-18,24,PT1H,MC-BajoPutumayo,8102.81,8740.38
2022-03-31,1,PT1H,MC-BajoPutumayo,7143.88,6802.98
2022-03-31,2,PT1H,MC-BajoPutumayo,6717.03,6430.16
2022-03-31,3,PT1H,MC-BajoPutumayo,6521.82,6241.03
2022-03-31,4,PT1H,MC-BajoPutumayo,6389.46,6101.31
2022-03-31,5,PT1H,MC-BajoPutumayo,6363.82,6134.4
2022-03-31,6,PT1H,MC-BajoPutumayo,6637.22,6798.26
2022-03-31,7,PT1H,MC-BajoPutumayo,7602.37,7626.87
2022-03-31,8,PT1H,MC-BajoPutumayo,7895.34,8187.44
2022-03-31,9,PT1H,MC-BajoPutumayo,8572.26,8984.03
2022-03-31,10,PT1H,MC-BajoPutumayo,9132.96,9640.38
2022-03-31,11,PT1H,MC-BajoPutumayo,9592.24,10233.11
2022-03-31,12,PT1H,MC-BajoPutumayo,9850.49,10640.79
2022-03-31,13,PT1H,MC-BajoPutumayo,9536.52,10340.44
2022-03-31,14,PT1H,MC-BajoPutumayo,10086.31,10622.95
2022-03-31,15,PT1H,MC-BajoPutumayo,11010.05,11365.1
2022-03-31,16,PT1H,MC-BajoPutumayo,11413.95,11581.66
2022-03-31,17,PT1H,MC-BajoPutumayo,11312.41,11578.86
2022-03-31,18,PT1H,MC-BajoPutumayo,11300.17,11209.94
2022-03-31,19,PT1H,MC-BajoPutumayo,12316.53,11964.98
2022-03-31,20,PT1H,MC-BajoPutumayo,12756.36,12567.82
2022-03-31,21,PT1H,MC-BajoPutumayo,12054.9,11881.0
2022-03-31,22,PT1H,MC-BajoPutumayo,11008.0,10739.65
2022-03-31,23,PT1H,MC-BajoPutumayo,9462.58,9144.2
2022-03-31,24,PT1H,MC-BajoPutumayo,7871.38,7676.55
2025-08-13,1,PT1H,MC-BajoPutumayo,7662.15,7627.0
2025-08-13,2,PT1H,MC-BajoPutumayo,7220.63,7185.3
2025-08-13,3,PT1H,MC-BajoPutumayo,6972.99,6918.6
2025-08-13,4,PT1H,MC-BajoPutumayo,6903.67,6786.1
2025-08-13,5,PT1H,MC-BajoPutumayo,6995.13,6815.2
2025-08-13,6,PT1H,MC-BajoPutumayo,7758.42,7458.8
2025-08-13,7,PT1H,MC-BajoPutumayo,8537.33,8281.6
2025-08-13,8,PT1H,MC-BajoPutumayo,8291.77,8976.8
2025-08-13,9,PT1H,MC-BajoPutumayo,9326.87,9810.1
2025-08-13,10,PT1H,MC-BajoPutumayo,10944.53,10932.6
2025-08-13,11,PT1H,MC-BajoPutumayo,12096.59,11674.7
2025-08-13,12,PT1H,MC-BajoPutumayo,12817.09,12304.1
2025-08-13,13,PT1H,MC-BajoPutumayo,12508.31,11897.1
2025-08-13,14,PT1H,MC-BajoPutumayo,12878.98,11895.1
2025-08-13,15,PT1H,MC-BajoPutumayo,14003.65,12502.4
2025-08-13,16,PT1H,MC-BajoPutumayo,14131.52,12731.1
2025-08-13,17,PT1H,MC-BajoPutumayo,14182.71,12671.9
2025-08-13,18,PT1H,MC-BajoPutumayo,13880.72,12626.3
2025-08-13,19,PT1H,MC-BajoPutumayo,14351.22,13531.5
2025-08-13,20,PT1H,MC-BajoPutumayo,14080.72,14044.6
2025-08-13,21,PT1H,MC-BajoPutumayo,12774.4,13226.8
2025-08-13,22,PT1H,MC-BajoPutumayo,11247.8,11883.8
2025-08-13,23,PT1H,MC-BajoPutumayo,9441.84,10170.6
2025-08-13,24,PT1H,MC-BajoPutumayo,8233.5,8702.5
2025-03-11,1,PT1H,MC-BajoPutumayo,7872.2,7964.2
2025-03-11,2,PT1H,MC-BajoPutumayo,7501.89,7443.0
2025-03-11,3,PT1H,MC-BajoPutumayo,7183.44,7197.4
2025-03-11,4,PT1H,MC-BajoPutumayo,7022.56,7086.1
2025-03-11,5,PT1H,MC-BajoPutumayo,7108.52,7247.0
2025-03-11,6,PT1H,MC-BajoPutumayo,7819.42,7842.8
2025-03-11,7,PT1H,MC-BajoPutumayo,8570.77,8542.3
2025-03-11,8,PT1H,MC-BajoPutumayo,9288.96,9176.9
2025-03-11,9,PT1H,MC-BajoPutumayo,10555.76,9938.4
2025-03-11,10,PT1H,MC-BajoPutumayo,11097.79,10695.7
2025-03-11,11,PT1H,MC-BajoPutumayo,11330.15,11185.2
2025-03-11,12,PT1H,MC-BajoPutumayo,11476.34,11637.7
2025-03-11,13,PT1H,MC-BajoPutumayo,11004.09,11486.8
2025-03-11,14,PT1H,MC-BajoPutumayo,10729.93,12008.5
2025-03-11,15,PT1H,MC-BajoPutumayo,11063.87,13159.5
2025-03-11,16,PT1H,MC-BajoPutumayo,11368.24,13429.1
2025-03-11,17,PT1H,MC-BajoPutumayo,11423.23,13270.7
2025-03-11,18,PT1H,MC-BajoPutumayo,11522.62,12975.3
2025-03-11,19,PT1H,MC-BajoPutumayo,12910.11,13675.0
2025-03-11,20,PT1H,MC-BajoPutumayo,13255.97,14409.0
2025-03-11,21,PT1H,MC-BajoPutumayo,12496.56,13596.7
2025-03-11,22,PT1H,MC-BajoPutumayo,11348.94,12333.9
2025-03-11,23,PT1H,MC-BajoPutumayo,9603.03,10548.5
2025-03-11,24,PT1H,MC-BajoPutumayo,8325.38,9044.7
2024-04-30,1,PT1H,MC-BajoPutumayo,8420.09,8489.53
2024-04-30,2,PT1H,MC-BajoPutumayo,7913.53,8041.09
2024-04-30,3,PT1H,MC-BajoPutumayo,7539.79,7709.89
2024-04-30,4,PT1H,MC-BajoPutumayo,7336.46,7489.75
2024-04-30,5,PT1H,MC-BajoPutumayo,7373.17,7480.9
2024-04-30,6,PT1H,MC-BajoPutumayo,7770.91,7932.7
2024-04-30,7,PT1H,MC-BajoPutumayo,8422.04,8440.89
2024-04-30,8,PT1H,MC-BajoPutumayo,9164.99,9342.98
2024-04-30,9,PT1H,MC-BajoPutumayo,10033.51,10554.82
2024-04-30,10,PT1H,MC-BajoPutumayo,10659.31,11345.0
2024-04-30,11,PT1H,MC-BajoPutumayo,11135.34,12249.03
2024-04-30,12,PT1H,MC-BajoPutumayo,11438.65,12625.67
2024-04-30,13,PT1H,MC-BajoPutumayo,11317.8,12283.85
2024-04-30,14,PT1H,MC-BajoPutumayo,11962.74,12490.55
2024-04-30,15,PT1H,MC-BajoPutumayo,13095.0,13394.63
2024-04-30,16,PT1H,MC-BajoPutumayo,13208.05,13526.12
2024-04-30,17,PT1H,MC-BajoPutumayo,13030.15,13514.29
2024-04-30,18,PT1H,MC-BajoPutumayo,12925.61,13256.95
2024-04-30,19,PT1H,MC-BajoPutumayo,14142.53,14177.74
2024-04-30,20,PT1H,MC-BajoPutumayo,14335.82,14462.93
2024-04-30,21,PT1H,MC-BajoPutumayo,13539.33,13733.11
2024-04-30,22,PT1H,MC-BajoPutumayo,12588.19,12538.02
2024-04-30,23,PT1H,MC-BajoPutumayo,10818.83,10881.19
2024-04-30,24,PT1H,MC-BajoPutumayo,9468.33,9524.68
2022-01-31,1,PT1H,MC-BajoPutumayo,7829.89,7908.15
2022-01-31,2,PT1H,MC-BajoPutumayo,7307.96,7384.79
2022-01-31,3,PT1H,MC-BajoPutumayo,7047.15,7074.45
2022-01-31,4,PT1H,MC-BajoPutumayo,6953.82,6765.2
2022-01-31,5,PT1H,MC-BajoPutumayo,6896.11,7054.15
2022-01-31,6,PT1H,MC-BajoPutumayo,7126.46,7165.95
2022-01-31,7,PT1H,MC-BajoPutumayo,7425.16,7443.67
2022-01-31,8,PT1H,MC-BajoPutumayo,8223.99,8274.47
2022-01-31,9,PT1H,MC-BajoPutumayo,9057.34,9148.88
2022-01-31,10,PT1H,MC-BajoPutumayo,9737.27,10332.64
2022-01-31,11,PT1H,MC-BajoPutumayo,9672.11,10859.88
2022-01-31,12,PT1H,MC-BajoPutumayo,10016.68,11001.49
2022-01-31,13,PT1H,MC-BajoPutumayo,10292.77,11277.5
2022-01-31,14,PT1H,MC-BajoPutumayo,11526.14,11177.03
2022-01-31,15,PT1H,MC-BajoPutumayo,12101.54,11227.35
2022-01-31,16,PT1H,MC-BajoPutumayo,12467.2,11438.58
2022-01-31,17,PT1H,MC-BajoPutumayo,11337.94,11394.1
2022-01-31,18,PT1H,MC-BajoPutumayo,10883.53,11330.99
2022-01-31,19,PT1H,MC-BajoPutumayo,13572.88,11928.6
2022-01-31,20,PT1H,MC-BajoPutumayo,13932.35,12758.96
2022-01-31,21,PT1H,MC-BajoPutumayo,12445.66,12057.22
2022-01-31,22,PT1H,MC-BajoPutumayo,11316.06,11325.2
2022-01-31,23,PT1H,MC-BajoPutumayo,9753.64,10150.08
2022-01-31,24,PT1H,MC-BajoPutumayo,8330.85,8637.8
2022-06-03,1,PT1H,MC-BajoPutumayo,7194.1,5830.56
2022-06-03,2,PT1H,MC-BajoPutumayo,6694.74,5641.98
2022-06-03,3,PT1H,MC-BajoPutumayo,6464.77,5519.15
2022-06-03,4,PT1H,MC-BajoPutumayo,6296.59,5398.4
2022-06-03,5,PT1H,MC-BajoPutumayo,6266.55,5313.62
2022-06-03,6,PT1H,MC-BajoPutumayo,6826.22,6508.43
2022-06-03,7,PT1H,MC-BajoPutumayo,7321.33,7282.19
2022-06-03,8,PT1H,MC-BajoPutumayo,7913.62,7972.27
2022-06-03,9,PT1H,MC-BajoPutumayo,8777.39,8961.68
2022-06-03,10,PT1H,MC-BajoPutumayo,9084.94,9421.86
2022-06-03,11,PT1H,MC-BajoPutumayo,10051.54,9935.72
2022-06-03,12,PT1H,MC-BajoPutumayo,10123.97,10710.87
2022-06-03,13,PT1H,MC-BajoPutumayo,10627.95,10684.03
2022-06-03,14,PT1H,MC-BajoPutumayo,10466.3,11141.71
2022-06-03,15,PT1H,MC-BajoPutumayo,11033.74,11003.91
2022-06-03,16,PT1H,MC-BajoPutumayo,11197.27,11130.45
2022-06-03,17,PT1H,MC-BajoPutumayo,11235.39,11228.73
2022-06-03,18,PT1H,MC-BajoPutumayo,11309.7,11166.07
2022-06-03,19,PT1H,MC-BajoPutumayo,12393.38,12482.16
2022-06-03,20,PT1H,MC-BajoPutumayo,12376.11,12696.94
2022-06-03,21,PT1H,MC-BajoPutumayo,11371.38,12111.03
2022-06-03,22,PT1H,MC-BajoPutumayo,10103.74,11061.91
2022-06-03,23,PT1H,MC-BajoPutumayo,8695.8,9493.62
2022-06-03,24,PT1H,MC-BajoPutumayo,7432.43,7867.21
2023-06-19,1,PT1H,MC-BajoPutumayo,6873.78,7380.24
2023-06-19,2,PT1H,MC-BajoPutumayo,6475.02,6853.28
2023-06-19,3,PT1H,MC-BajoPutumayo,6119.26,6549.21
2023-06-19,4,PT1H,MC-BajoPutumayo,5910.43,6441.79
2023-06-19,5,PT1H,MC-BajoPutumayo,5829.06,6468.27
2023-06-19,6,PT1H,MC-BajoPutumayo,5983.78,6833.98
2023-06-19,7,PT1H,MC-BajoPutumayo,6244.84,7356.6
2023-06-19,8,PT1H,MC-BajoPutumayo,6561.76,8063.6
2023-06-19,9,PT1H,MC-BajoPutumayo,8562.0,9038.77
2023-06-19,10,PT1H,MC-BajoPutumayo,9549.12,10003.63
2023-06-19,11,PT1H,MC-BajoPutumayo,10363.13,10650.13
2023-06-19,12,PT1H,MC-BajoPutumayo,10914.56,11110.69
2023-06-19,13,PT1H,MC-BajoPutumayo,11136.28,10844.7
2023-06-19,14,PT1H,MC-BajoPutumayo,10968.85,10927.27
2023-06-19,15,PT1H,MC-BajoPutumayo,11066.03,11410.82
2023-06-19,16,PT1H,MC-BajoPutumayo,11024.01,11519.06
2023-06-19,17,PT1H,MC-BajoPutumayo,10796.18,11498.25
2023-06-19,18,PT1H,MC-BajoPutumayo,10649.63,11342.06
2023-06-19,19,PT1H,MC-BajoPutumayo,11749.09,12414.05
2023-06-19,20,PT1H,MC-BajoPutumayo,11263.11,12675.37
2023-06-19,21,PT1H,MC-BajoPutumayo,11769.92,12028.98
2023-06-19,22,PT1H,MC-BajoPutumayo,10704.25,10792.25
2023-06-19,23,PT1H,MC-BajoPutumayo,9159.4,9062.69
2023-06-19,24,PT1H,MC-BajoPutumayo,7859.77,7932.03
2023-03-28,1,PT1H,MC-BajoPutumayo,7129.8,7677.9
2023-03-28,2,PT1H,MC-BajoPutumayo,6724.94,7251.01
2023-03-28,3,PT1H,MC-BajoPutumayo,6486.11,6941.48
2023-03-28,4,PT1H,MC-BajoPutumayo,6383.32,6690.93
2023-03-28,5,PT1H,MC-BajoPutumayo,6427.46,6716.02
2023-03-28,6,PT1H,MC-BajoPutumayo,7321.14,7245.6
2023-03-28,7,PT1H,MC-BajoPutumayo,8219.62,8143.98
2023-03-28,8,PT1H,MC-BajoPutumayo,8920.81,8907.74
2023-03-28,9,PT1H,MC-BajoPutumayo,9647.0,9869.8
2023-03-28,10,PT1H,MC-BajoPutumayo,10147.42,10226.85
2023-03-28,11,PT1H,MC-BajoPutumayo,10155.19,10712.87
2023-03-28,12,PT1H,MC-BajoPutumayo,10174.37,11147.42
2023-03-28,13,PT1H,MC-BajoPutumayo,9677.74,10667.37
2023-03-28,14,PT1H,MC-BajoPutumayo,9621.53,10824.93
2023-03-28,15,PT1H,MC-BajoPutumayo,9981.8,11453.31
2023-03-28,16,PT1H,MC-BajoPutumayo,10122.14,11786.05
2023-03-28,17,PT1H,MC-BajoPutumayo,10314.55,11822.73
2023-03-28,18,PT1H,MC-BajoPutumayo,10284.95,11682.16
2023-03-28,19,PT1H,MC-BajoPutumayo,11560.79,12612.77
2023-03-28,20,PT1H,MC-BajoPutumayo,12041.32,12972.32
2023-03-28,21,PT1H,MC-BajoPutumayo,11059.23,12119.87
2023-03-28,22,PT1H,MC-BajoPutumayo,9720.74,10789.31
2023-03-28,23,PT1H,MC-BajoPutumayo,8206.84,9169.55
2023-03-28,24,PT1H,MC-BajoPutumayo,6972.82,7942.9
2025-02-04,1,PT1H,MC-BajoPutumayo,9234.22,8873.0
2025-02-04,2,PT1H,MC-BajoPutumayo,8687.13,8420.6
2025-02-04,3,PT1H,MC-BajoPutumayo,7405.93,7871.1
2025-02-04,4,PT1H,MC-BajoPutumayo,7385.64,7797.4
2025-02-04,5,PT1H,MC-BajoPutumayo,8218.87,7929.2
2025-02-04,6,PT1H,MC-BajoPutumayo,8792.48,8218.9
2025-02-04,7,PT1H,MC-BajoPutumayo,9203.47,8488.0
2025-02-04,8,PT1H,MC-BajoPutumayo,9791.67,9486.9
2025-02-04,9,PT1H,MC-BajoPutumayo,11320.14,10972.0
2025-02-04,10,PT1H,MC-BajoPutumayo,12173.88,11797.2
2025-02-04,11,PT1H,MC-BajoPutumayo,13287.95,12773.2
2025-02-04,12,PT1H,MC-BajoPutumayo,13743.96,13262.9
2025-02-04,13,PT1H,MC-BajoPutumayo,13262.23,12759.5
2025-02-04,14,PT1H,MC-BajoPutumayo,13606.51,13313.7
2025-02-04,15,PT1H,MC-BajoPutumayo,14747.45,13806.1
2025-02-04,16,PT1H,MC-BajoPutumayo,14847.08,14018.5
2025-02-04,17,PT1H,MC-BajoPutumayo,14437.58,13826.3
2025-02-04,18,PT1H,MC-BajoPutumayo,13864.93,13736.5
2025-02-04,19,PT1H,MC-BajoPutumayo,14387.23,14535.0
2025-02-04,20,PT1H,MC-BajoPutumayo,15132.85,14505.3
2025-02-04,21,PT1H,MC-BajoPutumayo,14323.07,13584.5
2025-02-04,22,PT1H,MC-BajoPutumayo,12994.24,12309.1
2025-02-04,23,PT1H,MC-BajoPutumayo,11248.92,10936.5
2025-02-04,24,PT1H,MC-BajoPutumayo,9874.17,9764.5
2025-03-15,1,PT1H,MC-BajoPutumayo,7530.64,8111.9
2025-03-15,2,PT1H,MC-BajoPutumayo,7120.13,7569.5
2025-03-15,3,PT1H,MC-BajoPutumayo,6849.75,7236.2
2025-03-15,4,PT1H,MC-BajoPutumayo,6667.34,7048.8
2025-03-15,5,PT1H,MC-BajoPutumayo,6602.45,6968.8
2025-03-15,6,PT1H,MC-BajoPutumayo,6785.54,7151.1
2025-03-15,7,PT1H,MC-BajoPutumayo,7225.29,7505.9
2025-03-15,8,PT1H,MC-BajoPutumayo,8354.57,8381.7
2025-03-15,9,PT1H,MC-BajoPutumayo,9517.03,9940.6
2025-03-15,10,PT1H,MC-BajoPutumayo,10303.73,10634.8
2025-03-15,11,PT1H,MC-BajoPutumayo,10796.37,11239.0
2025-03-15,12,PT1H,MC-BajoPutumayo,11042.0,11687.1
2025-03-15,13,PT1H,MC-BajoPutumayo,10609.78,11726.5
2025-03-15,14,PT1H,MC-BajoPutumayo,10405.36,11622.5
2025-03-15,15,PT1H,MC-BajoPutumayo,10471.12,11780.0
2025-03-15,16,PT1H,MC-BajoPutumayo,10555.37,11741.2
2025-03-15,17,PT1H,MC-BajoPutumayo,8473.32,11317.7
2025-03-15,18,PT1H,MC-BajoPutumayo,11412.44,11470.5
2025-03-15,19,PT1H,MC-BajoPutumayo,12785.88,12456.5
2025-03-15,20,PT1H,MC-BajoPutumayo,13029.44,13053.2
2025-03-15,21,PT1H,MC-BajoPutumayo,12192.13,12317.8
2025-03-15,22,PT1H,MC-BajoPutumayo,11184.4,11411.8
2025-03-15,23,PT1H,MC-BajoPutumayo,9765.32,10225.8
2025-03-15,24,PT1H,MC-BajoPutumayo,8633.31,9059.8
2025-04-23,12,PT1H,MC-BajoPutumayo,14419.98,12447.5
2025-04-23,13,PT1H,MC-BajoPutumayo,14155.19,12420.2
2025-04-23,14,PT1H,MC-BajoPutumayo,14579.83,12381.7
2025-04-23,15,PT1H,MC-BajoPutumayo,15529.61,12781.5
2025-04-23,16,PT1H,MC-BajoPutumayo,15611.73,12921.1
2025-04-23,17,PT1H,MC-BajoPutumayo,15439.6,13034.3
2025-04-23,18,PT1H,MC-BajoPutumayo,15135.38,12898.2
2025-04-23,19,PT1H,MC-BajoPutumayo,16028.25,13988.6
2025-04-23,20,PT1H,MC-BajoPutumayo,16425.2,14470.6
2025-04-23,21,PT1H,MC-BajoPutumayo,15899.0,13560.6
2025-04-23,22,PT1H,MC-BajoPutumayo,14812.98,12197.5
2025-04-23,23,PT1H,MC-BajoPutumayo,12753.96,10447.5
2025-04-23,24,PT1H,MC-BajoPutumayo,10743.4,8997.3
2025-04-23,1,PT1H,MC-BajoPutumayo,9356.59,8252.9
2025-04-23,2,PT1H,MC-BajoPutumayo,8714.63,7821.2
2025-04-23,3,PT1H,MC-BajoPutumayo,8384.27,7573.2
2025-04-23,4,PT1H,MC-BajoPutumayo,8165.63,7453.4
2025-04-23,5,PT1H,MC-BajoPutumayo,8129.97,7478.2
2025-04-23,6,PT1H,MC-BajoPutumayo,8661.52,5179.6
2025-04-23,7,PT1H,MC-BajoPutumayo,9131.31,8889.5
2025-04-23,8,PT1H,MC-BajoPutumayo,9908.16,9674.8
2025-04-23,9,PT1H,MC-BajoPutumayo,11514.52,10560.5
2025-04-23,10,PT1H,MC-BajoPutumayo,12818.42,11178.3
2025-04-23,11,PT1H,MC-BajoPutumayo,13838.24,11757.5
2022-11-13,1,PT1H,MC-BajoPutumayo,9015.88,8917.52
2022-11-13,2,PT1H,MC-BajoPutumayo,8447.26,8345.74
2022-11-13,3,PT1H,MC-BajoPutumayo,8010.66,7952.47
2022-11-13,4,PT1H,MC-BajoPutumayo,7733.56,7699.94
2022-11-13,5,PT1H,MC-BajoPutumayo,7449.94,7518.28
2022-11-13,6,PT1H,MC-BajoPutumayo,7393.69,7519.74
2022-11-13,7,PT1H,MC-BajoPutumayo,7785.6,7661.22
2022-11-13,8,PT1H,MC-BajoPutumayo,8826.57,8617.99
2022-11-13,9,PT1H,MC-BajoPutumayo,10181.99,9706.51
2022-11-13,10,PT1H,MC-BajoPutumayo,11446.07,10504.5
2022-11-13,11,PT1H,MC-BajoPutumayo,12069.26,11172.71
2022-11-13,12,PT1H,MC-BajoPutumayo,12421.18,11879.15
2022-11-13,13,PT1H,MC-BajoPutumayo,12596.68,11904.96
2022-11-13,14,PT1H,MC-BajoPutumayo,12410.92,11771.27
2022-11-13,15,PT1H,MC-BajoPutumayo,12336.71,11594.96
2022-11-13,16,PT1H,MC-BajoPutumayo,12070.77,11345.6
2022-11-13,17,PT1H,MC-BajoPutumayo,11861.69,11086.02
2022-11-13,18,PT1H,MC-BajoPutumayo,12083.58,11273.53
2022-11-13,19,PT1H,MC-BajoPutumayo,13253.0,12493.29
2022-11-13,20,PT1H,MC-BajoPutumayo,13172.2,12730.47
2022-11-13,21,PT1H,MC-BajoPutumayo,12460.98,12071.77
2022-11-13,22,PT1H,MC-BajoPutumayo,11452.27,11142.51
2022-11-13,23,PT1H,MC-BajoPutumayo,10338.13,9822.91
2022-11-13,24,PT1H,MC-BajoPutumayo,9213.78,8778.96
2022-11-22,1,PT1H,MC-BajoPutumayo,7910.73,7248.06
2022-11-22,2,PT1H,MC-BajoPutumayo,7508.84,6797.15
2022-11-22,3,PT1H,MC-BajoPutumayo,7273.7,6548.23
2022-11-22,4,PT1H,MC-BajoPutumayo,7122.81,6387.23
2022-11-22,5,PT1H,MC-BajoPutumayo,7182.41,6395.47
2022-11-22,6,PT1H,MC-BajoPutumayo,7692.82,6820.95
2022-11-22,7,PT1H,MC-BajoPutumayo,8568.73,7559.27
2022-11-22,8,PT1H,MC-BajoPutumayo,9489.57,8542.94
2022-11-22,9,PT1H,MC-BajoPutumayo,11084.24,9748.61
2022-11-22,10,PT1H,MC-BajoPutumayo,12313.5,10695.87
2022-11-22,11,PT1H,MC-BajoPutumayo,12972.61,11302.79
2022-11-22,12,PT1H,MC-BajoPutumayo,13818.35,11740.85
2022-11-22,13,PT1H,MC-BajoPutumayo,13320.6,11328.26
2022-11-22,14,PT1H,MC-BajoPutumayo,13368.37,11651.09
2022-11-22,15,PT1H,MC-BajoPutumayo,13576.35,12197.52
2022-11-22,16,PT1H,MC-BajoPutumayo,12695.81,12199.06
2022-11-22,17,PT1H,MC-BajoPutumayo,11355.25,12020.11
2022-11-22,18,PT1H,MC-BajoPutumayo,12558.16,12161.08
2022-11-22,19,PT1H,MC-BajoPutumayo,13482.12,13509.69
2022-11-22,20,PT1H,MC-BajoPutumayo,13381.29,13388.24
2022-11-22,21,PT1H,MC-BajoPutumayo,12444.94,12526.01
2022-11-22,22,PT1H,MC-BajoPutumayo,11313.33,11418.11
2022-11-22,23,PT1H,MC-BajoPutumayo,9804.7,9855.65
2022-11-22,24,PT1H,MC-BajoPutumayo,8529.78,8491.97
2026-02-21,1,PT1H,MC-BajoPutumayo,8322.91,8338.2
2026-02-21,2,PT1H,MC-BajoPutumayo,7871.5,7990.4
2026-02-21,3,PT1H,MC-BajoPutumayo,7512.5,7472.5
2026-02-21,4,PT1H,MC-BajoPutumayo,7385.04,7386.3
2026-02-21,5,PT1H,MC-BajoPutumayo,7625.17,7474.5
2026-02-21,6,PT1H,MC-BajoPutumayo,7708.15,7959.1
2026-02-21,7,PT1H,MC-BajoPutumayo,8358.14,8355.3
2026-02-21,8,PT1H,MC-BajoPutumayo,9895.75,9754.1
2026-02-21,9,PT1H,MC-BajoPutumayo,11089.47,10940.7
2026-02-21,10,PT1H,MC-BajoPutumayo,11580.55,11623.1
2026-02-21,11,PT1H,MC-BajoPutumayo,12759.67,12071.5
2026-02-21,12,PT1H,MC-BajoPutumayo,13061.38,12344.3
2026-02-21,13,PT1H,MC-BajoPutumayo,12762.71,12098.8
2026-02-21,14,PT1H,MC-BajoPutumayo,12331.47,12514.3
2026-02-21,15,PT1H,MC-BajoPutumayo,12649.64,13146.2
2026-02-21,16,PT1H,MC-BajoPutumayo,12316.55,13091.3
2026-02-21,17,PT1H,MC-BajoPutumayo,12239.86,13116.4
2026-02-21,18,PT1H,MC-BajoPutumayo,12505.66,13527.1
2026-02-21,19,PT1H,MC-BajoPutumayo,14423.57,14463.6
2026-02-21,20,PT1H,MC-BajoPutumayo,14105.84,14496.0
2026-02-21,21,PT1H,MC-BajoPutumayo,13189.78,13791.9
2026-02-21,22,PT1H,MC-BajoPutumayo,11968.56,11943.0
2026-02-21,23,PT1H,MC-BajoPutumayo,10493.07,10238.8
2026-02-21,24,PT1H,MC-BajoPutumayo,9441.36,9005.2
2026-01-25,1,PT1H,MC-BajoPutumayo,8653.76,9196.5
2026-01-25,2,PT1H,MC-BajoPutumayo,8149.0,8761.6
2026-01-25,3,PT1H,MC-BajoPutumayo,7798.46,8366.8
2026-01-25,4,PT1H,MC-BajoPutumayo,7567.04,8160.3
2026-01-25,5,PT1H,MC-BajoPutumayo,7431.46,8098.9
2026-01-25,6,PT1H,MC-BajoPutumayo,7488.07,8218.0
2026-01-25,7,PT1H,MC-BajoPutumayo,7799.87,8583.8
2026-01-25,8,PT1H,MC-BajoPutumayo,9442.52,9399.9
2026-01-25,9,PT1H,MC-BajoPutumayo,10203.26,10613.4
2026-01-25,10,PT1H,MC-BajoPutumayo,11329.49,11565.8
2026-01-25,11,PT1H,MC-BajoPutumayo,12205.03,12316.1
2026-01-25,12,PT1H,MC-BajoPutumayo,12720.75,12767.1
2026-01-25,13,PT1H,MC-BajoPutumayo,13171.86,12969.2
2026-01-25,14,PT1H,MC-BajoPutumayo,12804.88,12214.6
2026-01-25,15,PT1H,MC-BajoPutumayo,13505.93,13048.3
2026-01-25,16,PT1H,MC-BajoPutumayo,13153.32,12910.2
2026-01-25,17,PT1H,MC-BajoPutumayo,12769.17,13016.0
2026-01-25,18,PT1H,MC-BajoPutumayo,12235.78,12748.5
2026-01-25,19,PT1H,MC-BajoPutumayo,13474.98,14553.5
2026-01-25,20,PT1H,MC-BajoPutumayo,13398.07,14516.5
2026-01-25,21,PT1H,MC-BajoPutumayo,12773.96,13679.1
2026-01-25,22,PT1H,MC-BajoPutumayo,11751.27,12484.4
2026-01-25,23,PT1H,MC-BajoPutumayo,9979.28,11245.1
2026-01-25,24,PT1H,MC-BajoPutumayo,9026.23,10142.7
2025-11-17,1,PT1H,MC-BajoPutumayo,8601.31,7611.4
2025-11-17,2,PT1H,MC-BajoPutumayo,8113.54,7203.1
2025-11-17,3,PT1H,MC-BajoPutumayo,7744.31,6937.0
2025-11-17,4,PT1H,MC-BajoPutumayo,7574.08,6801.5
2025-11-17,5,PT1H,MC-BajoPutumayo,7490.61,6895.3
2025-11-17,6,PT1H,MC-BajoPutumayo,7707.84,7371.9
2025-11-17,7,PT1H,MC-BajoPutumayo,8747.21,7967.8
2025-11-17,8,PT1H,MC-BajoPutumayo,9347.8,8796.5
2025-11-17,9,PT1H,MC-BajoPutumayo,10546.63,9951.8
2025-11-17,10,PT1H,MC-BajoPutumayo,11263.64,10802.7
2025-11-17,11,PT1H,MC-BajoPutumayo,11835.97,11397.8
2025-11-17,12,PT1H,MC-BajoPutumayo,12489.63,11851.9
2025-11-17,13,PT1H,MC-BajoPutumayo,12645.68,11609.7
2025-11-17,14,PT1H,MC-BajoPutumayo,12844.62,11831.9
2025-11-17,15,PT1H,MC-BajoPutumayo,13112.9,12217.0
2025-11-17,16,PT1H,MC-BajoPutumayo,12934.4,12253.6
2025-11-17,17,PT1H,MC-BajoPutumayo,12755.9,12156.8
2025-11-17,18,PT1H,MC-BajoPutumayo,13127.77,12398.9
2025-11-17,19,PT1H,MC-BajoPutumayo,14236.01,13800.2
2025-11-17,20,PT1H,MC-BajoPutumayo,14525.4,13543.4
2025-11-17,21,PT1H,MC-BajoPutumayo,13742.5,12773.5
2025-11-17,22,PT1H,MC-BajoPutumayo,12268.73,11400.4
2025-11-17,23,PT1H,MC-BajoPutumayo,10545.51,9677.8
2025-11-17,24,PT1H,MC-BajoPutumayo,9280.57,8401.2
2026-01-07,1,PT1H,MC-BajoPutumayo,8369.76,9629.3
2026-01-07,2,PT1H,MC-BajoPutumayo,7962.04,9238.5
2026-01-07,3,PT1H,MC-BajoPutumayo,7621.45,8899.6
2026-01-07,4,PT1H,MC-BajoPutumayo,7482.44,8723.0
2026-01-07,5,PT1H,MC-BajoPutumayo,7449.82,8772.2
2026-01-07,6,PT1H,MC-BajoPutumayo,7502.68,9028.1
2026-01-07,7,PT1H,MC-BajoPutumayo,7707.47,9337.0
2026-01-07,8,PT1H,MC-BajoPutumayo,8735.39,10785.3
2026-01-07,9,PT1H,MC-BajoPutumayo,9965.42,12348.6
2026-01-07,10,PT1H,MC-BajoPutumayo,10542.98,13041.2
2026-01-07,11,PT1H,MC-BajoPutumayo,11519.25,13893.7
2026-01-07,12,PT1H,MC-BajoPutumayo,12369.96,14423.9
2026-01-07,13,PT1H,MC-BajoPutumayo,12587.54,14536.7
2026-01-07,14,PT1H,MC-BajoPutumayo,13031.57,14982.8
2026-01-07,15,PT1H,MC-BajoPutumayo,13401.69,15788.0
2026-01-07,16,PT1H,MC-BajoPutumayo,13352.23,15722.4
2026-01-07,17,PT1H,MC-BajoPutumayo,13196.29,15575.7
2026-01-07,18,PT1H,MC-BajoPutumayo,13078.81,15535.8
2026-01-07,19,PT1H,MC-BajoPutumayo,14688.11,16441.5
2026-01-07,20,PT1H,MC-BajoPutumayo,14581.73,15677.9
2026-01-07,21,PT1H,MC-BajoPutumayo,13710.56,14276.5
2026-01-07,22,PT1H,MC-BajoPutumayo,12359.7,12901.7
2026-01-07,23,PT1H,MC-BajoPutumayo,10919.79,11545.0
2026-01-07,24,PT1H,MC-BajoPutumayo,9738.01,10315.6
2024-09-18,1,PT1H,MC-BajoPutumayo,8373.41,7781.4
2024-09-18,2,PT1H,MC-BajoPutumayo,7934.94,7439.7
2024-09-18,3,PT1H,MC-BajoPutumayo,7596.12,7165.0
2024-09-18,4,PT1H,MC-BajoPutumayo,7444.57,7014.3
2024-09-18,5,PT1H,MC-BajoPutumayo,7605.25,7027.5
2024-09-18,6,PT1H,MC-BajoPutumayo,8158.84,7748.8
2024-09-18,7,PT1H,MC-BajoPutumayo,8687.79,8392.5
2024-09-18,8,PT1H,MC-BajoPutumayo,9720.59,9300.4
2024-09-18,9,PT1H,MC-BajoPutumayo,10978.19,9890.2
2024-09-18,10,PT1H,MC-BajoPutumayo,12262.42,10595.6
2024-09-18,11,PT1H,MC-BajoPutumayo,12690.49,11312.4
2024-09-18,12,PT1H,MC-BajoPutumayo,13125.96,11644.7
2024-09-18,13,PT1H,MC-BajoPutumayo,12957.79,11610.3
2024-09-18,14,PT1H,MC-BajoPutumayo,13635.01,12285.6
2024-09-18,15,PT1H,MC-BajoPutumayo,14764.82,12952.7
2024-09-18,16,PT1H,MC-BajoPutumayo,14837.19,12779.4
2024-09-18,17,PT1H,MC-BajoPutumayo,14546.49,12821.5
2024-09-18,18,PT1H,MC-BajoPutumayo,14474.48,13314.8
2024-09-18,19,PT1H,MC-BajoPutumayo,16010.0,14994.9
2024-09-18,20,PT1H,MC-BajoPutumayo,15412.38,14908.6
2024-09-18,21,PT1H,MC-BajoPutumayo,14542.1,13968.0
2024-09-18,22,PT1H,MC-BajoPutumayo,12891.91,12528.8
2024-09-18,23,PT1H,MC-BajoPutumayo,11016.88,10773.1
2024-09-18,24,PT1H,MC-BajoPutumayo,9784.53,9230.7
2024-09-26,1,PT1H,MC-BajoPutumayo,8838.87,8596.7
2024-09-26,2,PT1H,MC-BajoPutumayo,8137.62,8163.4
2024-09-26,3,PT1H,MC-BajoPutumayo,7916.29,7844.5
2024-09-26,4,PT1H,MC-BajoPutumayo,7708.6,7660.8
2024-09-26,5,PT1H,MC-BajoPutumayo,7892.94,7482.9
2024-09-26,6,PT1H,MC-BajoPutumayo,8306.27,7559.7
2024-09-26,7,PT1H,MC-BajoPutumayo,9041.81,7958.5
2024-09-26,8,PT1H,MC-BajoPutumayo,9256.77,9012.2
2024-09-26,9,PT1H,MC-BajoPutumayo,11181.99,10132.3
2024-09-26,10,PT1H,MC-BajoPutumayo,12731.32,10863.7
2024-09-26,11,PT1H,MC-BajoPutumayo,13509.31,11426.2
2024-09-26,12,PT1H,MC-BajoPutumayo,13882.67,11857.5
2024-09-26,13,PT1H,MC-BajoPutumayo,13798.84,11967.2
2024-09-26,14,PT1H,MC-BajoPutumayo,14566.82,11832.9
2024-09-26,15,PT1H,MC-BajoPutumayo,15054.43,11808.0
2024-09-26,16,PT1H,MC-BajoPutumayo,15254.0,11702.3
2024-09-26,17,PT1H,MC-BajoPutumayo,14580.22,11386.9
2024-09-26,18,PT1H,MC-BajoPutumayo,14888.28,11493.1
2024-09-26,19,PT1H,MC-BajoPutumayo,16287.5,13749.0
2024-09-26,20,PT1H,MC-BajoPutumayo,15792.56,13974.9
2024-09-26,21,PT1H,MC-BajoPutumayo,14952.0,13568.2
2024-09-26,22,PT1H,MC-BajoPutumayo,13195.06,12404.4
2024-09-26,23,PT1H,MC-BajoPutumayo,11388.65,10560.0
2024-09-26,24,PT1H,MC-BajoPutumayo,10151.02,9176.9
2024-08-07,1,PT1H,MC-BajoPutumayo,7523.2,6976.1
2024-08-07,2,PT1H,MC-BajoPutumayo,7169.27,6689.5
2024-08-07,3,PT1H,MC-BajoPutumayo,6926.6,6474.6
2024-08-07,4,PT1H,MC-BajoPutumayo,6806.69,6351.5
2024-08-07,5,PT1H,MC-BajoPutumayo,6842.98,6415.6
2024-08-07,6,PT1H,MC-BajoPutumayo,7100.8,7036.3
2024-08-07,7,PT1H,MC-BajoPutumayo,7572.22,7761.9
2024-08-07,8,PT1H,MC-BajoPutumayo,8518.11,8820.6
2024-08-07,9,PT1H,MC-BajoPutumayo,9916.23,9627.0
2024-08-07,10,PT1H,MC-BajoPutumayo,11272.09,10417.1
2024-08-07,11,PT1H,MC-BajoPutumayo,11807.56,11128.6
2024-08-07,12,PT1H,MC-BajoPutumayo,12461.72,11741.4
2024-08-07,13,PT1H,MC-BajoPutumayo,12428.89,11339.5
2024-08-07,14,PT1H,MC-BajoPutumayo,12375.24,11677.7
2024-08-07,15,PT1H,MC-BajoPutumayo,12535.21,12478.4
2024-08-07,16,PT1H,MC-BajoPutumayo,12448.26,12496.9
2024-08-07,17,PT1H,MC-BajoPutumayo,12397.73,12458.7
2024-08-07,18,PT1H,MC-BajoPutumayo,12306.54,12238.3
2024-08-07,19,PT1H,MC-BajoPutumayo,13733.64,13565.6
2024-08-07,20,PT1H,MC-BajoPutumayo,13981.2,13375.0
2024-08-07,21,PT1H,MC-BajoPutumayo,13307.38,12447.6
2024-08-07,22,PT1H,MC-BajoPutumayo,11991.46,11103.1
2024-08-07,23,PT1H,MC-BajoPutumayo,10305.43,9445.2
2024-08-07,24,PT1H,MC-BajoPutumayo,8937.5,8167.6
2025-07-06,1,PT1H,MC-BajoPutumayo,8079.57,7956.8
2025-07-06,2,PT1H,MC-BajoPutumayo,7535.15,7460.4
2025-07-06,3,PT1H,MC-BajoPutumayo,7170.53,6890.5
2025-07-06,4,PT1H,MC-BajoPutumayo,6863.73,6729.3
2025-07-06,5,PT1H,MC-BajoPutumayo,6659.66,6610.4
2025-07-06,6,PT1H,MC-BajoPutumayo,6698.15,6736.8
2025-07-06,7,PT1H,MC-BajoPutumayo,6851.89,7067.9
2025-07-06,8,PT1H,MC-BajoPutumayo,7699.66,7998.6
2025-07-06,9,PT1H,MC-BajoPutumayo,9013.26,9410.3
2025-07-06,10,PT1H,MC-BajoPutumayo,10247.21,10310.0
2025-07-06,11,PT1H,MC-BajoPutumayo,10591.38,10937.5
2025-07-06,12,PT1H,MC-BajoPutumayo,11586.3,11530.7
2025-07-06,13,PT1H,MC-BajoPutumayo,11571.64,11827.1
2025-07-06,14,PT1H,MC-BajoPutumayo,11622.84,11817.1
2025-07-06,15,PT1H,MC-BajoPutumayo,11707.9,11860.8
2025-07-06,16,PT1H,MC-BajoPutumayo,11736.96,11752.1
2025-07-06,17,PT1H,MC-BajoPutumayo,11574.6,11514.7
2025-07-06,18,PT1H,MC-BajoPutumayo,11597.53,11422.0
2025-07-06,19,PT1H,MC-BajoPutumayo,12906.52,12466.3
2025-07-06,20,PT1H,MC-BajoPutumayo,13425.96,13209.4
2025-07-06,21,PT1H,MC-BajoPutumayo,12834.12,12630.3
2025-07-06,22,PT1H,MC-BajoPutumayo,11755.25,11507.9
2025-07-06,23,PT1H,MC-BajoPutumayo,10272.31,10050.0
2025-07-06,24,PT1H,MC-BajoPutumayo,8890.51,8793.8
2025-02-16,1,PT1H,MC-BajoPutumayo,9181.67,9468.3
2025-02-16,2,PT1H,MC-BajoPutumayo,8607.13,8889.5
2025-02-16,3,PT1H,MC-BajoPutumayo,8175.66,8442.8
2025-02-16,4,PT1H,MC-BajoPutumayo,7931.13,8204.4
2025-02-16,5,PT1H,MC-BajoPutumayo,7755.81,8067.9
2025-02-16,6,PT1H,MC-BajoPutumayo,7836.62,8099.1
2025-02-16,7,PT1H,MC-BajoPutumayo,7969.56,8162.3
2025-02-16,8,PT1H,MC-BajoPutumayo,8781.05,9068.5
2025-02-16,9,PT1H,MC-BajoPutumayo,9853.31,10047.1
2025-02-16,10,PT1H,MC-BajoPutumayo,10658.99,10872.9
2025-02-16,11,PT1H,MC-BajoPutumayo,2781.26,11614.5
2025-02-16,12,PT1H,MC-BajoPutumayo,7189.0,12183.7
2025-02-16,13,PT1H,MC-BajoPutumayo,12520.51,12561.4
2025-02-16,14,PT1H,MC-BajoPutumayo,12452.38,12490.1
2025-02-16,15,PT1H,MC-BajoPutumayo,12590.25,12397.8
2025-02-16,16,PT1H,MC-BajoPutumayo,12699.03,12362.0
2025-02-16,17,PT1H,MC-BajoPutumayo,12768.21,12249.8
2025-02-16,18,PT1H,MC-BajoPutumayo,12498.56,12259.3
2025-02-16,19,PT1H,MC-BajoPutumayo,13113.47,13365.2
2025-02-16,20,PT1H,MC-BajoPutumayo,14105.95,14177.4
2025-02-16,21,PT1H,MC-BajoPutumayo,13689.94,13780.7
2025-02-16,22,PT1H,MC-BajoPutumayo,12939.11,12828.2
2025-02-16,23,PT1H,MC-BajoPutumayo,11544.67,11307.5
2025-02-16,24,PT1H,MC-BajoPutumayo,9984.73,10050.6
2022-08-13,1,PT1H,MC-BajoPutumayo,7452.12,7608.42
2022-08-13,2,PT1H,MC-BajoPutumayo,6857.72,7083.59
2022-08-13,3,PT1H,MC-BajoPutumayo,6572.63,6752.39
2022-08-13,4,PT1H,MC-BajoPutumayo,6359.72,6543.63
2022-08-13,5,PT1H,MC-BajoPutumayo,6269.88,6461.12
2022-08-13,6,PT1H,MC-BajoPutumayo,6568.74,6756.31
2022-08-13,7,PT1H,MC-BajoPutumayo,6939.45,7172.38
2022-08-13,8,PT1H,MC-BajoPutumayo,8046.56,8243.14
2022-08-13,9,PT1H,MC-BajoPutumayo,9717.58,9478.09
2022-08-13,10,PT1H,MC-BajoPutumayo,10887.85,10282.86
2022-08-13,11,PT1H,MC-BajoPutumayo,11632.21,10983.42
2022-08-13,12,PT1H,MC-BajoPutumayo,12123.3,11610.37
2022-08-13,13,PT1H,MC-BajoPutumayo,12049.27,11498.81
2022-08-13,14,PT1H,MC-BajoPutumayo,11945.57,11504.22
2022-08-13,15,PT1H,MC-BajoPutumayo,12252.74,11602.54
2022-08-13,16,PT1H,MC-BajoPutumayo,12209.77,11446.58
2022-08-13,17,PT1H,MC-BajoPutumayo,12001.61,11552.07
2022-08-13,18,PT1H,MC-BajoPutumayo,11876.97,11472.16
2022-08-13,19,PT1H,MC-BajoPutumayo,12847.3,12457.59
2022-08-13,20,PT1H,MC-BajoPutumayo,13373.04,13046.13
2022-08-13,21,PT1H,MC-BajoPutumayo,12571.49,12250.98
2022-08-13,22,PT1H,MC-BajoPutumayo,11563.52,11149.36
2022-08-13,23,PT1H,MC-BajoPutumayo,10299.9,9858.61
2022-08-13,24,PT1H,MC-BajoPutumayo,9179.53,8709.37
2022-11-09,1,PT1H,MC-BajoPutumayo,7783.15,8102.57
2022-11-09,2,PT1H,MC-BajoPutumayo,6674.72,7656.96
2022-11-09,3,PT1H,MC-BajoPutumayo,6626.0,7344.21
2022-11-09,4,PT1H,MC-BajoPutumayo,6414.74,7228.08
2022-11-09,5,PT1H,MC-BajoPutumayo,6365.59,7420.54
2022-11-09,6,PT1H,MC-BajoPutumayo,6899.67,7745.46
2022-11-09,7,PT1H,MC-BajoPutumayo,7919.58,8767.17
2022-11-09,8,PT1H,MC-BajoPutumayo,8782.29,9948.73
2022-11-09,9,PT1H,MC-BajoPutumayo,10435.89,11021.08
2022-11-09,10,PT1H,MC-BajoPutumayo,11302.53,11875.07
2022-11-09,11,PT1H,MC-BajoPutumayo,12412.26,12160.77
2022-11-09,12,PT1H,MC-BajoPutumayo,12805.41,12799.8
2022-11-09,13,PT1H,MC-BajoPutumayo,12661.92,12404.95
2022-11-09,14,PT1H,MC-BajoPutumayo,12883.3,12137.03
2022-11-09,15,PT1H,MC-BajoPutumayo,13574.18,12018.32
2022-11-09,16,PT1H,MC-BajoPutumayo,12934.29,12204.79
2022-11-09,17,PT1H,MC-BajoPutumayo,12692.61,12324.69
2022-11-09,18,PT1H,MC-BajoPutumayo,12508.97,12763.68
2022-11-09,19,PT1H,MC-BajoPutumayo,13000.31,14786.46
2022-11-09,20,PT1H,MC-BajoPutumayo,13193.04,15113.27
2022-11-09,21,PT1H,MC-BajoPutumayo,12316.69,13915.09
2022-11-09,22,PT1H,MC-BajoPutumayo,11060.04,12232.74
2022-11-09,23,PT1H,MC-BajoPutumayo,9643.07,10404.53
2022-11-09,24,PT1H,MC-BajoPutumayo,8539.66,9075.22
2022-12-02,1,PT1H,MC-BajoPutumayo,9033.69,7660.99
2022-12-02,2,PT1H,MC-BajoPutumayo,8176.35,7154.09
2022-12-02,3,PT1H,MC-BajoPutumayo,7879.8,6918.86
2022-12-02,4,PT1H,MC-BajoPutumayo,7172.5,6828.6
2022-12-02,5,PT1H,MC-BajoPutumayo,7056.76,6871.52
2022-12-02,6,PT1H,MC-BajoPutumayo,7808.45,7365.31
2022-12-02,7,PT1H,MC-BajoPutumayo,8308.79,8206.92
2022-12-02,8,PT1H,MC-BajoPutumayo,9361.48,9119.64
2022-12-02,9,PT1H,MC-BajoPutumayo,10863.67,10210.99
2022-12-02,10,PT1H,MC-BajoPutumayo,12417.81,11073.1
2022-12-02,11,PT1H,MC-BajoPutumayo,13261.3,11900.93
2022-12-02,12,PT1H,MC-BajoPutumayo,13815.69,12453.89
2022-12-02,13,PT1H,MC-BajoPutumayo,13448.14,12304.08
2022-12-02,14,PT1H,MC-BajoPutumayo,13573.12,12626.83
2022-12-02,15,PT1H,MC-BajoPutumayo,14164.92,13183.61
2022-12-02,16,PT1H,MC-BajoPutumayo,14081.35,13409.09
2022-12-02,17,PT1H,MC-BajoPutumayo,13908.84,13212.34
2022-12-02,18,PT1H,MC-BajoPutumayo,13244.5,13156.04
2022-12-02,19,PT1H,MC-BajoPutumayo,13275.71,14447.63
2022-12-02,20,PT1H,MC-BajoPutumayo,13316.77,14250.78
2022-12-02,21,PT1H,MC-BajoPutumayo,12066.45,13338.48
2022-12-02,22,PT1H,MC-BajoPutumayo,10758.33,12146.58
2022-12-02,23,PT1H,MC-BajoPutumayo,9596.89,10552.55
2022-12-02,24,PT1H,MC-BajoPutumayo,8494.59,9142.16
2024-05-07,1,PT1H,MC-BajoPutumayo,7381.81,8005.76
2024-05-07,2,PT1H,MC-BajoPutumayo,6891.55,7659.07
2024-05-07,3,PT1H,MC-BajoPutumayo,6490.89,7549.71
2024-05-07,4,PT1H,MC-BajoPutumayo,6273.06,7392.96
2024-05-07,5,PT1H,MC-BajoPutumayo,6320.31,7468.94
2024-05-07,6,PT1H,MC-BajoPutumayo,6776.13,8367.88
2024-05-07,7,PT1H,MC-BajoPutumayo,7495.24,9444.74
2024-05-07,8,PT1H,MC-BajoPutumayo,8419.22,9886.41
2024-05-07,9,PT1H,MC-BajoPutumayo,9777.36,10610.55
2024-05-07,10,PT1H,MC-BajoPutumayo,10420.2,11564.63
2024-05-07,11,PT1H,MC-BajoPutumayo,11380.82,12501.01
2024-05-07,12,PT1H,MC-BajoPutumayo,11539.01,12999.17
2024-05-07,13,PT1H,MC-BajoPutumayo,10730.42,12482.01
2024-05-07,14,PT1H,MC-BajoPutumayo,11589.21,12362.3
2024-05-07,15,PT1H,MC-BajoPutumayo,13401.73,12269.23
2024-05-07,16,PT1H,MC-BajoPutumayo,10869.06,11784.39
2024-05-07,17,PT1H,MC-BajoPutumayo,10560.22,12307.9
2024-05-07,18,PT1H,MC-BajoPutumayo,11776.19,12450.96
2024-05-07,19,PT1H,MC-BajoPutumayo,14464.47,14282.43
2024-05-07,20,PT1H,MC-BajoPutumayo,14038.43,14715.94
2024-05-07,21,PT1H,MC-BajoPutumayo,13340.53,13903.79
2024-05-07,22,PT1H,MC-BajoPutumayo,12438.51,12529.45
2024-05-07,23,PT1H,MC-BajoPutumayo,10640.14,10769.36
2024-05-07,24,PT1H,MC-BajoPutumayo,9368.13,8870.35
2022-08-16,1,PT1H,MC-BajoPutumayo,7390.89,6321.88
2022-08-16,2,PT1H,MC-BajoPutumayo,6981.4,6013.71
2022-08-16,3,PT1H,MC-BajoPutumayo,6630.19,5824.33
2022-08-16,4,PT1H,MC-BajoPutumayo,6440.83,5719.23
2022-08-16,5,PT1H,MC-BajoPutumayo,6438.98,5752.48
2022-08-16,6,PT1H,MC-BajoPutumayo,7023.41,6361.89
2022-08-16,7,PT1H,MC-BajoPutumayo,7664.23,7203.56
2022-08-16,8,PT1H,MC-BajoPutumayo,8439.49,7958.12
2022-08-16,9,PT1H,MC-BajoPutumayo,9789.21,8704.44
2022-08-16,10,PT1H,MC-BajoPutumayo,10860.94,9272.92
2022-08-16,11,PT1H,MC-BajoPutumayo,11714.69,9949.31
2022-08-16,12,PT1H,MC-BajoPutumayo,12398.68,10493.59
2022-08-16,13,PT1H,MC-BajoPutumayo,12070.31,10297.72
2022-08-16,14,PT1H,MC-BajoPutumayo,12310.96,10545.23
2022-08-16,15,PT1H,MC-BajoPutumayo,13018.4,11212.72
2022-08-16,16,PT1H,MC-BajoPutumayo,13177.59,11466.88
2022-08-16,17,PT1H,MC-BajoPutumayo,13116.28,11330.49
2022-08-16,18,PT1H,MC-BajoPutumayo,12910.64,11204.95
2022-08-16,19,PT1H,MC-BajoPutumayo,13803.19,12018.9
2022-08-16,20,PT1H,MC-BajoPutumayo,14424.68,12395.31
2022-08-16,21,PT1H,MC-BajoPutumayo,13570.74,11585.35
2022-08-16,22,PT1H,MC-BajoPutumayo,12256.01,10409.89
2022-08-16,23,PT1H,MC-BajoPutumayo,10424.67,8818.22
2022-08-16,24,PT1H,MC-BajoPutumayo,8809.42,7504.01
2022-01-15,1,PT1H,MC-BajoPutumayo,6592.67,7863.74
2022-01-15,2,PT1H,MC-BajoPutumayo,6206.76,7438.34
2022-01-15,3,PT1H,MC-BajoPutumayo,5900.81,6627.59
2022-01-15,4,PT1H,MC-BajoPutumayo,5797.06,6288.98
2022-01-15,5,PT1H,MC-BajoPutumayo,5893.92,6219.64
2022-01-15,6,PT1H,MC-BajoPutumayo,6222.77,6318.05
2022-01-15,7,PT1H,MC-BajoPutumayo,6426.58,6390.96
2022-01-15,8,PT1H,MC-BajoPutumayo,7013.15,7867.98
2022-01-15,9,PT1H,MC-BajoPutumayo,8108.57,8944.44
2022-01-15,10,PT1H,MC-BajoPutumayo,8924.46,9877.76
2022-01-15,11,PT1H,MC-BajoPutumayo,9657.38,10399.1
2022-01-15,12,PT1H,MC-BajoPutumayo,10262.7,10801.45
2022-01-15,13,PT1H,MC-BajoPutumayo,10440.38,10726.98
2022-01-15,14,PT1H,MC-BajoPutumayo,10220.54,10516.52
2022-01-15,15,PT1H,MC-BajoPutumayo,10270.62,10512.94
2022-01-15,16,PT1H,MC-BajoPutumayo,10394.71,10502.2
2022-01-15,17,PT1H,MC-BajoPutumayo,10626.59,10477.38
2022-01-15,18,PT1H,MC-BajoPutumayo,10590.79,10300.24
2022-01-15,19,PT1H,MC-BajoPutumayo,11669.85,11595.65
2022-01-15,20,PT1H,MC-BajoPutumayo,12065.67,12567.66
2022-01-15,21,PT1H,MC-BajoPutumayo,10017.28,12032.23
2022-01-15,22,PT1H,MC-BajoPutumayo,9773.28,11022.87
2022-01-15,23,PT1H,MC-BajoPutumayo,8581.03,9707.33
2022-01-15,24,PT1H,MC-BajoPutumayo,7368.9,8653.24
2022-05-12,1,PT1H,MC-BajoPutumayo,7302.9,7164.42
2022-05-12,2,PT1H,MC-BajoPutumayo,6883.83,6832.28
2022-05-12,3,PT1H,MC-BajoPutumayo,6629.24,6448.12
2022-05-12,4,PT1H,MC-BajoPutumayo,6461.26,6332.79
2022-05-12,5,PT1H,MC-BajoPutumayo,6498.63,6248.94
2022-05-12,6,PT1H,MC-BajoPutumayo,6968.57,6628.22
2022-05-12,7,PT1H,MC-BajoPutumayo,7460.77,7274.52
2022-05-12,8,PT1H,MC-BajoPutumayo,8279.77,7839.76
2022-05-12,9,PT1H,MC-BajoPutumayo,8981.42,8911.18
2022-05-12,10,PT1H,MC-BajoPutumayo,8752.77,9642.88
2022-05-12,11,PT1H,MC-BajoPutumayo,10415.56,10319.01
2022-05-12,12,PT1H,MC-BajoPutumayo,10261.99,10806.38
2022-05-12,13,PT1H,MC-BajoPutumayo,9924.59,10755.66
2022-05-12,14,PT1H,MC-BajoPutumayo,9942.5,10773.08
2022-05-12,15,PT1H,MC-BajoPutumayo,10705.28,11221.87
2022-05-12,16,PT1H,MC-BajoPutumayo,11045.53,11174.18
2022-05-12,17,PT1H,MC-BajoPutumayo,11413.89,11095.73
2022-05-12,18,PT1H,MC-BajoPutumayo,10936.17,10996.45
2022-05-12,19,PT1H,MC-BajoPutumayo,12611.82,12177.53
2022-05-12,20,PT1H,MC-BajoPutumayo,12689.31,12617.08
2022-05-12,21,PT1H,MC-BajoPutumayo,12211.17,11959.3
2022-05-12,22,PT1H,MC-BajoPutumayo,10890.67,10894.24
2022-05-12,23,PT1H,MC-BajoPutumayo,9377.12,9458.04
2022-05-12,24,PT1H,MC-BajoPutumayo,7992.99,7903.29
2025-12-19,1,PT1H,MC-BajoPutumayo,9912.72,8823.4
2025-12-19,2,PT1H,MC-BajoPutumayo,9416.98,8204.5
2025-12-19,3,PT1H,MC-BajoPutumayo,8980.34,7915.8
2025-12-19,4,PT1H,MC-BajoPutumayo,8682.31,7649.9
2025-12-19,5,PT1H,MC-BajoPutumayo,8799.33,7709.4
2025-12-19,6,PT1H,MC-BajoPutumayo,9019.67,8057.1
2025-12-19,7,PT1H,MC-BajoPutumayo,9552.01,8715.7
2025-12-19,8,PT1H,MC-BajoPutumayo,10809.77,10099.7
2025-12-19,9,PT1H,MC-BajoPutumayo,12182.57,11422.2
2025-12-19,10,PT1H,MC-BajoPutumayo,12886.95,11731.4
2025-12-19,11,PT1H,MC-BajoPutumayo,13348.57,12608.4
2025-12-19,12,PT1H,MC-BajoPutumayo,13286.21,13021.3
2025-12-19,13,PT1H,MC-BajoPutumayo,12570.47,12533.2
2025-12-19,14,PT1H,MC-BajoPutumayo,13021.11,12634.4
2025-12-19,15,PT1H,MC-BajoPutumayo,12901.28,13291.7
2025-12-19,16,PT1H,MC-BajoPutumayo,13527.63,13310.6
2025-12-19,17,PT1H,MC-BajoPutumayo,14256.42,13290.3
2025-12-19,18,PT1H,MC-BajoPutumayo,13497.46,13629.3
2025-12-19,19,PT1H,MC-BajoPutumayo,15345.84,14602.9
2025-12-19,20,PT1H,MC-BajoPutumayo,14967.35,14220.2
2025-12-19,21,PT1H,MC-BajoPutumayo,14184.8,13887.9
2025-12-19,22,PT1H,MC-BajoPutumayo,12723.05,12557.1
2025-12-19,23,PT1H,MC-BajoPutumayo,11009.73,10966.7
2025-12-19,24,PT1H,MC-BajoPutumayo,9385.96,9640.1
2025-01-25,1,PT1H,MC-BajoPutumayo,8694.46,8571.1
2025-01-25,2,PT1H,MC-BajoPutumayo,8151.35,8124.8
2025-01-25,3,PT1H,MC-BajoPutumayo,7846.4,7647.3
2025-01-25,4,PT1H,MC-BajoPutumayo,7608.76,7440.5
2025-01-25,5,PT1H,MC-BajoPutumayo,7628.87,7538.3
2025-01-25,6,PT1H,MC-BajoPutumayo,7923.67,7608.7
2025-01-25,7,PT1H,MC-BajoPutumayo,8183.27,7811.3
2025-01-25,8,PT1H,MC-BajoPutumayo,9126.14,8765.1
2025-01-25,9,PT1H,MC-BajoPutumayo,10281.05,9918.5
2025-01-25,10,PT1H,MC-BajoPutumayo,11107.12,10910.6
2025-01-25,11,PT1H,MC-BajoPutumayo,11662.71,11742.1
2025-01-25,12,PT1H,MC-BajoPutumayo,11954.46,12261.7
2025-01-25,13,PT1H,MC-BajoPutumayo,11545.31,11998.3
2025-01-25,14,PT1H,MC-BajoPutumayo,11267.67,11816.4
2025-01-25,15,PT1H,MC-BajoPutumayo,11534.54,11916.9
2025-01-25,16,PT1H,MC-BajoPutumayo,11975.8,12001.8
2025-01-25,17,PT1H,MC-BajoPutumayo,12010.06,11878.5
2025-01-25,18,PT1H,MC-BajoPutumayo,12021.42,11784.6
2025-01-25,19,PT1H,MC-BajoPutumayo,13222.35,12993.8
2025-01-25,20,PT1H,MC-BajoPutumayo,14044.82,13609.2
2025-01-25,21,PT1H,MC-BajoPutumayo,13246.91,12994.6
2025-01-25,22,PT1H,MC-BajoPutumayo,11907.59,12129.2
2025-01-25,23,PT1H,MC-BajoPutumayo,10629.15,10952.6
2025-01-25,24,PT1H,MC-BajoPutumayo,9603.21,9829.3
2023-07-22,1,PT1H,MC-BajoPutumayo,6878.26,7813.98
2023-07-22,2,PT1H,MC-BajoPutumayo,6435.3,7242.6
2023-07-22,3,PT1H,MC-BajoPutumayo,6178.07,6850.93
2023-07-22,4,PT1H,MC-BajoPutumayo,6029.52,6663.19
2023-07-22,5,PT1H,MC-BajoPutumayo,6037.83,6625.13
2023-07-22,6,PT1H,MC-BajoPutumayo,6322.99,6840.04
2023-07-22,7,PT1H,MC-BajoPutumayo,6694.67,7126.29
2023-07-22,8,PT1H,MC-BajoPutumayo,7882.68,8136.01
2023-07-22,9,PT1H,MC-BajoPutumayo,9408.52,9361.27
2023-07-22,10,PT1H,MC-BajoPutumayo,10360.36,10223.45
2023-07-22,11,PT1H,MC-BajoPutumayo,11032.81,10749.58
2023-07-22,12,PT1H,MC-BajoPutumayo,11455.36,11281.84
2023-07-22,13,PT1H,MC-BajoPutumayo,11112.32,11057.99
2023-07-22,14,PT1H,MC-BajoPutumayo,11099.46,10987.41
2023-07-22,15,PT1H,MC-BajoPutumayo,11063.21,11171.1
2023-07-22,16,PT1H,MC-BajoPutumayo,11320.49,11351.36
2023-07-22,17,PT1H,MC-BajoPutumayo,11321.1,11392.39
2023-07-22,18,PT1H,MC-BajoPutumayo,11143.07,11575.75
2023-07-22,19,PT1H,MC-BajoPutumayo,12004.62,12902.99
2023-07-22,20,PT1H,MC-BajoPutumayo,12653.91,13431.93
2023-07-22,21,PT1H,MC-BajoPutumayo,11821.33,12558.54
2023-07-22,22,PT1H,MC-BajoPutumayo,10771.96,11454.61
2023-07-22,23,PT1H,MC-BajoPutumayo,9409.08,10204.24
2023-07-22,24,PT1H,MC-BajoPutumayo,8157.85,8807.14
2024-07-13,1,PT1H,MC-BajoPutumayo,6458.42,7376.3
2024-07-13,2,PT1H,MC-BajoPutumayo,6240.49,6926.0
2024-07-13,3,PT1H,MC-BajoPutumayo,5983.15,6627.7
2024-07-13,4,PT1H,MC-BajoPutumayo,5886.85,6434.1
2024-07-13,5,PT1H,MC-BajoPutumayo,5910.27,6406.2
2024-07-13,6,PT1H,MC-BajoPutumayo,6438.96,6608.6
2024-07-13,7,PT1H,MC-BajoPutumayo,6719.24,6938.0
2024-07-13,8,PT1H,MC-BajoPutumayo,7779.8,7748.8
2024-07-13,9,PT1H,MC-BajoPutumayo,9049.53,9028.9
2024-07-13,10,PT1H,MC-BajoPutumayo,9759.92,9973.4
2024-07-13,11,PT1H,MC-BajoPutumayo,10338.67,10634.9
2024-07-13,12,PT1H,MC-BajoPutumayo,10663.71,11076.2
2024-07-13,13,PT1H,MC-BajoPutumayo,10474.93,11040.2
2024-07-13,14,PT1H,MC-BajoPutumayo,10378.37,11100.8
2024-07-13,15,PT1H,MC-BajoPutumayo,10390.45,11317.5
2024-07-13,16,PT1H,MC-BajoPutumayo,10398.58,11356.8
2024-07-13,17,PT1H,MC-BajoPutumayo,10433.78,11414.1
2024-07-13,18,PT1H,MC-BajoPutumayo,10477.15,11375.9
2024-07-13,19,PT1H,MC-BajoPutumayo,11839.05,12592.6
2024-07-13,20,PT1H,MC-BajoPutumayo,12088.07,12720.6
2024-07-13,21,PT1H,MC-BajoPutumayo,11369.7,11958.8
2024-07-13,22,PT1H,MC-BajoPutumayo,10379.29,11069.7
2024-07-13,23,PT1H,MC-BajoPutumayo,9005.23,9838.5
2024-07-13,24,PT1H,MC-BajoPutumayo,7860.41,8682.0
2025-02-10,1,PT1H,MC-BajoPutumayo,8686.42,8177.4
2025-02-10,2,PT1H,MC-BajoPutumayo,8205.77,7654.1
2025-02-10,3,PT1H,MC-BajoPutumayo,7754.54,7301.4
2025-02-10,4,PT1H,MC-BajoPutumayo,7714.15,7137.2
2025-02-10,5,PT1H,MC-BajoPutumayo,7680.12,7132.9
2025-02-10,6,PT1H,MC-BajoPutumayo,8272.34,7395.3
2025-02-10,7,PT1H,MC-BajoPutumayo,8878.87,7754.4
2025-02-10,8,PT1H,MC-BajoPutumayo,9371.62,8819.0
2025-02-10,9,PT1H,MC-BajoPutumayo,10225.86,10287.2
2025-02-10,10,PT1H,MC-BajoPutumayo,10565.94,11339.7
2025-02-10,11,PT1H,MC-BajoPutumayo,10851.41,12202.6
2025-02-10,12,PT1H,MC-BajoPutumayo,10940.94,12771.3
2025-02-10,13,PT1H,MC-BajoPutumayo,10539.84,12360.1
2025-02-10,14,PT1H,MC-BajoPutumayo,10459.49,12426.9
2025-02-10,15,PT1H,MC-BajoPutumayo,10868.4,12964.9
2025-02-10,16,PT1H,MC-BajoPutumayo,11028.71,13073.4
2025-02-10,17,PT1H,MC-BajoPutumayo,11173.04,12997.0
2025-02-10,18,PT1H,MC-BajoPutumayo,11319.18,12725.2
2025-02-10,19,PT1H,MC-BajoPutumayo,12598.27,13224.6
2025-02-10,20,PT1H,MC-BajoPutumayo,13132.74,13790.0
2025-02-10,21,PT1H,MC-BajoPutumayo,12291.15,13068.6
2025-02-10,22,PT1H,MC-BajoPutumayo,10969.29,11999.6
2025-02-10,23,PT1H,MC-BajoPutumayo,9346.32,10512.5
2025-02-10,24,PT1H,MC-BajoPutumayo,7975.79,9241.1
2022-08-02,1,PT1H,MC-BajoPutumayo,6540.64,6409.35
2022-08-02,2,PT1H,MC-BajoPutumayo,6219.71,6036.86
2022-08-02,3,PT1H,MC-BajoPutumayo,6037.23,5803.21
2022-08-02,4,PT1H,MC-BajoPutumayo,5943.27,5703.81
2022-08-02,5,PT1H,MC-BajoPutumayo,5965.95,5701.21
2022-08-02,6,PT1H,MC-BajoPutumayo,6549.52,6184.28
2022-08-02,7,PT1H,MC-BajoPutumayo,7436.77,6856.08
2022-08-02,8,PT1H,MC-BajoPutumayo,8166.82,7683.63
2022-08-02,9,PT1H,MC-BajoPutumayo,9023.65,8495.94
2022-08-02,10,PT1H,MC-BajoPutumayo,9542.73,9107.41
2022-08-02,11,PT1H,MC-BajoPutumayo,10143.34,9737.59
2022-08-02,12,PT1H,MC-BajoPutumayo,10713.03,10176.99
2022-08-02,13,PT1H,MC-BajoPutumayo,10417.32,9962.07
2022-08-02,14,PT1H,MC-BajoPutumayo,10695.26,10057.15
2022-08-02,15,PT1H,MC-BajoPutumayo,11282.33,10567.93
2022-08-02,16,PT1H,MC-BajoPutumayo,11489.24,10776.45
2022-08-02,17,PT1H,MC-BajoPutumayo,11578.55,10781.83
2022-08-02,18,PT1H,MC-BajoPutumayo,11384.17,10597.57
2022-08-02,19,PT1H,MC-BajoPutumayo,12263.44,11438.67
2022-08-02,20,PT1H,MC-BajoPutumayo,12929.24,11995.35
2022-08-02,21,PT1H,MC-BajoPutumayo,12142.45,11305.46
2022-08-02,22,PT1H,MC-BajoPutumayo,10922.09,10251.92
2022-08-02,23,PT1H,MC-BajoPutumayo,9225.84,8637.05
2022-08-02,24,PT1H,MC-BajoPutumayo,7754.66,7294.29
2023-11-06,1,PT1H,MC-BajoPutumayo,8008.39,7248.91
2023-11-06,2,PT1H,MC-BajoPutumayo,7549.17,6959.16
2023-11-06,3,PT1H,MC-BajoPutumayo,7301.02,6580.32
2023-11-06,4,PT1H,MC-BajoPutumayo,7173.37,6209.12
2023-11-06,5,PT1H,MC-BajoPutumayo,7035.63,6201.18
2023-11-06,6,PT1H,MC-BajoPutumayo,7194.17,6323.43
2023-11-06,7,PT1H,MC-BajoPutumayo,7373.7,7029.8
2023-11-06,8,PT1H,MC-BajoPutumayo,8004.01,8202.77
2023-11-06,9,PT1H,MC-BajoPutumayo,9219.43,9392.14
2023-11-06,10,PT1H,MC-BajoPutumayo,9944.24,10111.54
2023-11-06,11,PT1H,MC-BajoPutumayo,10677.99,10845.42
2023-11-06,12,PT1H,MC-BajoPutumayo,11027.0,11467.27
2023-11-06,13,PT1H,MC-BajoPutumayo,10909.74,11330.15
2023-11-06,14,PT1H,MC-BajoPutumayo,10922.4,11559.79
2023-11-06,15,PT1H,MC-BajoPutumayo,11130.36,12180.1
2023-11-06,16,PT1H,MC-BajoPutumayo,11264.03,12191.69
2023-11-06,17,PT1H,MC-BajoPutumayo,11021.57,12035.87
2023-11-06,18,PT1H,MC-BajoPutumayo,10923.43,11809.77
2023-11-06,19,PT1H,MC-BajoPutumayo,12547.71,12993.91
2023-11-06,20,PT1H,MC-BajoPutumayo,12655.71,12951.45
2023-11-06,21,PT1H,MC-BajoPutumayo,12075.48,12220.33
2023-11-06,22,PT1H,MC-BajoPutumayo,11022.23,11154.95
2023-11-06,23,PT1H,MC-BajoPutumayo,9645.61,9664.37
2023-11-06,24,PT1H,MC-BajoPutumayo,8415.84,8511.56
2025-08-06,1,PT1H,MC-BajoPutumayo,8246.42,8114.8
2025-08-06,2,PT1H,MC-BajoPutumayo,7732.14,7668.0
2025-08-06,3,PT1H,MC-BajoPutumayo,7457.38,7389.2
2025-08-06,4,PT1H,MC-BajoPutumayo,7300.05,7255.3
2025-08-06,5,PT1H,MC-BajoPutumayo,7313.92,7286.8
2025-08-06,6,PT1H,MC-BajoPutumayo,7989.41,7986.1
2025-08-06,7,PT1H,MC-BajoPutumayo,8743.06,8910.4
2025-08-06,8,PT1H,MC-BajoPutumayo,9366.0,9599.9
2025-08-06,9,PT1H,MC-BajoPutumayo,10310.89,10479.3
2025-08-06,10,PT1H,MC-BajoPutumayo,11017.26,11491.6
2025-08-06,11,PT1H,MC-BajoPutumayo,11541.37,12066.9
2025-08-06,12,PT1H,MC-BajoPutumayo,12175.59,12625.2
2025-08-06,13,PT1H,MC-BajoPutumayo,12006.52,12151.7
2025-08-06,14,PT1H,MC-BajoPutumayo,12270.19,11991.6
2025-08-06,15,PT1H,MC-BajoPutumayo,13466.23,12418.9
2025-08-06,16,PT1H,MC-BajoPutumayo,13812.13,12551.9
2025-08-06,17,PT1H,MC-BajoPutumayo,13810.08,12576.0
2025-08-06,18,PT1H,MC-BajoPutumayo,13488.77,12793.3
2025-08-06,19,PT1H,MC-BajoPutumayo,14269.78,13942.2
2025-08-06,20,PT1H,MC-BajoPutumayo,14737.45,14422.9
2025-08-06,21,PT1H,MC-BajoPutumayo,13922.42,13487.0
2025-08-06,22,PT1H,MC-BajoPutumayo,12446.64,12014.7
2025-08-06,23,PT1H,MC-BajoPutumayo,10776.11,10226.8
2025-08-06,24,PT1H,MC-BajoPutumayo,9402.92,8764.1
2025-11-30,1,PT1H,MC-BajoPutumayo,9016.08,8386.4
2025-11-30,2,PT1H,MC-BajoPutumayo,8469.87,7905.7
2025-11-30,3,PT1H,MC-BajoPutumayo,8070.39,7361.7
2025-11-30,4,PT1H,MC-BajoPutumayo,7828.9,7017.9
2025-11-30,5,PT1H,MC-BajoPutumayo,7709.81,6902.8
2025-11-30,6,PT1H,MC-BajoPutumayo,7681.23,6896.0
2025-11-30,7,PT1H,MC-BajoPutumayo,8025.56,7708.0
2025-11-30,8,PT1H,MC-BajoPutumayo,8998.83,9587.2
2025-11-30,9,PT1H,MC-BajoPutumayo,10113.95,10889.5
2025-11-30,10,PT1H,MC-BajoPutumayo,11059.12,11774.6
2025-11-30,11,PT1H,MC-BajoPutumayo,12133.05,12452.0
2025-11-30,12,PT1H,MC-BajoPutumayo,13108.96,12904.8
2025-11-30,13,PT1H,MC-BajoPutumayo,13305.63,13206.1
2025-11-30,14,PT1H,MC-BajoPutumayo,13401.18,13070.1
2025-11-30,15,PT1H,MC-BajoPutumayo,13513.11,13220.4
2025-11-30,16,PT1H,MC-BajoPutumayo,13568.56,12989.8
2025-11-30,17,PT1H,MC-BajoPutumayo,13354.41,12892.4
2025-11-30,18,PT1H,MC-BajoPutumayo,13458.14,13394.6
2025-11-30,19,PT1H,MC-BajoPutumayo,14952.28,14411.1
2025-11-30,20,PT1H,MC-BajoPutumayo,14618.12,13883.4
2025-11-30,21,PT1H,MC-BajoPutumayo,13741.58,13029.4
2025-11-30,22,PT1H,MC-BajoPutumayo,12452.32,11614.8
2025-11-30,23,PT1H,MC-BajoPutumayo,11376.91,10024.3
2025-11-30,24,PT1H,MC-BajoPutumayo,9791.73,8893.9
2022-11-04,1,PT1H,MC-BajoPutumayo,5550.88,8598.63
2022-11-04,2,PT1H,MC-BajoPutumayo,5272.17,7785.44
2022-11-04,3,PT1H,MC-BajoPutumayo,5135.81,7404.51
2022-11-04,4,PT1H,MC-BajoPutumayo,5078.84,7159.99
2022-11-04,5,PT1H,MC-BajoPutumayo,5243.06,7090.99
2022-11-04,6,PT1H,MC-BajoPutumayo,5811.49,7366.59
2022-11-04,7,PT1H,MC-BajoPutumayo,6708.73,8148.8
2022-11-04,8,PT1H,MC-BajoPutumayo,7576.75,9155.86
2022-11-04,9,PT1H,MC-BajoPutumayo,8771.52,10246.69
2022-11-04,10,PT1H,MC-BajoPutumayo,9609.79,10755.05
2022-11-04,11,PT1H,MC-BajoPutumayo,9971.31,12432.93
2022-11-04,12,PT1H,MC-BajoPutumayo,10418.12,12866.7
2022-11-04,13,PT1H,MC-BajoPutumayo,10114.6,12481.47
2022-11-04,14,PT1H,MC-BajoPutumayo,10348.18,13067.39
2022-11-04,15,PT1H,MC-BajoPutumayo,10968.92,13231.97
2022-11-04,16,PT1H,MC-BajoPutumayo,11210.46,12769.39
2022-11-04,17,PT1H,MC-BajoPutumayo,11263.78,12718.05
2022-11-04,18,PT1H,MC-BajoPutumayo,11326.26,12700.59
2022-11-04,19,PT1H,MC-BajoPutumayo,12507.67,13707.99
2022-11-04,20,PT1H,MC-BajoPutumayo,12412.63,13851.31
2022-11-04,21,PT1H,MC-BajoPutumayo,11376.5,13009.89
2022-11-04,22,PT1H,MC-BajoPutumayo,9920.4,11839.77
2022-11-04,23,PT1H,MC-BajoPutumayo,8402.13,10455.35
2022-11-04,24,PT1H,MC-BajoPutumayo,7251.52,8944.66
2023-11-29,1,PT1H,MC-BajoPutumayo,8286.54,7305.78
2023-11-29,2,PT1H,MC-BajoPutumayo,7476.95,6821.19
2023-11-29,3,PT1H,MC-BajoPutumayo,7120.2,6565.43
2023-11-29,4,PT1H,MC-BajoPutumayo,6958.64,6415.91
2023-11-29,5,PT1H,MC-BajoPutumayo,6992.57,6416.34
2023-11-29,6,PT1H,MC-BajoPutumayo,7325.09,6817.2
2023-11-29,7,PT1H,MC-BajoPutumayo,8025.98,7553.39
2023-11-29,8,PT1H,MC-BajoPutumayo,9179.15,8382.33
2023-11-29,9,PT1H,MC-BajoPutumayo,10452.41,9565.74
2023-11-29,10,PT1H,MC-BajoPutumayo,10692.48,10410.2
2023-11-29,11,PT1H,MC-BajoPutumayo,11655.5,10948.81
2023-11-29,12,PT1H,MC-BajoPutumayo,11941.0,11558.67
2023-11-29,13,PT1H,MC-BajoPutumayo,11374.84,11106.58
2023-11-29,14,PT1H,MC-BajoPutumayo,11037.87,11264.0
2023-11-29,15,PT1H,MC-BajoPutumayo,11327.45,12115.68
2023-11-29,16,PT1H,MC-BajoPutumayo,11521.07,12162.73
2023-11-29,17,PT1H,MC-BajoPutumayo,11691.6,11817.71
2023-11-29,18,PT1H,MC-BajoPutumayo,11453.19,11792.39
2023-11-29,19,PT1H,MC-BajoPutumayo,12826.88,13114.46
2023-11-29,20,PT1H,MC-BajoPutumayo,12957.26,12877.82
2023-11-29,21,PT1H,MC-BajoPutumayo,12107.6,12002.96
2023-11-29,22,PT1H,MC-BajoPutumayo,10869.16,10844.21
2023-11-29,23,PT1H,MC-BajoPutumayo,9190.94,9310.93
2023-11-29,24,PT1H,MC-BajoPutumayo,7913.65,8088.39
2022-06-16,1,PT1H,MC-BajoPutumayo,7220.5,6619.49
2022-06-16,2,PT1H,MC-BajoPutumayo,6537.55,6230.18
2022-06-16,3,PT1H,MC-BajoPutumayo,6307.32,6159.75
2022-06-16,4,PT1H,MC-BajoPutumayo,6212.88,6059.94
2022-06-16,5,PT1H,MC-BajoPutumayo,6299.03,6062.87
2022-06-16,6,PT1H,MC-BajoPutumayo,6795.66,6647.66
2022-06-16,7,PT1H,MC-BajoPutumayo,7478.35,7448.43
2022-06-16,8,PT1H,MC-BajoPutumayo,8033.31,8186.88
2022-06-16,9,PT1H,MC-BajoPutumayo,9206.85,8913.4
2022-06-16,10,PT1H,MC-BajoPutumayo,9819.94,9841.68
2022-06-16,11,PT1H,MC-BajoPutumayo,10608.34,10869.37
2022-06-16,12,PT1H,MC-BajoPutumayo,10990.68,11116.29
2022-06-16,13,PT1H,MC-BajoPutumayo,11171.69,10964.7
2022-06-16,14,PT1H,MC-BajoPutumayo,11312.12,10962.34
2022-06-16,15,PT1H,MC-BajoPutumayo,11943.63,11285.47
2022-06-16,16,PT1H,MC-BajoPutumayo,12015.63,11599.61
2022-06-16,17,PT1H,MC-BajoPutumayo,11805.8,11666.01
2022-06-16,18,PT1H,MC-BajoPutumayo,12335.02,11583.55
2022-06-16,19,PT1H,MC-BajoPutumayo,12881.58,12694.44
2022-06-16,20,PT1H,MC-BajoPutumayo,13312.25,13021.97
2022-06-16,21,PT1H,MC-BajoPutumayo,12590.47,12231.7
2022-06-16,22,PT1H,MC-BajoPutumayo,11509.54,10996.87
2022-06-16,23,PT1H,MC-BajoPutumayo,9775.88,9217.9
2022-06-16,24,PT1H,MC-BajoPutumayo,8301.52,7743.6
2023-03-08,1,PT1H,MC-BajoPutumayo,6536.13,7296.32
2023-03-08,2,PT1H,MC-BajoPutumayo,6169.03,6885.53
2023-03-08,3,PT1H,MC-BajoPutumayo,6010.47,6603.07
2023-03-08,4,PT1H,MC-BajoPutumayo,5859.13,6515.43
2023-03-08,5,PT1H,MC-BajoPutumayo,6018.01,6441.97
2023-03-08,6,PT1H,MC-BajoPutumayo,6788.91,6997.12
2023-03-08,7,PT1H,MC-BajoPutumayo,7252.3,7725.94
2023-03-08,8,PT1H,MC-BajoPutumayo,7819.64,8540.55
2023-03-08,9,PT1H,MC-BajoPutumayo,9229.44,9724.56
2023-03-08,10,PT1H,MC-BajoPutumayo,9738.36,10290.41
2023-03-08,11,PT1H,MC-BajoPutumayo,10113.39,10736.53
2023-03-08,12,PT1H,MC-BajoPutumayo,10630.27,11127.33
2023-03-08,13,PT1H,MC-BajoPutumayo,10385.97,10883.46
2023-03-08,14,PT1H,MC-BajoPutumayo,10812.36,10910.89
2023-03-08,15,PT1H,MC-BajoPutumayo,11545.24,11380.03
2023-03-08,16,PT1H,MC-BajoPutumayo,12090.73,11487.9
2023-03-08,17,PT1H,MC-BajoPutumayo,12919.19,11344.0
2023-03-08,18,PT1H,MC-BajoPutumayo,13280.32,11670.86
2023-03-08,19,PT1H,MC-BajoPutumayo,13688.26,12457.1
2023-03-08,20,PT1H,MC-BajoPutumayo,13869.69,12971.11
2023-03-08,21,PT1H,MC-BajoPutumayo,12836.99,12133.03
2023-03-08,22,PT1H,MC-BajoPutumayo,11618.3,10927.86
2023-03-08,23,PT1H,MC-BajoPutumayo,9970.72,9383.05
2023-03-08,24,PT1H,MC-BajoPutumayo,8554.99,8040.72
2025-08-29,1,PT1H,MC-BajoPutumayo,7278.66,7973.0
2025-08-29,2,PT1H,MC-BajoPutumayo,6901.59,7504.4
2025-08-29,3,PT1H,MC-BajoPutumayo,6713.1,7255.9
2025-08-29,4,PT1H,MC-BajoPutumayo,6629.76,7045.7
2025-08-29,5,PT1H,MC-BajoPutumayo,6728.68,6976.3
2025-08-29,6,PT1H,MC-BajoPutumayo,7459.07,7490.9
2025-08-29,7,PT1H,MC-BajoPutumayo,8267.35,8172.9
2025-08-29,8,PT1H,MC-BajoPutumayo,8849.23,8911.2
2025-08-29,9,PT1H,MC-BajoPutumayo,9772.68,10023.6
2025-08-29,10,PT1H,MC-BajoPutumayo,10347.8,10874.0
2025-08-29,11,PT1H,MC-BajoPutumayo,10972.48,11563.2
2025-08-29,12,PT1H,MC-BajoPutumayo,11537.5,12097.7
2025-08-29,13,PT1H,MC-BajoPutumayo,11444.12,11832.0
2025-08-29,14,PT1H,MC-BajoPutumayo,11334.63,11973.6
2025-08-29,15,PT1H,MC-BajoPutumayo,12294.37,12610.8
2025-08-29,16,PT1H,MC-BajoPutumayo,12948.5,12791.0
2025-08-29,17,PT1H,MC-BajoPutumayo,13093.88,12779.2
2025-08-29,18,PT1H,MC-BajoPutumayo,12873.02,12711.4
2025-08-29,19,PT1H,MC-BajoPutumayo,14073.74,13753.1
2025-08-29,20,PT1H,MC-BajoPutumayo,14402.36,14192.2
2025-08-29,21,PT1H,MC-BajoPutumayo,13391.31,13369.5
2025-08-29,22,PT1H,MC-BajoPutumayo,12079.97,11937.4
2025-08-29,23,PT1H,MC-BajoPutumayo,10432.59,10344.0
2025-08-29,24,PT1H,MC-BajoPutumayo,8988.51,8973.3
2025-09-27,1,PT1H,MC-BajoPutumayo,8001.9,8133.0
2025-09-27,2,PT1H,MC-BajoPutumayo,7330.74,7572.2
2025-09-27,3,PT1H,MC-BajoPutumayo,6972.88,7223.2
2025-09-27,4,PT1H,MC-BajoPutumayo,6816.21,7063.9
2025-09-27,5,PT1H,MC-BajoPutumayo,6801.9,7091.0
2025-09-27,6,PT1H,MC-BajoPutumayo,7053.08,7347.5
2025-09-27,7,PT1H,MC-BajoPutumayo,7666.43,7858.2
2025-09-27,8,PT1H,MC-BajoPutumayo,8835.97,9018.8
2025-09-27,9,PT1H,MC-BajoPutumayo,10421.72,10470.4
2025-09-27,10,PT1H,MC-BajoPutumayo,11805.39,11538.4
2025-09-27,11,PT1H,MC-BajoPutumayo,12798.28,12358.8
2025-09-27,12,PT1H,MC-BajoPutumayo,13493.57,13001.3
2025-09-27,13,PT1H,MC-BajoPutumayo,13568.15,13059.5
2025-09-27,14,PT1H,MC-BajoPutumayo,13514.93,13279.4
2025-09-27,15,PT1H,MC-BajoPutumayo,13814.37,13453.1
2025-09-27,16,PT1H,MC-BajoPutumayo,13819.95,13502.8
2025-09-27,17,PT1H,MC-BajoPutumayo,13618.82,13285.4
2025-09-27,18,PT1H,MC-BajoPutumayo,13637.71,13387.0
2025-09-27,19,PT1H,MC-BajoPutumayo,15428.66,14978.4
2025-09-27,20,PT1H,MC-BajoPutumayo,15399.27,15181.1
2025-09-27,21,PT1H,MC-BajoPutumayo,14312.83,14237.9
2025-09-27,22,PT1H,MC-BajoPutumayo,13094.05,12988.5
2025-09-27,23,PT1H,MC-BajoPutumayo,11603.15,11371.2
2025-09-27,24,PT1H,MC-BajoPutumayo,10301.79,10055.5
2023-03-29,1,PT1H,MC-BajoPutumayo,6265.11,6741.69
2023-03-29,2,PT1H,MC-BajoPutumayo,5962.22,6349.13
2023-03-29,3,PT1H,MC-BajoPutumayo,5759.48,6180.4
2023-03-29,4,PT1H,MC-BajoPutumayo,5625.81,6070.91
2023-03-29,5,PT1H,MC-BajoPutumayo,5680.02,6121.35
2023-03-29,6,PT1H,MC-BajoPutumayo,6333.55,6772.72
2023-03-29,7,PT1H,MC-BajoPutumayo,7171.27,7469.81
2023-03-29,8,PT1H,MC-BajoPutumayo,7882.69,8083.19
2023-03-29,9,PT1H,MC-BajoPutumayo,8898.71,9471.68
2023-03-29,10,PT1H,MC-BajoPutumayo,9665.76,10098.69
2023-03-29,11,PT1H,MC-BajoPutumayo,10236.94,10737.17
2023-03-29,12,PT1H,MC-BajoPutumayo,10573.47,11178.7
2023-03-29,13,PT1H,MC-BajoPutumayo,10168.29,10874.93
2023-03-29,14,PT1H,MC-BajoPutumayo,10384.13,11287.0
2023-03-29,15,PT1H,MC-BajoPutumayo,11245.93,12154.24
2023-03-29,16,PT1H,MC-BajoPutumayo,11444.58,12574.01
2023-03-29,17,PT1H,MC-BajoPutumayo,11369.31,12510.82
2023-03-29,18,PT1H,MC-BajoPutumayo,11150.66,12149.35
2023-03-29,19,PT1H,MC-BajoPutumayo,12447.33,12749.43
2023-03-29,20,PT1H,MC-BajoPutumayo,12956.23,13319.0
2023-03-29,21,PT1H,MC-BajoPutumayo,12167.07,12426.17
2023-03-29,22,PT1H,MC-BajoPutumayo,10894.51,11278.38
2023-03-29,23,PT1H,MC-BajoPutumayo,9127.78,9746.15
2023-03-29,24,PT1H,MC-BajoPutumayo,7870.82,8447.57
2024-08-14,1,PT1H,MC-BajoPutumayo,6645.26,7079.6
2024-08-14,2,PT1H,MC-BajoPutumayo,6359.2,6751.2
2024-08-14,3,PT1H,MC-BajoPutumayo,6184.73,6558.1
2024-08-14,4,PT1H,MC-BajoPutumayo,6145.48,6462.9
2024-08-14,5,PT1H,MC-BajoPutumayo,6306.15,6583.1
2024-08-14,6,PT1H,MC-BajoPutumayo,7048.4,7368.4
2024-08-14,7,PT1H,MC-BajoPutumayo,7276.72,8100.6
2024-08-14,8,PT1H,MC-BajoPutumayo,8415.62,9016.8
2024-08-14,9,PT1H,MC-BajoPutumayo,8892.38,9839.9
2024-08-14,10,PT1H,MC-BajoPutumayo,9874.73,10700.9
2024-08-14,11,PT1H,MC-BajoPutumayo,10523.32,11364.4
2024-08-14,12,PT1H,MC-BajoPutumayo,10505.35,11884.2
2024-08-14,13,PT1H,MC-BajoPutumayo,10333.13,11456.0
2024-08-14,14,PT1H,MC-BajoPutumayo,10811.12,11814.8
2024-08-14,15,PT1H,MC-BajoPutumayo,11628.52,12365.9
2024-08-14,16,PT1H,MC-BajoPutumayo,11560.69,12496.4
2024-08-14,17,PT1H,MC-BajoPutumayo,11022.03,12364.8
2024-08-14,18,PT1H,MC-BajoPutumayo,12185.79,12210.1
2024-08-14,19,PT1H,MC-BajoPutumayo,13358.67,13593.7
2024-08-14,20,PT1H,MC-BajoPutumayo,13076.39,13573.8
2024-08-14,21,PT1H,MC-BajoPutumayo,12101.08,12727.0
2024-08-14,22,PT1H,MC-BajoPutumayo,10642.67,11371.7
2024-08-14,23,PT1H,MC-BajoPutumayo,8856.78,9479.3
2024-08-14,24,PT1H,MC-BajoPutumayo,7526.72,8157.8
2025-05-07,1,PT1H,MC-BajoPutumayo,7956.91,8452.8
2025-05-07,2,PT1H,MC-BajoPutumayo,7483.81,7920.1
2025-05-07,3,PT1H,MC-BajoPutumayo,7206.9,7648.8
2025-05-07,4,PT1H,MC-BajoPutumayo,7087.48,7462.6
2025-05-07,5,PT1H,MC-BajoPutumayo,7125.76,7460.3
2025-05-07,6,PT1H,MC-BajoPutumayo,7754.36,7918.8
2025-05-07,7,PT1H,MC-BajoPutumayo,8519.62,8416.9
2025-05-07,8,PT1H,MC-BajoPutumayo,9027.95,9257.9
2025-05-07,9,PT1H,MC-BajoPutumayo,10295.47,10580.6
2025-05-07,10,PT1H,MC-BajoPutumayo,11114.58,11473.2
2025-05-07,11,PT1H,MC-BajoPutumayo,11955.47,12235.2
2025-05-07,12,PT1H,MC-BajoPutumayo,12833.46,12643.7
2025-05-07,13,PT1H,MC-BajoPutumayo,12972.72,12186.7
2025-05-07,14,PT1H,MC-BajoPutumayo,12662.43,12218.1
2025-05-07,15,PT1H,MC-BajoPutumayo,13847.23,12791.8
2025-05-07,16,PT1H,MC-BajoPutumayo,14209.2,12922.5
2025-05-07,17,PT1H,MC-BajoPutumayo,14207.6,12894.7
2025-05-07,18,PT1H,MC-BajoPutumayo,13918.91,12799.2
2025-05-07,19,PT1H,MC-BajoPutumayo,14888.49,13871.4
2025-05-07,20,PT1H,MC-BajoPutumayo,15197.62,14236.5
2025-05-07,21,PT1H,MC-BajoPutumayo,14180.46,13563.5
2025-05-07,22,PT1H,MC-BajoPutumayo,12826.61,12401.5
2025-05-07,23,PT1H,MC-BajoPutumayo,11156.69,10721.3
2025-05-07,24,PT1H,MC-BajoPutumayo,9561.82,9185.7
2025-02-02,1,PT1H,MC-BajoPutumayo,9095.08,9381.9
2025-02-02,2,PT1H,MC-BajoPutumayo,8470.92,8794.5
2025-02-02,3,PT1H,MC-BajoPutumayo,8015.71,8262.4
2025-02-02,4,PT1H,MC-BajoPutumayo,7832.06,8020.6
2025-02-02,5,PT1H,MC-BajoPutumayo,7698.68,7908.9
2025-02-02,6,PT1H,MC-BajoPutumayo,7767.03,7868.4
2025-02-02,7,PT1H,MC-BajoPutumayo,7841.77,7819.4
2025-02-02,8,PT1H,MC-BajoPutumayo,8779.68,8775.4
2025-02-02,9,PT1H,MC-BajoPutumayo,9771.67,9773.2
2025-02-02,10,PT1H,MC-BajoPutumayo,10498.85,10793.8
2025-02-02,11,PT1H,MC-BajoPutumayo,11462.02,11613.7
2025-02-02,12,PT1H,MC-BajoPutumayo,12195.01,12188.1
2025-02-02,13,PT1H,MC-BajoPutumayo,12488.81,12477.9
2025-02-02,14,PT1H,MC-BajoPutumayo,12439.1,12416.9
2025-02-02,15,PT1H,MC-BajoPutumayo,12586.22,12505.5
2025-02-02,16,PT1H,MC-BajoPutumayo,12414.95,12516.1
2025-02-02,17,PT1H,MC-BajoPutumayo,12217.62,12345.6
2025-02-02,18,PT1H,MC-BajoPutumayo,12221.65,12215.7
2025-02-02,19,PT1H,MC-BajoPutumayo,13242.34,13295.0
2025-02-02,20,PT1H,MC-BajoPutumayo,14066.96,14125.7
2025-02-02,21,PT1H,MC-BajoPutumayo,13582.0,13643.1
2025-02-02,22,PT1H,MC-BajoPutumayo,12707.04,12862.5
2025-02-02,23,PT1H,MC-BajoPutumayo,11026.68,11592.8
2025-02-02,24,PT1H,MC-BajoPutumayo,9751.99,10337.8
2022-05-06,1,PT1H,MC-BajoPutumayo,6212.82,7350.56
2022-05-06,2,PT1H,MC-BajoPutumayo,5842.73,6908.58
2022-05-06,3,PT1H,MC-BajoPutumayo,5526.63,6581.91
2022-05-06,4,PT1H,MC-BajoPutumayo,5633.35,6316.36
2022-05-06,5,PT1H,MC-BajoPutumayo,5664.01,6318.02
2022-05-06,6,PT1H,MC-BajoPutumayo,6211.62,6556.55
2022-05-06,7,PT1H,MC-BajoPutumayo,7003.86,6633.43
2022-05-06,8,PT1H,MC-BajoPutumayo,7759.4,7205.93
2022-05-06,9,PT1H,MC-BajoPutumayo,8111.9,8136.35
2022-05-06,10,PT1H,MC-BajoPutumayo,9384.3,8765.83
2022-05-06,11,PT1H,MC-BajoPutumayo,10058.41,9887.03
2022-05-06,12,PT1H,MC-BajoPutumayo,11167.49,10208.59
2022-05-06,13,PT1H,MC-BajoPutumayo,10307.49,10393.33
2022-05-06,14,PT1H,MC-BajoPutumayo,10521.84,10314.76
2022-05-06,15,PT1H,MC-BajoPutumayo,11188.2,10377.69
2022-05-06,16,PT1H,MC-BajoPutumayo,11031.53,10310.58
2022-05-06,17,PT1H,MC-BajoPutumayo,12046.56,10304.99
2022-05-06,18,PT1H,MC-BajoPutumayo,11481.43,10334.5
2022-05-06,19,PT1H,MC-BajoPutumayo,12099.87,11699.8
2022-05-06,20,PT1H,MC-BajoPutumayo,13107.42,12318.92
2022-05-06,21,PT1H,MC-BajoPutumayo,12121.14,11889.24
2022-05-06,22,PT1H,MC-BajoPutumayo,11007.86,10879.28
2022-05-06,23,PT1H,MC-BajoPutumayo,9395.82,10039.5
2022-05-06,24,PT1H,MC-BajoPutumayo,8105.62,8837.19
2023-02-18,1,PT1H,MC-BajoPutumayo,8196.79,8071.59
2023-02-18,2,PT1H,MC-BajoPutumayo,7616.93,7646.57
2023-02-18,3,PT1H,MC-BajoPutumayo,7192.09,7221.55
2023-02-18,4,PT1H,MC-BajoPutumayo,6941.85,6877.89
2023-02-18,5,PT1H,MC-BajoPutumayo,6802.05,6772.63
2023-02-18,6,PT1H,MC-BajoPutumayo,6958.27,6966.33
2023-02-18,7,PT1H,MC-BajoPutumayo,7188.07,7291.49
2023-02-18,8,PT1H,MC-BajoPutumayo,7994.61,8375.6
2023-02-18,9,PT1H,MC-BajoPutumayo,9378.64,9709.89
2023-02-18,10,PT1H,MC-BajoPutumayo,10137.91,10816.11
2023-02-18,11,PT1H,MC-BajoPutumayo,10783.24,11522.43
2023-02-18,12,PT1H,MC-BajoPutumayo,11710.13,11872.82
2023-02-18,13,PT1H,MC-BajoPutumayo,11922.14,11653.17
2023-02-18,14,PT1H,MC-BajoPutumayo,11972.74,11365.01
2023-02-18,15,PT1H,MC-BajoPutumayo,12262.4,11529.4
2023-02-18,16,PT1H,MC-BajoPutumayo,12331.67,11523.15
2023-02-18,17,PT1H,MC-BajoPutumayo,12219.64,11639.71
2023-02-18,18,PT1H,MC-BajoPutumayo,12084.05,11567.61
2023-02-18,19,PT1H,MC-BajoPutumayo,12874.57,12618.79
2023-02-18,20,PT1H,MC-BajoPutumayo,13785.76,13322.47
2023-02-18,21,PT1H,MC-BajoPutumayo,13061.25,12528.67
2023-02-18,22,PT1H,MC-BajoPutumayo,12263.72,11496.47
2023-02-18,23,PT1H,MC-BajoPutumayo,11045.09,10175.4
2023-02-18,24,PT1H,MC-BajoPutumayo,9643.12,8999.97
2023-04-15,1,PT1H,MC-BajoPutumayo,8475.18,6909.25
2023-04-15,2,PT1H,MC-BajoPutumayo,7938.99,6396.11
2023-04-15,3,PT1H,MC-BajoPutumayo,7385.11,5902.6
2023-04-15,4,PT1H,MC-BajoPutumayo,6849.0,6005.27
2023-04-15,5,PT1H,MC-BajoPutumayo,6516.05,5875.28
2023-04-15,6,PT1H,MC-BajoPutumayo,6938.68,6037.51
2023-04-15,7,PT1H,MC-BajoPutumayo,7184.62,6359.61
2023-04-15,8,PT1H,MC-BajoPutumayo,8236.74,7307.76
2023-04-15,9,PT1H,MC-BajoPutumayo,9534.83,8523.8
2023-04-15,10,PT1H,MC-BajoPutumayo,10432.1,9292.44
2023-04-15,11,PT1H,MC-BajoPutumayo,11327.41,9968.24
2023-04-15,12,PT1H,MC-BajoPutumayo,11951.56,10493.75
2023-04-15,13,PT1H,MC-BajoPutumayo,11384.03,10362.91
2023-04-15,14,PT1H,MC-BajoPutumayo,11013.66,10236.33
2023-04-15,15,PT1H,MC-BajoPutumayo,11334.29,10427.16
2023-04-15,16,PT1H,MC-BajoPutumayo,11653.68,10561.21
2023-04-15,17,PT1H,MC-BajoPutumayo,11694.5,10560.99
2023-04-15,18,PT1H,MC-BajoPutumayo,11656.62,10350.1
2023-04-15,19,PT1H,MC-BajoPutumayo,13193.02,11140.94
2023-04-15,20,PT1H,MC-BajoPutumayo,13427.95,11850.67
2023-04-15,21,PT1H,MC-BajoPutumayo,12688.26,11202.42
2023-04-15,22,PT1H,MC-BajoPutumayo,11819.29,10331.32
2023-04-15,23,PT1H,MC-BajoPutumayo,10605.84,9197.24
2023-04-15,24,PT1H,MC-BajoPutumayo,9481.09,8157.09
2023-10-15,1,PT1H,MC-BajoPutumayo,7293.63,8204.02
2023-10-15,2,PT1H,MC-BajoPutumayo,6818.32,7759.65
2023-10-15,3,PT1H,MC-BajoPutumayo,6561.49,7326.43
2023-10-15,4,PT1H,MC-BajoPutumayo,6370.05,7041.07
2023-10-15,5,PT1H,MC-BajoPutumayo,6285.62,6825.56
2023-10-15,6,PT1H,MC-BajoPutumayo,6339.29,6793.53
2023-10-15,7,PT1H,MC-BajoPutumayo,6547.02,6997.43
2023-10-15,8,PT1H,MC-BajoPutumayo,7208.83,7842.51
2023-10-15,9,PT1H,MC-BajoPutumayo,8089.16,8907.39
2023-10-15,10,PT1H,MC-BajoPutumayo,8829.86,9851.57
2023-10-15,11,PT1H,MC-BajoPutumayo,9282.5,10366.52
2023-10-15,12,PT1H,MC-BajoPutumayo,9522.84,10823.84
2023-10-15,13,PT1H,MC-BajoPutumayo,9652.23,11148.85
2023-10-15,14,PT1H,MC-BajoPutumayo,9776.46,11155.55
2023-10-15,15,PT1H,MC-BajoPutumayo,9626.91,11107.08
2023-10-15,16,PT1H,MC-BajoPutumayo,9547.05,11164.36
2023-10-15,17,PT1H,MC-BajoPutumayo,9518.28,10947.32
2023-10-15,18,PT1H,MC-BajoPutumayo,9776.13,11144.29
2023-10-15,19,PT1H,MC-BajoPutumayo,11283.97,12415.51
2023-10-15,20,PT1H,MC-BajoPutumayo,11505.87,12588.57
2023-10-15,21,PT1H,MC-BajoPutumayo,10909.81,12022.95
2023-10-15,22,PT1H,MC-BajoPutumayo,10185.87,10866.76
2023-10-15,23,PT1H,MC-BajoPutumayo,9064.66,9676.11
2023-10-15,24,PT1H,MC-BajoPutumayo,8022.79,8569.91
2022-07-20,1,PT1H,MC-BajoPutumayo,5580.13,5013.26
2022-07-20,2,PT1H,MC-BajoPutumayo,5124.91,4835.33
2022-07-20,3,PT1H,MC-BajoPutumayo,5958.95,4856.84
2022-07-20,4,PT1H,MC-BajoPutumayo,6192.31,5255.29
2022-07-20,5,PT1H,MC-BajoPutumayo,6048.9,5349.69
2022-07-20,6,PT1H,MC-BajoPutumayo,6339.54,5692.32
2022-07-20,7,PT1H,MC-BajoPutumayo,6748.77,6372.82
2022-07-20,8,PT1H,MC-BajoPutumayo,7810.41,7404.11
2022-07-20,9,PT1H,MC-BajoPutumayo,8718.41,8243.45
2022-07-20,10,PT1H,MC-BajoPutumayo,9349.61,9062.9
2022-07-20,11,PT1H,MC-BajoPutumayo,9950.29,9788.34
2022-07-20,12,PT1H,MC-BajoPutumayo,10307.19,9745.66
2022-07-20,13,PT1H,MC-BajoPutumayo,9798.08,9593.78
2022-07-20,14,PT1H,MC-BajoPutumayo,9408.05,9441.71
2022-07-20,15,PT1H,MC-BajoPutumayo,9245.14,9653.78
2022-07-20,16,PT1H,MC-BajoPutumayo,9227.1,9720.54
2022-07-20,17,PT1H,MC-BajoPutumayo,9205.1,9687.45
2022-07-20,18,PT1H,MC-BajoPutumayo,9283.68,9429.19
2022-07-20,19,PT1H,MC-BajoPutumayo,10428.39,10204.7
2022-07-20,20,PT1H,MC-BajoPutumayo,11002.79,10906.39
2022-07-20,21,PT1H,MC-BajoPutumayo,10439.22,10256.11
2022-07-20,22,PT1H,MC-BajoPutumayo,9334.69,9181.26
2022-07-20,23,PT1H,MC-BajoPutumayo,7960.14,7696.26
2022-07-20,24,PT1H,MC-BajoPutumayo,6844.11,6559.0
2025-07-14,1,PT1H,MC-BajoPutumayo,0.0,7921.7
2025-07-14,2,PT1H,MC-BajoPutumayo,0.0,7323.4
2025-07-14,3,PT1H,MC-BajoPutumayo,0.0,6970.6
2025-07-14,4,PT1H,MC-BajoPutumayo,0.0,6790.6
2025-07-14,5,PT1H,MC-BajoPutumayo,0.0,6732.5
2025-07-14,6,PT1H,MC-BajoPutumayo,0.0,7082.3
2025-07-14,7,PT1H,MC-BajoPutumayo,0.0,7430.1
2025-07-14,8,PT1H,MC-BajoPutumayo,397.65,8180.7
2025-07-14,9,PT1H,MC-BajoPutumayo,10368.25,9368.2
2025-07-14,10,PT1H,MC-BajoPutumayo,12553.3,10090.2
2025-07-14,11,PT1H,MC-BajoPutumayo,12349.06,10736.7
2025-07-14,12,PT1H,MC-BajoPutumayo,12340.38,11302.4
2025-07-14,13,PT1H,MC-BajoPutumayo,12227.24,11211.1
2025-07-14,14,PT1H,MC-BajoPutumayo,12676.79,11181.3
2025-07-14,15,PT1H,MC-BajoPutumayo,12779.2,11300.0
2025-07-14,16,PT1H,MC-BajoPutumayo,12787.94,11470.3
2025-07-14,17,PT1H,MC-BajoPutumayo,12721.69,11336.0
2025-07-14,18,PT1H,MC-BajoPutumayo,12567.99,11201.7
2025-07-14,19,PT1H,MC-BajoPutumayo,13374.53,12237.0
2025-07-14,20,PT1H,MC-BajoPutumayo,14092.25,12889.2
2025-07-14,21,PT1H,MC-BajoPutumayo,13274.24,12403.6
2025-07-14,22,PT1H,MC-BajoPutumayo,12114.49,11083.4
2025-07-14,23,PT1H,MC-BajoPutumayo,10014.92,9502.9
2025-07-14,24,PT1H,MC-BajoPutumayo,8431.98,8221.6
2025-11-06,1,PT1H,MC-BajoPutumayo,7574.39,8028.8
2025-11-06,2,PT1H,MC-BajoPutumayo,7208.17,7532.2
2025-11-06,3,PT1H,MC-BajoPutumayo,6985.67,7313.7
2025-11-06,4,PT1H,MC-BajoPutumayo,6850.1,7183.4
2025-11-06,5,PT1H,MC-BajoPutumayo,3663.34,7294.9
2025-11-06,6,PT1H,MC-BajoPutumayo,4668.58,7731.8
2025-11-06,7,PT1H,MC-BajoPutumayo,8506.99,8330.8
2025-11-06,8,PT1H,MC-BajoPutumayo,9941.08,9297.2
2025-11-06,9,PT1H,MC-BajoPutumayo,11188.38,10258.9
2025-11-06,10,PT1H,MC-BajoPutumayo,11745.35,11043.5
2025-11-06,11,PT1H,MC-BajoPutumayo,13019.01,11709.8
2025-11-06,12,PT1H,MC-BajoPutumayo,13514.95,12312.7
2025-11-06,13,PT1H,MC-BajoPutumayo,9382.62,12057.4
2025-11-06,14,PT1H,MC-BajoPutumayo,13908.88,12114.9
2025-11-06,15,PT1H,MC-BajoPutumayo,14487.94,12828.1
2025-11-06,16,PT1H,MC-BajoPutumayo,14718.06,12976.6
2025-11-06,17,PT1H,MC-BajoPutumayo,14422.41,12927.0
2025-11-06,18,PT1H,MC-BajoPutumayo,15495.72,13231.7
2025-11-06,19,PT1H,MC-BajoPutumayo,16134.89,14651.6
2025-11-06,20,PT1H,MC-BajoPutumayo,15468.51,14368.6
2025-11-06,21,PT1H,MC-BajoPutumayo,14318.45,13454.7
2025-11-06,22,PT1H,MC-BajoPutumayo,12735.37,12078.8
2025-11-06,23,PT1H,MC-BajoPutumayo,10828.53,10332.1
2025-11-06,24,PT1H,MC-BajoPutumayo,9431.28,9064.3
2024-08-23,1,PT1H,MC-BajoPutumayo,8447.32,8401.0
2024-08-23,2,PT1H,MC-BajoPutumayo,7966.63,8056.8
2024-08-23,3,PT1H,MC-BajoPutumayo,7844.59,7787.1
2024-08-23,4,PT1H,MC-BajoPutumayo,7620.6,7307.8
2024-08-23,5,PT1H,MC-BajoPutumayo,7776.56,7453.5
2024-08-23,6,PT1H,MC-BajoPutumayo,8398.31,7812.4
2024-08-23,7,PT1H,MC-BajoPutumayo,8930.27,8167.0
2024-08-23,8,PT1H,MC-BajoPutumayo,10020.63,9321.6
2024-08-23,9,PT1H,MC-BajoPutumayo,11174.85,10397.0
2024-08-23,10,PT1H,MC-BajoPutumayo,11731.06,11254.6
2024-08-23,11,PT1H,MC-BajoPutumayo,12781.26,11906.1
2024-08-23,12,PT1H,MC-BajoPutumayo,13221.18,12334.6
2024-08-23,13,PT1H,MC-BajoPutumayo,12978.96,12360.2
2024-08-23,14,PT1H,MC-BajoPutumayo,13591.79,12230.2
2024-08-23,15,PT1H,MC-BajoPutumayo,14342.12,11991.6
2024-08-23,16,PT1H,MC-BajoPutumayo,14487.48,11843.0
2024-08-23,17,PT1H,MC-BajoPutumayo,14257.73,11833.5
2024-08-23,18,PT1H,MC-BajoPutumayo,13814.76,11891.2
2024-08-23,19,PT1H,MC-BajoPutumayo,15261.62,13663.6
2024-08-23,20,PT1H,MC-BajoPutumayo,15152.99,14791.9
2024-08-23,21,PT1H,MC-BajoPutumayo,13970.03,14219.7
2024-08-23,22,PT1H,MC-BajoPutumayo,11787.81,12888.4
2024-08-23,23,PT1H,MC-BajoPutumayo,9650.96,10554.0
2024-08-23,24,PT1H,MC-BajoPutumayo,9004.73,8965.1
2024-04-29,1,PT1H,MC-BajoPutumayo,8275.48,8279.54
2024-04-29,2,PT1H,MC-BajoPutumayo,7817.88,7767.7
2024-04-29,3,PT1H,MC-BajoPutumayo,7541.84,7509.56
2024-04-29,4,PT1H,MC-BajoPutumayo,7342.95,7291.25
2024-04-29,5,PT1H,MC-BajoPutumayo,7403.3,7298.92
2024-04-29,6,PT1H,MC-BajoPutumayo,7918.02,7830.23
2024-04-29,7,PT1H,MC-BajoPutumayo,8442.58,8291.38
2024-04-29,8,PT1H,MC-BajoPutumayo,9284.11,9057.7
2024-04-29,9,PT1H,MC-BajoPutumayo,10697.4,10230.11
2024-04-29,10,PT1H,MC-BajoPutumayo,11651.36,11020.72
2024-04-29,11,PT1H,MC-BajoPutumayo,12483.8,11642.89
2024-04-29,12,PT1H,MC-BajoPutumayo,12961.01,11735.08
2024-04-29,13,PT1H,MC-BajoPutumayo,12871.14,11413.59
2024-04-29,14,PT1H,MC-BajoPutumayo,12869.71,12159.83
2024-04-29,15,PT1H,MC-BajoPutumayo,13642.38,13280.73
2024-04-29,16,PT1H,MC-BajoPutumayo,13906.68,13484.46
2024-04-29,17,PT1H,MC-BajoPutumayo,13716.29,13498.63
2024-04-29,18,PT1H,MC-BajoPutumayo,13418.67,13148.24
2024-04-29,19,PT1H,MC-BajoPutumayo,14468.17,14058.28
2024-04-29,20,PT1H,MC-BajoPutumayo,14709.65,14332.45
2024-04-29,21,PT1H,MC-BajoPutumayo,13961.82,13553.57
2024-04-29,22,PT1H,MC-BajoPutumayo,12835.51,12509.1
2024-04-29,23,PT1H,MC-BajoPutumayo,11068.18,10665.48
2024-04-29,24,PT1H,MC-BajoPutumayo,9441.46,9022.6
2022-03-26,1,PT1H,MC-BajoPutumayo,7083.06,7692.4
2022-03-26,2,PT1H,MC-BajoPutumayo,6494.95,7181.23
2022-03-26,3,PT1H,MC-BajoPutumayo,6428.13,6880.64
2022-03-26,4,PT1H,MC-BajoPutumayo,6243.75,6674.57
2022-03-26,5,PT1H,MC-BajoPutumayo,6212.64,6478.67
2022-03-26,6,PT1H,MC-BajoPutumayo,6523.59,6628.15
2022-03-26,7,PT1H,MC-BajoPutumayo,7113.18,6983.44
2022-03-26,8,PT1H,MC-BajoPutumayo,6666.2,7745.82
2022-03-26,9,PT1H,MC-BajoPutumayo,8645.54,8817.26
2022-03-26,10,PT1H,MC-BajoPutumayo,9730.42,9638.43
2022-03-26,11,PT1H,MC-BajoPutumayo,9911.21,10051.21
2022-03-26,12,PT1H,MC-BajoPutumayo,10054.52,10735.57
2022-03-26,13,PT1H,MC-BajoPutumayo,9754.17,10479.02
2022-03-26,14,PT1H,MC-BajoPutumayo,9870.67,10452.32
2022-03-26,15,PT1H,MC-BajoPutumayo,8833.73,10603.17
2022-03-26,16,PT1H,MC-BajoPutumayo,9750.88,10705.71
2022-03-26,17,PT1H,MC-BajoPutumayo,9735.91,10650.79
2022-03-26,18,PT1H,MC-BajoPutumayo,9866.8,10704.31
2022-03-26,19,PT1H,MC-BajoPutumayo,10845.99,11661.22
2022-03-26,20,PT1H,MC-BajoPutumayo,11707.2,12432.25
2022-03-26,21,PT1H,MC-BajoPutumayo,10948.01,11854.51
2022-03-26,22,PT1H,MC-BajoPutumayo,9829.15,10887.24
2022-03-26,23,PT1H,MC-BajoPutumayo,8576.5,9617.64
2022-03-26,24,PT1H,MC-BajoPutumayo,7614.9,8456.41
2025-12-04,1,PT1H,MC-BajoPutumayo,9766.41,6938.6
2025-12-04,2,PT1H,MC-BajoPutumayo,9227.73,6475.0
2025-12-04,3,PT1H,MC-BajoPutumayo,8897.27,6179.2
2025-12-04,4,PT1H,MC-BajoPutumayo,8675.04,6049.9
2025-12-04,5,PT1H,MC-BajoPutumayo,8710.78,6116.0
2025-12-04,6,PT1H,MC-BajoPutumayo,8992.51,6894.5
2025-12-04,7,PT1H,MC-BajoPutumayo,9768.25,7595.8
2025-12-04,8,PT1H,MC-BajoPutumayo,11178.97,8901.3
2025-12-04,9,PT1H,MC-BajoPutumayo,12471.23,10963.6
2025-12-04,10,PT1H,MC-BajoPutumayo,13502.13,12313.6
2025-12-04,11,PT1H,MC-BajoPutumayo,14627.44,13377.7
2025-12-04,12,PT1H,MC-BajoPutumayo,15279.58,13714.6
2025-12-04,13,PT1H,MC-BajoPutumayo,15115.61,13323.4
2025-12-04,14,PT1H,MC-BajoPutumayo,15805.47,13693.8
2025-12-04,15,PT1H,MC-BajoPutumayo,16044.42,14621.1
2025-12-04,16,PT1H,MC-BajoPutumayo,15811.77,14373.3
2025-12-04,17,PT1H,MC-BajoPutumayo,15601.48,14230.2
2025-12-04,18,PT1H,MC-BajoPutumayo,14016.39,14525.9
2025-12-04,19,PT1H,MC-BajoPutumayo,15355.86,15686.0
2025-12-04,20,PT1H,MC-BajoPutumayo,15373.88,15062.7
2025-12-04,21,PT1H,MC-BajoPutumayo,14523.29,13814.7
2025-12-04,22,PT1H,MC-BajoPutumayo,13381.38,12158.4
2025-12-04,23,PT1H,MC-BajoPutumayo,11944.65,10060.7
2025-12-04,24,PT1H,MC-BajoPutumayo,10449.13,8472.1
2024-03-30,1,PT1H,MC-BajoPutumayo,7349.43,8768.88
2024-03-30,2,PT1H,MC-BajoPutumayo,6948.12,8240.98
2024-03-30,3,PT1H,MC-BajoPutumayo,6648.19,7849.2
2024-03-30,4,PT1H,MC-BajoPutumayo,6542.19,7622.52
2024-03-30,5,PT1H,MC-BajoPutumayo,6547.7,7506.21
2024-03-30,6,PT1H,MC-BajoPutumayo,6742.04,7478.59
2024-03-30,7,PT1H,MC-BajoPutumayo,7110.29,7615.27
2024-03-30,8,PT1H,MC-BajoPutumayo,8199.1,8481.91
2024-03-30,9,PT1H,MC-BajoPutumayo,9727.94,9630.9
2024-03-30,10,PT1H,MC-BajoPutumayo,11044.66,10362.23
2024-03-30,11,PT1H,MC-BajoPutumayo,11918.37,10819.91
2024-03-30,12,PT1H,MC-BajoPutumayo,12703.74,11259.73
2024-03-30,13,PT1H,MC-BajoPutumayo,12729.34,11488.03
2024-03-30,14,PT1H,MC-BajoPutumayo,12734.0,11516.72
2024-03-30,15,PT1H,MC-BajoPutumayo,12892.3,11675.52
2024-03-30,16,PT1H,MC-BajoPutumayo,12558.38,11722.7
2024-03-30,17,PT1H,MC-BajoPutumayo,12780.33,11717.07
2024-03-30,18,PT1H,MC-BajoPutumayo,12743.82,11675.03
2024-03-30,19,PT1H,MC-BajoPutumayo,13308.41,12718.02
2024-03-30,20,PT1H,MC-BajoPutumayo,13583.76,13635.7
2024-03-30,21,PT1H,MC-BajoPutumayo,12809.02,13265.99
2024-03-30,22,PT1H,MC-BajoPutumayo,12065.63,12354.96
2024-03-30,23,PT1H,MC-BajoPutumayo,10801.72,10873.54
2024-03-30,24,PT1H,MC-BajoPutumayo,9677.12,9516.98
2023-11-08,1,PT1H,MC-BajoPutumayo,8407.96,8158.36
2023-11-08,2,PT1H,MC-BajoPutumayo,7983.02,7729.22
2023-11-08,3,PT1H,MC-BajoPutumayo,7617.02,7438.51
2023-11-08,4,PT1H,MC-BajoPutumayo,7352.72,7257.96
2023-11-08,5,PT1H,MC-BajoPutumayo,7234.11,7289.72
2023-11-08,6,PT1H,MC-BajoPutumayo,7773.71,7721.33
2023-11-08,7,PT1H,MC-BajoPutumayo,8505.53,8306.17
2023-11-08,8,PT1H,MC-BajoPutumayo,9547.52,9347.72
2023-11-08,9,PT1H,MC-BajoPutumayo,11033.73,10636.74
2023-11-08,10,PT1H,MC-BajoPutumayo,12046.14,11724.11
2023-11-08,11,PT1H,MC-BajoPutumayo,12995.74,12547.92
2023-11-08,12,PT1H,MC-BajoPutumayo,13806.23,13055.88
2023-11-08,13,PT1H,MC-BajoPutumayo,13213.76,12504.68
2023-11-08,14,PT1H,MC-BajoPutumayo,13598.47,12990.69
2023-11-08,15,PT1H,MC-BajoPutumayo,14346.74,13722.94
2023-11-08,16,PT1H,MC-BajoPutumayo,14245.71,13960.57
2023-11-08,17,PT1H,MC-BajoPutumayo,14180.1,13917.53
2023-11-08,18,PT1H,MC-BajoPutumayo,13963.99,13489.75
2023-11-08,19,PT1H,MC-BajoPutumayo,15195.79,14625.44
2023-11-08,20,PT1H,MC-BajoPutumayo,15171.57,14449.64
2023-11-08,21,PT1H,MC-BajoPutumayo,14315.31,13491.18
2023-11-08,22,PT1H,MC-BajoPutumayo,13041.56,12322.32
2023-11-08,23,PT1H,MC-BajoPutumayo,11363.45,10633.18
2023-11-08,24,PT1H,MC-BajoPutumayo,9894.73,9215.23
2022-04-25,1,PT1H,MC-BajoPutumayo,6996.74,6867.36
2022-04-25,2,PT1H,MC-BajoPutumayo,6323.78,6541.94
2022-04-25,3,PT1H,MC-BajoPutumayo,6044.27,6326.41
2022-04-25,4,PT1H,MC-BajoPutumayo,5808.16,6185.1
2022-04-25,5,PT1H,MC-BajoPutumayo,5861.32,6054.89
2022-04-25,6,PT1H,MC-BajoPutumayo,6739.48,6545.83
2022-04-25,7,PT1H,MC-BajoPutumayo,7334.37,7394.74
2022-04-25,8,PT1H,MC-BajoPutumayo,8090.72,8245.47
2022-04-25,9,PT1H,MC-BajoPutumayo,8044.32,9278.94
2022-04-25,10,PT1H,MC-BajoPutumayo,9304.49,9613.01
2022-04-25,11,PT1H,MC-BajoPutumayo,9303.87,10146.03
2022-04-25,12,PT1H,MC-BajoPutumayo,11631.19,10999.65
2022-04-25,13,PT1H,MC-BajoPutumayo,11009.31,10491.37
2022-04-25,14,PT1H,MC-BajoPutumayo,11333.16,10665.77
2022-04-25,15,PT1H,MC-BajoPutumayo,11925.69,11280.82
2022-04-25,16,PT1H,MC-BajoPutumayo,12069.38,11427.78
2022-04-25,17,PT1H,MC-BajoPutumayo,12017.2,11347.61
2022-04-25,18,PT1H,MC-BajoPutumayo,11727.91,11116.61
2022-04-25,19,PT1H,MC-BajoPutumayo,12723.29,12240.66
2022-04-25,20,PT1H,MC-BajoPutumayo,13132.45,12556.67
2022-04-25,21,PT1H,MC-BajoPutumayo,12437.31,11784.15
2022-04-25,22,PT1H,MC-BajoPutumayo,11274.15,10622.01
2022-04-25,23,PT1H,MC-BajoPutumayo,9507.2,9057.02
2022-04-25,24,PT1H,MC-BajoPutumayo,7967.58,7650.31
2022-12-18,1,PT1H,MC-BajoPutumayo,8100.72,6981.73
2022-12-18,2,PT1H,MC-BajoPutumayo,7805.68,6679.42
2022-12-18,3,PT1H,MC-BajoPutumayo,7404.87,6505.08
2022-12-18,4,PT1H,MC-BajoPutumayo,7062.77,6381.9
2022-12-18,5,PT1H,MC-BajoPutumayo,6917.2,6406.73
2022-12-18,6,PT1H,MC-BajoPutumayo,6808.98,6894.02
2022-12-18,7,PT1H,MC-BajoPutumayo,6951.08,7201.79
2022-12-18,8,PT1H,MC-BajoPutumayo,7980.58,8337.66
2022-12-18,9,PT1H,MC-BajoPutumayo,9372.32,9593.36
2022-12-18,10,PT1H,MC-BajoPutumayo,10914.22,10318.94
2022-12-18,11,PT1H,MC-BajoPutumayo,11690.02,10893.7
2022-12-18,12,PT1H,MC-BajoPutumayo,12382.04,11314.92
2022-12-18,13,PT1H,MC-BajoPutumayo,12474.77,11014.9
2022-12-18,14,PT1H,MC-BajoPutumayo,12458.98,10536.49
2022-12-18,15,PT1H,MC-BajoPutumayo,12086.4,10471.16
2022-12-18,16,PT1H,MC-BajoPutumayo,11976.22,10422.82
2022-12-18,17,PT1H,MC-BajoPutumayo,11882.69,10787.54
2022-12-18,18,PT1H,MC-BajoPutumayo,11783.95,10944.5
2022-12-18,19,PT1H,MC-BajoPutumayo,12987.27,12325.04
2022-12-18,20,PT1H,MC-BajoPutumayo,13215.97,13203.25
2022-12-18,21,PT1H,MC-BajoPutumayo,12603.01,12624.61
2022-12-18,22,PT1H,MC-BajoPutumayo,11887.29,11372.33
2022-12-18,23,PT1H,MC-BajoPutumayo,10204.3,9433.43
2022-12-18,24,PT1H,MC-BajoPutumayo,9153.52,7983.64
2025-09-18,1,PT1H,MC-BajoPutumayo,5920.06,8107.5
2025-09-18,2,PT1H,MC-BajoPutumayo,5571.5,7719.5
2025-09-18,3,PT1H,MC-BajoPutumayo,5370.21,7258.6
2025-09-18,4,PT1H,MC-BajoPutumayo,5234.61,7152.5
2025-09-18,5,PT1H,MC-BajoPutumayo,5301.66,7223.1
2025-09-18,6,PT1H,MC-BajoPutumayo,5981.35,7929.7
2025-09-18,7,PT1H,MC-BajoPutumayo,7374.8,8716.4
2025-09-18,8,PT1H,MC-BajoPutumayo,8822.3,9450.1
2025-09-18,9,PT1H,MC-BajoPutumayo,9732.31,10575.5
2025-09-18,10,PT1H,MC-BajoPutumayo,9760.43,11273.1
2025-09-18,11,PT1H,MC-BajoPutumayo,14075.95,12154.6
2025-09-18,12,PT1H,MC-BajoPutumayo,12391.45,12761.9
2025-09-18,13,PT1H,MC-BajoPutumayo,11918.46,12391.5
2025-09-18,14,PT1H,MC-BajoPutumayo,12574.7,12469.0
2025-09-18,15,PT1H,MC-BajoPutumayo,14171.75,13044.5
2025-09-18,16,PT1H,MC-BajoPutumayo,13914.52,13268.2
2025-09-18,17,PT1H,MC-BajoPutumayo,12392.03,13147.0
2025-09-18,18,PT1H,MC-BajoPutumayo,12308.39,13165.0
2025-09-18,19,PT1H,MC-BajoPutumayo,13445.04,14831.4
2025-09-18,20,PT1H,MC-BajoPutumayo,13998.31,15365.6
2025-09-18,21,PT1H,MC-BajoPutumayo,13524.84,14212.3
2025-09-18,22,PT1H,MC-BajoPutumayo,11721.45,12795.4
2025-09-18,23,PT1H,MC-BajoPutumayo,10178.01,10921.5
2025-09-18,24,PT1H,MC-BajoPutumayo,8656.68,9411.7
2023-01-01,1,PT1H,MC-BajoPutumayo,9667.98,9942.93
2023-01-01,2,PT1H,MC-BajoPutumayo,9282.52,9641.74
2023-01-01,3,PT1H,MC-BajoPutumayo,8898.0,9099.63
2023-01-01,4,PT1H,MC-BajoPutumayo,8453.15,8731.2
2023-01-01,5,PT1H,MC-BajoPutumayo,8234.85,8357.14
2023-01-01,6,PT1H,MC-BajoPutumayo,7902.25,7950.52
2023-01-01,7,PT1H,MC-BajoPutumayo,7383.04,7217.04
2023-01-01,8,PT1H,MC-BajoPutumayo,7753.21,7553.24
2023-01-01,9,PT1H,MC-BajoPutumayo,8151.85,8589.75
2023-01-01,10,PT1H,MC-BajoPutumayo,8741.46,9804.94
2023-01-01,11,PT1H,MC-BajoPutumayo,9294.05,10290.9
2023-01-01,12,PT1H,MC-BajoPutumayo,9869.82,9842.06
2023-01-01,13,PT1H,MC-BajoPutumayo,9836.48,9774.72
2023-01-01,14,PT1H,MC-BajoPutumayo,9822.42,9585.2
2023-01-01,15,PT1H,MC-BajoPutumayo,9694.59,9779.21
2023-01-01,16,PT1H,MC-BajoPutumayo,9574.95,9746.3
2023-01-01,17,PT1H,MC-BajoPutumayo,9565.6,9608.56
2023-01-01,18,PT1H,MC-BajoPutumayo,9774.83,9971.34
2023-01-01,19,PT1H,MC-BajoPutumayo,11108.73,11415.59
2023-01-01,20,PT1H,MC-BajoPutumayo,12135.76,12482.54
2023-01-01,21,PT1H,MC-BajoPutumayo,11708.12,12070.46
2023-01-01,22,PT1H,MC-BajoPutumayo,10719.51,11240.69
2023-01-01,23,PT1H,MC-BajoPutumayo,9411.8,10141.0
2023-01-01,24,PT1H,MC-BajoPutumayo,8736.41,9619.5
2024-04-25,1,PT1H,MC-BajoPutumayo,7774.03,8178.12
2024-04-25,2,PT1H,MC-BajoPutumayo,7400.98,7704.95
2024-04-25,3,PT1H,MC-BajoPutumayo,7191.26,7445.7
2024-04-25,4,PT1H,MC-BajoPutumayo,7061.56,7270.72
2024-04-25,5,PT1H,MC-BajoPutumayo,7084.12,7288.75
2024-04-25,6,PT1H,MC-BajoPutumayo,7734.09,7690.57
2024-04-25,7,PT1H,MC-BajoPutumayo,8389.15,8039.76
2024-04-25,8,PT1H,MC-BajoPutumayo,9060.31,8818.35
2024-04-25,9,PT1H,MC-BajoPutumayo,9959.66,9916.66
2024-04-25,10,PT1H,MC-BajoPutumayo,10452.3,10612.54
2024-04-25,11,PT1H,MC-BajoPutumayo,11205.8,11145.15
2024-04-25,12,PT1H,MC-BajoPutumayo,11186.39,11691.36
2024-04-25,13,PT1H,MC-BajoPutumayo,11077.8,11706.96
2024-04-25,14,PT1H,MC-BajoPutumayo,12217.57,12021.62
2024-04-25,15,PT1H,MC-BajoPutumayo,13108.71,12704.06
2024-04-25,16,PT1H,MC-BajoPutumayo,13394.83,12922.18
2024-04-25,17,PT1H,MC-BajoPutumayo,13560.37,12912.52
2024-04-25,18,PT1H,MC-BajoPutumayo,13380.48,12712.99
2024-04-25,19,PT1H,MC-BajoPutumayo,14500.0,13673.98
2024-04-25,20,PT1H,MC-BajoPutumayo,14643.53,13759.46
2024-04-25,21,PT1H,MC-BajoPutumayo,13949.83,13017.97
2024-04-25,22,PT1H,MC-BajoPutumayo,12629.88,11728.61
2024-04-25,23,PT1H,MC-BajoPutumayo,10955.67,10196.95
2024-04-25,24,PT1H,MC-BajoPutumayo,9606.37,9037.66
2023-06-14,1,PT1H,MC-BajoPutumayo,7745.3,7116.97
2023-06-14,2,PT1H,MC-BajoPutumayo,7290.69,6677.89
2023-06-14,3,PT1H,MC-BajoPutumayo,7034.78,6410.69
2023-06-14,4,PT1H,MC-BajoPutumayo,6872.5,6257.88
2023-06-14,5,PT1H,MC-BajoPutumayo,6509.89,6284.68
2023-06-14,6,PT1H,MC-BajoPutumayo,6961.57,6860.05
2023-06-14,7,PT1H,MC-BajoPutumayo,7597.19,7498.77
2023-06-14,8,PT1H,MC-BajoPutumayo,8123.78,8175.81
2023-06-14,9,PT1H,MC-BajoPutumayo,8854.26,9205.75
2023-06-14,10,PT1H,MC-BajoPutumayo,9533.48,9997.78
2023-06-14,11,PT1H,MC-BajoPutumayo,10123.29,10520.46
2023-06-14,12,PT1H,MC-BajoPutumayo,10573.01,10865.01
2023-06-14,13,PT1H,MC-BajoPutumayo,10166.73,10591.93
2023-06-14,14,PT1H,MC-BajoPutumayo,10326.54,10830.07
2023-06-14,15,PT1H,MC-BajoPutumayo,10978.56,11429.93
2023-06-14,16,PT1H,MC-BajoPutumayo,11069.97,11654.08
2023-06-14,17,PT1H,MC-BajoPutumayo,11109.07,11663.63
2023-06-14,18,PT1H,MC-BajoPutumayo,11142.1,11555.28
2023-06-14,19,PT1H,MC-BajoPutumayo,12340.11,12658.53
2023-06-14,20,PT1H,MC-BajoPutumayo,12597.52,12848.1
2023-06-14,21,PT1H,MC-BajoPutumayo,11880.91,12092.56
2023-06-14,22,PT1H,MC-BajoPutumayo,10736.13,10975.31
2023-06-14,23,PT1H,MC-BajoPutumayo,9131.52,9353.54
2023-06-14,24,PT1H,MC-BajoPutumayo,7746.97,8040.12
2022-02-01,1,PT1H,MC-BajoPutumayo,7528.1,7276.92
2022-02-01,2,PT1H,MC-BajoPutumayo,7141.73,6946.33
2022-02-01,3,PT1H,MC-BajoPutumayo,6577.52,6701.44
2022-02-01,4,PT1H,MC-BajoPutumayo,6299.09,6550.74
2022-02-01,5,PT1H,MC-BajoPutumayo,7051.44,6517.85
2022-02-01,6,PT1H,MC-BajoPutumayo,6897.6,6765.79
2022-02-01,7,PT1H,MC-BajoPutumayo,6922.17,7059.43
2022-02-01,8,PT1H,MC-BajoPutumayo,8294.86,8037.87
2022-02-01,9,PT1H,MC-BajoPutumayo,8579.24,9122.3
2022-02-01,10,PT1H,MC-BajoPutumayo,8826.0,10252.45
2022-02-01,11,PT1H,MC-BajoPutumayo,8645.07,11006.82
2022-02-01,12,PT1H,MC-BajoPutumayo,8828.16,11472.93
2022-02-01,13,PT1H,MC-BajoPutumayo,11989.93,11372.17
2022-02-01,14,PT1H,MC-BajoPutumayo,12013.86,11317.67
2022-02-01,15,PT1H,MC-BajoPutumayo,10834.95,11598.54
2022-02-01,16,PT1H,MC-BajoPutumayo,11852.97,11826.48
2022-02-01,17,PT1H,MC-BajoPutumayo,13518.85,11703.08
2022-02-01,18,PT1H,MC-BajoPutumayo,12129.06,11368.34
2022-02-01,19,PT1H,MC-BajoPutumayo,12435.07,12257.75
2022-02-01,20,PT1H,MC-BajoPutumayo,12943.32,13101.74
2022-02-01,21,PT1H,MC-BajoPutumayo,12272.99,12514.15
2022-02-01,22,PT1H,MC-BajoPutumayo,11475.64,11496.08
2022-02-01,23,PT1H,MC-BajoPutumayo,9955.78,9852.68
2022-02-01,24,PT1H,MC-BajoPutumayo,8295.39,8423.46
2024-03-11,1,PT1H,MC-BajoPutumayo,7821.37,8355.01
2024-03-11,2,PT1H,MC-BajoPutumayo,7344.25,7925.61
2024-03-11,3,PT1H,MC-BajoPutumayo,7120.41,7379.15
2024-03-11,4,PT1H,MC-BajoPutumayo,6916.73,7423.53
2024-03-11,5,PT1H,MC-BajoPutumayo,6919.71,7531.87
2024-03-11,6,PT1H,MC-BajoPutumayo,7523.65,7821.59
2024-03-11,7,PT1H,MC-BajoPutumayo,8046.34,8461.32
2024-03-11,8,PT1H,MC-BajoPutumayo,8754.78,9073.32
2024-03-11,9,PT1H,MC-BajoPutumayo,9968.56,10198.03
2024-03-11,10,PT1H,MC-BajoPutumayo,10783.45,10906.98
2024-03-11,11,PT1H,MC-BajoPutumayo,11666.09,11545.48
2024-03-11,12,PT1H,MC-BajoPutumayo,12141.17,12054.14
2024-03-11,13,PT1H,MC-BajoPutumayo,11427.74,11675.14
2024-03-11,14,PT1H,MC-BajoPutumayo,11667.53,11894.8
2024-03-11,15,PT1H,MC-BajoPutumayo,12629.54,12616.49
2024-03-11,16,PT1H,MC-BajoPutumayo,12844.45,12741.09
2024-03-11,17,PT1H,MC-BajoPutumayo,12691.44,12598.96
2024-03-11,18,PT1H,MC-BajoPutumayo,12404.52,12306.94
2024-03-11,19,PT1H,MC-BajoPutumayo,13192.42,13009.0
2024-03-11,20,PT1H,MC-BajoPutumayo,13757.51,13628.04
2024-03-11,21,PT1H,MC-BajoPutumayo,13222.94,12883.85
2024-03-11,22,PT1H,MC-BajoPutumayo,12070.91,11777.92
2024-03-11,23,PT1H,MC-BajoPutumayo,10219.48,10172.99
2024-03-11,24,PT1H,MC-BajoPutumayo,8820.4,8884.16
2023-08-11,1,PT1H,MC-BajoPutumayo,7527.38,7162.54
2023-08-11,2,PT1H,MC-BajoPutumayo,7433.28,6737.9
2023-08-11,3,PT1H,MC-BajoPutumayo,7310.73,6459.38
2023-08-11,4,PT1H,MC-BajoPutumayo,7371.63,6356.63
2023-08-11,5,PT1H,MC-BajoPutumayo,7176.9,6410.62
2023-08-11,6,PT1H,MC-BajoPutumayo,6967.57,6830.42
2023-08-11,7,PT1H,MC-BajoPutumayo,8261.66,7397.95
2023-08-11,8,PT1H,MC-BajoPutumayo,8901.54,8431.24
2023-08-11,9,PT1H,MC-BajoPutumayo,9762.1,9583.64
2023-08-11,10,PT1H,MC-BajoPutumayo,10187.64,10366.92
2023-08-11,11,PT1H,MC-BajoPutumayo,10899.44,11110.74
2023-08-11,12,PT1H,MC-BajoPutumayo,11348.91,11693.45
2023-08-11,13,PT1H,MC-BajoPutumayo,11135.89,11424.86
2023-08-11,14,PT1H,MC-BajoPutumayo,9599.06,11563.32
2023-08-11,15,PT1H,MC-BajoPutumayo,12222.93,12106.51
2023-08-11,16,PT1H,MC-BajoPutumayo,13917.29,12250.97
2023-08-11,17,PT1H,MC-BajoPutumayo,14452.19,12304.21
2023-08-11,18,PT1H,MC-BajoPutumayo,12188.54,12153.1
2023-08-11,19,PT1H,MC-BajoPutumayo,13959.73,12843.87
2023-08-11,20,PT1H,MC-BajoPutumayo,14206.5,13157.21
2023-08-11,21,PT1H,MC-BajoPutumayo,13023.53,12327.71
2023-08-11,22,PT1H,MC-BajoPutumayo,11828.81,11297.52
2023-08-11,23,PT1H,MC-BajoPutumayo,10273.57,9787.8
2023-08-11,24,PT1H,MC-BajoPutumayo,8728.04,8476.38
2024-07-12,1,PT1H,MC-BajoPutumayo,6615.23,7301.7
2024-07-12,2,PT1H,MC-BajoPutumayo,6295.5,6872.7
2024-07-12,3,PT1H,MC-BajoPutumayo,6109.28,6563.0
2024-07-12,4,PT1H,MC-BajoPutumayo,6238.84,6450.1
2024-07-12,5,PT1H,MC-BajoPutumayo,6343.39,6545.8
2024-07-12,6,PT1H,MC-BajoPutumayo,6509.1,6976.4
2024-07-12,7,PT1H,MC-BajoPutumayo,6983.9,7600.5
2024-07-12,8,PT1H,MC-BajoPutumayo,8220.36,8629.8
2024-07-12,9,PT1H,MC-BajoPutumayo,9193.94,9596.9
2024-07-12,10,PT1H,MC-BajoPutumayo,9923.87,10516.8
2024-07-12,11,PT1H,MC-BajoPutumayo,10333.61,11010.3
2024-07-12,12,PT1H,MC-BajoPutumayo,10484.56,11347.0
2024-07-12,13,PT1H,MC-BajoPutumayo,10022.33,11144.9
2024-07-12,14,PT1H,MC-BajoPutumayo,9882.51,11508.0
2024-07-12,15,PT1H,MC-BajoPutumayo,10327.54,12080.4
2024-07-12,16,PT1H,MC-BajoPutumayo,10599.87,12149.1
2024-07-12,17,PT1H,MC-BajoPutumayo,10684.06,12045.3
2024-07-12,18,PT1H,MC-BajoPutumayo,10666.04,12031.8
2024-07-12,19,PT1H,MC-BajoPutumayo,11783.6,13134.5
2024-07-12,20,PT1H,MC-BajoPutumayo,11840.48,13192.6
2024-07-12,21,PT1H,MC-BajoPutumayo,11069.78,12409.9
2024-07-12,22,PT1H,MC-BajoPutumayo,9800.3,11370.4
2024-07-12,23,PT1H,MC-BajoPutumayo,8378.04,9752.4
2024-07-12,24,PT1H,MC-BajoPutumayo,7190.85,8630.9
2022-02-11,1,PT1H,MC-BajoPutumayo,7315.75,7249.93
2022-02-11,2,PT1H,MC-BajoPutumayo,6875.77,6793.58
2022-02-11,3,PT1H,MC-BajoPutumayo,6618.17,6468.06
2022-02-11,4,PT1H,MC-BajoPutumayo,6185.82,6235.4
2022-02-11,5,PT1H,MC-BajoPutumayo,6363.76,6270.28
2022-02-11,6,PT1H,MC-BajoPutumayo,4847.78,6912.36
2022-02-11,7,PT1H,MC-BajoPutumayo,4788.05,7012.68
2022-02-11,8,PT1H,MC-BajoPutumayo,5140.96,7514.3
2022-02-11,9,PT1H,MC-BajoPutumayo,5845.31,8518.18
2022-02-11,10,PT1H,MC-BajoPutumayo,8913.11,9601.74
2022-02-11,11,PT1H,MC-BajoPutumayo,10164.16,10300.8
2022-02-11,12,PT1H,MC-BajoPutumayo,10323.35,10841.08
2022-02-11,13,PT1H,MC-BajoPutumayo,10114.47,11173.73
2022-02-11,14,PT1H,MC-BajoPutumayo,10523.49,10544.04
2022-02-11,15,PT1H,MC-BajoPutumayo,11335.7,10992.46
2022-02-11,16,PT1H,MC-BajoPutumayo,11508.86,11060.33
2022-02-11,17,PT1H,MC-BajoPutumayo,11316.47,11493.37
2022-02-11,18,PT1H,MC-BajoPutumayo,11253.75,10422.27
2022-02-11,19,PT1H,MC-BajoPutumayo,11849.97,11601.5
2022-02-11,20,PT1H,MC-BajoPutumayo,12184.14,12364.28
2022-02-11,21,PT1H,MC-BajoPutumayo,11458.25,11662.32
2022-02-11,22,PT1H,MC-BajoPutumayo,10424.21,10703.63
2022-02-11,23,PT1H,MC-BajoPutumayo,9068.7,9359.47
2022-02-11,24,PT1H,MC-BajoPutumayo,7764.09,8070.1
2026-02-22,1,PT1H,MC-BajoPutumayo,8486.8,7885.9
2026-02-22,2,PT1H,MC-BajoPutumayo,8034.78,7395.7
2026-02-22,3,PT1H,MC-BajoPutumayo,7665.57,7032.0
2026-02-22,4,PT1H,MC-BajoPutumayo,7496.73,6860.0
2026-02-22,5,PT1H,MC-BajoPutumayo,7432.31,6780.3
2026-02-22,6,PT1H,MC-BajoPutumayo,7590.41,7010.6
2026-02-22,7,PT1H,MC-BajoPutumayo,7942.05,7746.4
2026-02-22,8,PT1H,MC-BajoPutumayo,9057.57,8117.5
2026-02-22,9,PT1H,MC-BajoPutumayo,10078.17,9278.8
2026-02-22,10,PT1H,MC-BajoPutumayo,10905.33,10169.9
2026-02-22,11,PT1H,MC-BajoPutumayo,10893.51,10816.8
2026-02-22,12,PT1H,MC-BajoPutumayo,11309.15,11572.6
2026-02-22,13,PT1H,MC-BajoPutumayo,10980.81,11839.1
2026-02-22,14,PT1H,MC-BajoPutumayo,10644.56,12147.2
2026-02-22,15,PT1H,MC-BajoPutumayo,10693.21,12158.7
2026-02-22,16,PT1H,MC-BajoPutumayo,10641.96,12096.0
2026-02-22,17,PT1H,MC-BajoPutumayo,10607.31,12066.9
2026-02-22,18,PT1H,MC-BajoPutumayo,11154.92,12269.8
2026-02-22,19,PT1H,MC-BajoPutumayo,12934.11,13944.7
2026-02-22,20,PT1H,MC-BajoPutumayo,12933.79,13731.6
2026-02-22,21,PT1H,MC-BajoPutumayo,12006.35,13106.2
2026-02-22,22,PT1H,MC-BajoPutumayo,10564.33,11745.2
2026-02-22,23,PT1H,MC-BajoPutumayo,9170.85,10300.9
2026-02-22,24,PT1H,MC-BajoPutumayo,8051.4,9181.6
2022-07-29,1,PT1H,MC-BajoPutumayo,6747.87,6697.45
2022-07-29,2,PT1H,MC-BajoPutumayo,6239.27,6378.83
2022-07-29,3,PT1H,MC-BajoPutumayo,6013.27,6095.86
2022-07-29,4,PT1H,MC-BajoPutumayo,5913.82,5841.99
2022-07-29,5,PT1H,MC-BajoPutumayo,5911.6,5835.0
2022-07-29,6,PT1H,MC-BajoPutumayo,6479.64,6064.49
2022-07-29,7,PT1H,MC-BajoPutumayo,7259.58,6805.09
2022-07-29,8,PT1H,MC-BajoPutumayo,8174.51,7991.59
2022-07-29,9,PT1H,MC-BajoPutumayo,9563.92,9135.21
2022-07-29,10,PT1H,MC-BajoPutumayo,10412.84,9893.86
2022-07-29,11,PT1H,MC-BajoPutumayo,11260.97,10421.9
2022-07-29,12,PT1H,MC-BajoPutumayo,11923.85,11113.76
2022-07-29,13,PT1H,MC-BajoPutumayo,11733.25,10972.95
2022-07-29,14,PT1H,MC-BajoPutumayo,12054.0,11023.5
2022-07-29,15,PT1H,MC-BajoPutumayo,12974.63,11276.23
2022-07-29,16,PT1H,MC-BajoPutumayo,13141.98,11442.76
2022-07-29,17,PT1H,MC-BajoPutumayo,13026.99,11539.57
2022-07-29,18,PT1H,MC-BajoPutumayo,12715.32,11525.13
2022-07-29,19,PT1H,MC-BajoPutumayo,13228.12,12365.92
2022-07-29,20,PT1H,MC-BajoPutumayo,13770.59,12795.12
2022-07-29,21,PT1H,MC-BajoPutumayo,13011.38,11907.61
2022-07-29,22,PT1H,MC-BajoPutumayo,11828.91,10897.58
2022-07-29,23,PT1H,MC-BajoPutumayo,10293.73,9394.04
2022-07-29,24,PT1H,MC-BajoPutumayo,8919.08,8236.88
2022-07-06,1,PT1H,MC-BajoPutumayo,6056.47,6321.62
2022-07-06,2,PT1H,MC-BajoPutumayo,5731.79,5978.65
2022-07-06,3,PT1H,MC-BajoPutumayo,5535.96,5682.09
2022-07-06,4,PT1H,MC-BajoPutumayo,5473.2,5676.6
2022-07-06,5,PT1H,MC-BajoPutumayo,5508.13,5691.51
2022-07-06,6,PT1H,MC-BajoPutumayo,5903.28,6169.14
2022-07-06,7,PT1H,MC-BajoPutumayo,6581.04,6671.27
2022-07-06,8,PT1H,MC-BajoPutumayo,7629.9,7624.94
2022-07-06,9,PT1H,MC-BajoPutumayo,8569.01,8315.48
2022-07-06,10,PT1H,MC-BajoPutumayo,9161.53,9410.48
2022-07-06,11,PT1H,MC-BajoPutumayo,9599.57,10187.97
2022-07-06,12,PT1H,MC-BajoPutumayo,9808.92,10333.63
2022-07-06,13,PT1H,MC-BajoPutumayo,9279.04,10237.75
2022-07-06,14,PT1H,MC-BajoPutumayo,9118.33,10388.83
2022-07-06,15,PT1H,MC-BajoPutumayo,9526.74,10715.26
2022-07-06,16,PT1H,MC-BajoPutumayo,9331.16,11343.45
2022-07-06,17,PT1H,MC-BajoPutumayo,9470.87,10997.82
2022-07-06,18,PT1H,MC-BajoPutumayo,9449.34,11043.18
2022-07-06,19,PT1H,MC-BajoPutumayo,10665.69,11424.18
2022-07-06,20,PT1H,MC-BajoPutumayo,11603.48,12007.54
2022-07-06,21,PT1H,MC-BajoPutumayo,10886.45,11273.62
2022-07-06,22,PT1H,MC-BajoPutumayo,9892.86,10167.01
2022-07-06,23,PT1H,MC-BajoPutumayo,8196.23,8674.42
2022-07-06,24,PT1H,MC-BajoPutumayo,6777.55,7183.79
2022-06-23,1,PT1H,MC-BajoPutumayo,6815.63,6462.59
2022-06-23,2,PT1H,MC-BajoPutumayo,6391.29,6068.54
2022-06-23,3,PT1H,MC-BajoPutumayo,6189.82,5901.65
2022-06-23,4,PT1H,MC-BajoPutumayo,6083.24,5821.87
2022-06-23,5,PT1H,MC-BajoPutumayo,6086.18,5833.48
2022-06-23,6,PT1H,MC-BajoPutumayo,6479.76,6410.37
2022-06-23,7,PT1H,MC-BajoPutumayo,6896.51,7138.13
2022-06-23,8,PT1H,MC-BajoPutumayo,8077.71,7805.55
2022-06-23,9,PT1H,MC-BajoPutumayo,9059.4,8591.89
2022-06-23,10,PT1H,MC-BajoPutumayo,9662.15,9610.46
2022-06-23,11,PT1H,MC-BajoPutumayo,10114.76,10367.58
2022-06-23,12,PT1H,MC-BajoPutumayo,8555.35,10863.74
2022-06-23,13,PT1H,MC-BajoPutumayo,10210.54,10730.76
2022-06-23,14,PT1H,MC-BajoPutumayo,10241.7,10699.9
2022-06-23,15,PT1H,MC-BajoPutumayo,10288.03,11221.82
2022-06-23,16,PT1H,MC-BajoPutumayo,10319.06,11426.23
2022-06-23,17,PT1H,MC-BajoPutumayo,10390.01,11332.45
2022-06-23,18,PT1H,MC-BajoPutumayo,10538.75,11046.33
2022-06-23,19,PT1H,MC-BajoPutumayo,11551.32,11948.77
2022-06-23,20,PT1H,MC-BajoPutumayo,11818.02,12343.0
2022-06-23,21,PT1H,MC-BajoPutumayo,11081.74,11660.11
2022-06-23,22,PT1H,MC-BajoPutumayo,9923.91,10552.52
2022-06-23,23,PT1H,MC-BajoPutumayo,8427.56,8958.75
2022-06-23,24,PT1H,MC-BajoPutumayo,7238.54,7459.81
2024-01-08,1,PT1H,MC-BajoPutumayo,9085.0,7698.23
2024-01-08,2,PT1H,MC-BajoPutumayo,8597.7,7207.89
2024-01-08,3,PT1H,MC-BajoPutumayo,8261.2,6915.49
2024-01-08,4,PT1H,MC-BajoPutumayo,8543.19,6707.49
2024-01-08,5,PT1H,MC-BajoPutumayo,7949.08,6661.61
2024-01-08,6,PT1H,MC-BajoPutumayo,7952.22,6753.44
2024-01-08,7,PT1H,MC-BajoPutumayo,7918.05,6883.41
2024-01-08,8,PT1H,MC-BajoPutumayo,8659.97,7635.33
2024-01-08,9,PT1H,MC-BajoPutumayo,9693.26,8761.72
2024-01-08,10,PT1H,MC-BajoPutumayo,10314.28,9645.25
2024-01-08,11,PT1H,MC-BajoPutumayo,11105.02,10363.63
2024-01-08,12,PT1H,MC-BajoPutumayo,12033.0,10960.11
2024-01-08,13,PT1H,MC-BajoPutumayo,12233.87,10969.84
2024-01-08,14,PT1H,MC-BajoPutumayo,11937.56,11053.05
2024-01-08,15,PT1H,MC-BajoPutumayo,11426.29,11538.71
2024-01-08,16,PT1H,MC-BajoPutumayo,11263.89,11596.1
2024-01-08,17,PT1H,MC-BajoPutumayo,11149.6,11561.69
2024-01-08,18,PT1H,MC-BajoPutumayo,11461.27,11409.41
2024-01-08,19,PT1H,MC-BajoPutumayo,12399.29,12294.58
2024-01-08,20,PT1H,MC-BajoPutumayo,13205.86,12448.07
2024-01-08,21,PT1H,MC-BajoPutumayo,12655.8,11738.72
2024-01-08,22,PT1H,MC-BajoPutumayo,11597.4,10850.55
2024-01-08,23,PT1H,MC-BajoPutumayo,10350.55,9473.32
2024-01-08,24,PT1H,MC-BajoPutumayo,9276.2,8328.45
2025-05-29,1,PT1H,MC-BajoPutumayo,7554.92,7846.4
2025-05-29,2,PT1H,MC-BajoPutumayo,7067.65,7330.6
2025-05-29,3,PT1H,MC-BajoPutumayo,6812.22,7092.7
2025-05-29,4,PT1H,MC-BajoPutumayo,6666.19,6941.7
2025-05-29,5,PT1H,MC-BajoPutumayo,6684.38,6982.0
2025-05-29,6,PT1H,MC-BajoPutumayo,7101.26,5905.7
2025-05-29,7,PT1H,MC-BajoPutumayo,7883.45,8008.1
2025-05-29,8,PT1H,MC-BajoPutumayo,8660.73,8688.7
2025-05-29,9,PT1H,MC-BajoPutumayo,9673.07,9670.3
2025-05-29,10,PT1H,MC-BajoPutumayo,10508.78,10286.7
2025-05-29,11,PT1H,MC-BajoPutumayo,10913.67,10835.5
2025-05-29,12,PT1H,MC-BajoPutumayo,11401.48,11104.2
2025-05-29,13,PT1H,MC-BajoPutumayo,11117.56,10835.6
2025-05-29,14,PT1H,MC-BajoPutumayo,11031.66,10709.2
2025-05-29,15,PT1H,MC-BajoPutumayo,11567.85,11206.9
2025-05-29,16,PT1H,MC-BajoPutumayo,11792.48,11469.8
2025-05-29,17,PT1H,MC-BajoPutumayo,11904.78,11609.5
2025-05-29,18,PT1H,MC-BajoPutumayo,12023.82,11585.5
2025-05-29,19,PT1H,MC-BajoPutumayo,13354.95,12828.5
2025-05-29,20,PT1H,MC-BajoPutumayo,13656.6,13227.5
2025-05-29,21,PT1H,MC-BajoPutumayo,12775.47,12519.8
2025-05-29,22,PT1H,MC-BajoPutumayo,11445.62,11240.6
2025-05-29,23,PT1H,MC-BajoPutumayo,9885.96,9735.4
2025-05-29,24,PT1H,MC-BajoPutumayo,8428.92,8379.1
2023-11-12,1,PT1H,MC-BajoPutumayo,8830.83,8320.25
2023-11-12,2,PT1H,MC-BajoPutumayo,8284.09,7819.24
2023-11-12,3,PT1H,MC-BajoPutumayo,7998.27,7513.6
2023-11-12,4,PT1H,MC-BajoPutumayo,7781.6,7268.43
2023-11-12,5,PT1H,MC-BajoPutumayo,7567.94,7143.0
2023-11-12,6,PT1H,MC-BajoPutumayo,7439.74,7189.7
2023-11-12,7,PT1H,MC-BajoPutumayo,7655.75,7399.61
2023-11-12,8,PT1H,MC-BajoPutumayo,8483.1,8226.52
2023-11-12,9,PT1H,MC-BajoPutumayo,9334.37,9204.99
2023-11-12,10,PT1H,MC-BajoPutumayo,9774.77,9924.77
2023-11-12,11,PT1H,MC-BajoPutumayo,10082.08,10427.57
2023-11-12,12,PT1H,MC-BajoPutumayo,10422.87,10964.4
2023-11-12,13,PT1H,MC-BajoPutumayo,10595.53,11228.42
2023-11-12,14,PT1H,MC-BajoPutumayo,10629.28,11265.66
2023-11-12,15,PT1H,MC-BajoPutumayo,10675.76,11081.58
2023-11-12,16,PT1H,MC-BajoPutumayo,10844.16,11073.52
2023-11-12,17,PT1H,MC-BajoPutumayo,10960.36,11062.65
2023-11-12,18,PT1H,MC-BajoPutumayo,11031.68,11118.58
2023-11-12,19,PT1H,MC-BajoPutumayo,12326.42,12576.19
2023-11-12,20,PT1H,MC-BajoPutumayo,12410.31,12372.11
2023-11-12,21,PT1H,MC-BajoPutumayo,11900.84,11771.37
2023-11-12,22,PT1H,MC-BajoPutumayo,11117.62,10937.81
2023-11-12,23,PT1H,MC-BajoPutumayo,9994.81,9779.21
2023-11-12,24,PT1H,MC-BajoPutumayo,8897.12,8560.64
2023-05-27,1,PT1H,MC-BajoPutumayo,7033.72,8323.95
2023-05-27,2,PT1H,MC-BajoPutumayo,6594.05,7809.52
2023-05-27,3,PT1H,MC-BajoPutumayo,6344.75,7423.75
2023-05-27,4,PT1H,MC-BajoPutumayo,6207.5,7245.03
2023-05-27,5,PT1H,MC-BajoPutumayo,6186.23,7144.58
2023-05-27,6,PT1H,MC-BajoPutumayo,6462.6,7336.17
2023-05-27,7,PT1H,MC-BajoPutumayo,7033.02,7686.09
2023-05-27,8,PT1H,MC-BajoPutumayo,7968.38,8692.27
2023-05-27,9,PT1H,MC-BajoPutumayo,9443.93,9911.19
2023-05-27,10,PT1H,MC-BajoPutumayo,10689.0,10617.74
2023-05-27,11,PT1H,MC-BajoPutumayo,11572.22,11007.7
2023-05-27,12,PT1H,MC-BajoPutumayo,12342.93,11300.39
2023-05-27,13,PT1H,MC-BajoPutumayo,12296.37,11208.84
2023-05-27,14,PT1H,MC-BajoPutumayo,12203.74,11064.58
2023-05-27,15,PT1H,MC-BajoPutumayo,12436.96,11196.07
2023-05-27,16,PT1H,MC-BajoPutumayo,12652.87,11379.56
2023-05-27,17,PT1H,MC-BajoPutumayo,12633.73,11520.12
2023-05-27,18,PT1H,MC-BajoPutumayo,12425.27,11669.81
2023-05-27,19,PT1H,MC-BajoPutumayo,13420.09,13058.47
2023-05-27,20,PT1H,MC-BajoPutumayo,13757.13,13259.96
2023-05-27,21,PT1H,MC-BajoPutumayo,12906.84,12511.95
2023-05-27,22,PT1H,MC-BajoPutumayo,12014.28,11466.3
2023-05-27,23,PT1H,MC-BajoPutumayo,10691.87,10289.61
2023-05-27,24,PT1H,MC-BajoPutumayo,9456.04,9102.82
2024-05-18,1,PT1H,MC-BajoPutumayo,8369.49,7434.41
2024-05-18,2,PT1H,MC-BajoPutumayo,7966.45,6956.1
2024-05-18,3,PT1H,MC-BajoPutumayo,7604.57,6644.07
2024-05-18,4,PT1H,MC-BajoPutumayo,7374.49,6492.3
2024-05-18,5,PT1H,MC-BajoPutumayo,7331.38,6500.2
2024-05-18,6,PT1H,MC-BajoPutumayo,7502.19,6697.27
2024-05-18,7,PT1H,MC-BajoPutumayo,7880.71,7074.39
2024-05-18,8,PT1H,MC-BajoPutumayo,8972.9,8052.14
2024-05-18,9,PT1H,MC-BajoPutumayo,10197.25,9375.52
2024-05-18,10,PT1H,MC-BajoPutumayo,11189.28,10193.97
2024-05-18,11,PT1H,MC-BajoPutumayo,11619.17,10907.46
2024-05-18,12,PT1H,MC-BajoPutumayo,11388.86,11496.98
2024-05-18,13,PT1H,MC-BajoPutumayo,11588.16,11578.01
2024-05-18,14,PT1H,MC-BajoPutumayo,11526.12,11618.46
2024-05-18,15,PT1H,MC-BajoPutumayo,11853.85,11887.89
2024-05-18,16,PT1H,MC-BajoPutumayo,12073.52,12069.49
2024-05-18,17,PT1H,MC-BajoPutumayo,12614.74,11978.64
2024-05-18,18,PT1H,MC-BajoPutumayo,11426.69,11759.17
2024-05-18,19,PT1H,MC-BajoPutumayo,13144.41,13009.4
2024-05-18,20,PT1H,MC-BajoPutumayo,13098.03,13166.93
2024-05-18,21,PT1H,MC-BajoPutumayo,12185.73,12432.95
2024-05-18,22,PT1H,MC-BajoPutumayo,11233.45,11528.86
2024-05-18,23,PT1H,MC-BajoPutumayo,10122.25,10417.13
2024-05-18,24,PT1H,MC-BajoPutumayo,9135.72,9382.47
2022-03-11,1,PT1H,MC-BajoPutumayo,6168.39,7412.28
2022-03-11,2,PT1H,MC-BajoPutumayo,6156.05,6944.04
2022-03-11,3,PT1H,MC-BajoPutumayo,6015.54,6720.55
2022-03-11,4,PT1H,MC-BajoPutumayo,5878.96,6506.79
2022-03-11,5,PT1H,MC-BajoPutumayo,5917.83,6580.9
2022-03-11,6,PT1H,MC-BajoPutumayo,6579.91,7248.4
2022-03-11,7,PT1H,MC-BajoPutumayo,7334.58,7881.13
2022-03-11,8,PT1H,MC-BajoPutumayo,8066.78,8521.37
2022-03-11,9,PT1H,MC-BajoPutumayo,9249.49,9565.49
2022-03-11,10,PT1H,MC-BajoPutumayo,9882.91,10268.15
2022-03-11,11,PT1H,MC-BajoPutumayo,10544.9,10955.25
2022-03-11,12,PT1H,MC-BajoPutumayo,10967.32,11403.24
2022-03-11,13,PT1H,MC-BajoPutumayo,10884.73,11113.94
2022-03-11,14,PT1H,MC-BajoPutumayo,11034.22,11475.13
2022-03-11,15,PT1H,MC-BajoPutumayo,11719.36,12313.13
2022-03-11,16,PT1H,MC-BajoPutumayo,11911.62,12544.08
2022-03-11,17,PT1H,MC-BajoPutumayo,11860.42,12416.97
2022-03-11,18,PT1H,MC-BajoPutumayo,11449.87,11877.58
2022-03-11,19,PT1H,MC-BajoPutumayo,12101.99,12056.95
2022-03-11,20,PT1H,MC-BajoPutumayo,13133.38,12439.63
2022-03-11,21,PT1H,MC-BajoPutumayo,12504.9,11644.37
2022-03-11,22,PT1H,MC-BajoPutumayo,11474.27,10577.16
2022-03-11,23,PT1H,MC-BajoPutumayo,10031.65,9106.03
2022-03-11,24,PT1H,MC-BajoPutumayo,8589.61,7660.05
2024-04-26,1,PT1H,MC-BajoPutumayo,8608.97,7927.26
2024-04-26,2,PT1H,MC-BajoPutumayo,8028.04,7527.15
2024-04-26,3,PT1H,MC-BajoPutumayo,7698.53,7282.38
2024-04-26,4,PT1H,MC-BajoPutumayo,7506.65,7080.23
2024-04-26,5,PT1H,MC-BajoPutumayo,7548.91,7019.99
2024-04-26,6,PT1H,MC-BajoPutumayo,8153.86,7334.73
2024-04-26,7,PT1H,MC-BajoPutumayo,8673.42,7710.99
2024-04-26,8,PT1H,MC-BajoPutumayo,9412.22,8252.57
2024-04-26,9,PT1H,MC-BajoPutumayo,10712.12,9178.24
2024-04-26,10,PT1H,MC-BajoPutumayo,11611.76,9839.87
2024-04-26,11,PT1H,MC-BajoPutumayo,12656.25,10495.05
2024-04-26,12,PT1H,MC-BajoPutumayo,13463.99,10868.97
2024-04-26,13,PT1H,MC-BajoPutumayo,13299.14,10685.17
2024-04-26,14,PT1H,MC-BajoPutumayo,4334.41,11020.24
2024-04-26,15,PT1H,MC-BajoPutumayo,0.01,11608.38
2024-04-26,16,PT1H,MC-BajoPutumayo,0.0,11660.91
2024-04-26,17,PT1H,MC-BajoPutumayo,0.0,11676.13
2024-04-26,18,PT1H,MC-BajoPutumayo,4003.02,11591.43
2024-04-26,19,PT1H,MC-BajoPutumayo,15623.61,12533.26
2024-04-26,20,PT1H,MC-BajoPutumayo,15140.36,12864.0
2024-04-26,21,PT1H,MC-BajoPutumayo,13872.57,12136.12
2024-04-26,22,PT1H,MC-BajoPutumayo,12490.85,11189.04
2024-04-26,23,PT1H,MC-BajoPutumayo,11044.13,9935.78
2024-04-26,24,PT1H,MC-BajoPutumayo,9353.66,8830.3
2025-07-31,1,PT1H,MC-BajoPutumayo,8767.82,7900.7
2025-07-31,2,PT1H,MC-BajoPutumayo,8154.11,7410.4
2025-07-31,3,PT1H,MC-BajoPutumayo,7849.06,6970.5
2025-07-31,4,PT1H,MC-BajoPutumayo,7609.56,6964.5
2025-07-31,5,PT1H,MC-BajoPutumayo,7575.89,6987.5
2025-07-31,6,PT1H,MC-BajoPutumayo,8224.62,7537.0
2025-07-31,7,PT1H,MC-BajoPutumayo,8859.61,8359.1
2025-07-31,8,PT1H,MC-BajoPutumayo,9438.06,9243.7
2025-07-31,9,PT1H,MC-BajoPutumayo,10911.14,10359.1
2025-07-31,10,PT1H,MC-BajoPutumayo,11777.29,10868.0
2025-07-31,11,PT1H,MC-BajoPutumayo,12459.62,11240.6
2025-07-31,12,PT1H,MC-BajoPutumayo,13059.02,11745.7
2025-07-31,13,PT1H,MC-BajoPutumayo,12675.54,11559.0
2025-07-31,14,PT1H,MC-BajoPutumayo,12226.2,11314.3
2025-07-31,15,PT1H,MC-BajoPutumayo,12216.97,11521.5
2025-07-31,16,PT1H,MC-BajoPutumayo,12435.27,11595.2
2025-07-31,17,PT1H,MC-BajoPutumayo,12496.15,11869.6
2025-07-31,18,PT1H,MC-BajoPutumayo,12604.37,12419.3
2025-07-31,19,PT1H,MC-BajoPutumayo,13544.54,13737.5
2025-07-31,20,PT1H,MC-BajoPutumayo,14258.1,14020.3
2025-07-31,21,PT1H,MC-BajoPutumayo,13404.09,12954.3
2025-07-31,22,PT1H,MC-BajoPutumayo,11966.74,11471.7
2025-07-31,23,PT1H,MC-BajoPutumayo,10111.88,9613.2
2025-07-31,24,PT1H,MC-BajoPutumayo,8605.75,8361.9
2022-07-16,1,PT1H,MC-BajoPutumayo,7551.17,7754.17
2022-07-16,2,PT1H,MC-BajoPutumayo,7043.24,7193.5
2022-07-16,3,PT1H,MC-BajoPutumayo,6741.29,6854.98
2022-07-16,4,PT1H,MC-BajoPutumayo,6571.36,6611.67
2022-07-16,5,PT1H,MC-BajoPutumayo,6460.23,6537.62
2022-07-16,6,PT1H,MC-BajoPutumayo,6782.07,6759.77
2022-07-16,7,PT1H,MC-BajoPutumayo,7161.52,7098.29
2022-07-16,8,PT1H,MC-BajoPutumayo,8188.6,8230.21
2022-07-16,9,PT1H,MC-BajoPutumayo,9355.71,9277.5
2022-07-16,10,PT1H,MC-BajoPutumayo,10228.11,9996.84
2022-07-16,11,PT1H,MC-BajoPutumayo,11050.88,10419.99
2022-07-16,12,PT1H,MC-BajoPutumayo,11971.18,10663.3
2022-07-16,13,PT1H,MC-BajoPutumayo,11791.94,10451.73
2022-07-16,14,PT1H,MC-BajoPutumayo,11670.97,10187.26
2022-07-16,15,PT1H,MC-BajoPutumayo,11724.3,10229.58
2022-07-16,16,PT1H,MC-BajoPutumayo,10917.45,10261.31
2022-07-16,17,PT1H,MC-BajoPutumayo,11328.79,10515.2
2022-07-16,18,PT1H,MC-BajoPutumayo,11363.01,10631.57
2022-07-16,19,PT1H,MC-BajoPutumayo,12156.08,11752.9
2022-07-16,20,PT1H,MC-BajoPutumayo,12679.36,12207.79
2022-07-16,21,PT1H,MC-BajoPutumayo,11835.11,11446.12
2022-07-16,22,PT1H,MC-BajoPutumayo,10773.26,10377.68
2022-07-16,23,PT1H,MC-BajoPutumayo,9489.17,9044.76
2022-07-16,24,PT1H,MC-BajoPutumayo,8361.89,7997.48
2024-05-13,1,PT1H,MC-BajoPutumayo,9414.03,7629.05
2024-05-13,2,PT1H,MC-BajoPutumayo,8765.19,7578.86
2024-05-13,3,PT1H,MC-BajoPutumayo,8381.53,7254.12
2024-05-13,4,PT1H,MC-BajoPutumayo,8109.56,7192.33
2024-05-13,5,PT1H,MC-BajoPutumayo,7948.94,7221.13
2024-05-13,6,PT1H,MC-BajoPutumayo,7898.3,7746.4
2024-05-13,7,PT1H,MC-BajoPutumayo,7935.96,8339.41
2024-05-13,8,PT1H,MC-BajoPutumayo,8855.55,9379.33
2024-05-13,9,PT1H,MC-BajoPutumayo,9961.78,10543.01
2024-05-13,10,PT1H,MC-BajoPutumayo,10607.29,11289.39
2024-05-13,11,PT1H,MC-BajoPutumayo,11260.87,12001.69
2024-05-13,12,PT1H,MC-BajoPutumayo,11932.33,12577.9
2024-05-13,13,PT1H,MC-BajoPutumayo,12118.03,12489.19
2024-05-13,14,PT1H,MC-BajoPutumayo,12180.03,12635.42
2024-05-13,15,PT1H,MC-BajoPutumayo,12570.98,13418.9
2024-05-13,16,PT1H,MC-BajoPutumayo,12611.72,13657.52
2024-05-13,17,PT1H,MC-BajoPutumayo,12417.11,13546.77
2024-05-13,18,PT1H,MC-BajoPutumayo,12281.48,13225.01
2024-05-13,19,PT1H,MC-BajoPutumayo,13611.88,14314.63
2024-05-13,20,PT1H,MC-BajoPutumayo,14052.52,14622.15
2024-05-13,21,PT1H,MC-BajoPutumayo,13460.49,13830.05
2024-05-13,22,PT1H,MC-BajoPutumayo,12221.63,12726.93
2024-05-13,23,PT1H,MC-BajoPutumayo,10798.77,11038.5
2024-05-13,24,PT1H,MC-BajoPutumayo,9531.28,9494.55
2024-12-03,1,PT1H,MC-BajoPutumayo,8388.51,7532.0
2024-12-03,2,PT1H,MC-BajoPutumayo,8025.75,7364.6
2024-12-03,3,PT1H,MC-BajoPutumayo,7633.2,7264.4
2024-12-03,4,PT1H,MC-BajoPutumayo,7597.91,7221.5
2024-12-03,5,PT1H,MC-BajoPutumayo,7877.53,7282.7
2024-12-03,6,PT1H,MC-BajoPutumayo,8142.63,7891.5
2024-12-03,7,PT1H,MC-BajoPutumayo,9250.55,8477.5
2024-12-03,8,PT1H,MC-BajoPutumayo,10722.05,9565.7
2024-12-03,9,PT1H,MC-BajoPutumayo,12234.78,10669.0
2024-12-03,10,PT1H,MC-BajoPutumayo,13224.32,11505.0
2024-12-03,11,PT1H,MC-BajoPutumayo,14005.61,12845.0
2024-12-03,12,PT1H,MC-BajoPutumayo,14055.32,13115.2
2024-12-03,13,PT1H,MC-BajoPutumayo,13608.98,12809.3
2024-12-03,14,PT1H,MC-BajoPutumayo,13916.85,13341.0
2024-12-03,15,PT1H,MC-BajoPutumayo,14282.55,14462.8
2024-12-03,16,PT1H,MC-BajoPutumayo,14216.55,14043.3
2024-12-03,17,PT1H,MC-BajoPutumayo,13567.46,13995.7
2024-12-03,18,PT1H,MC-BajoPutumayo,14220.6,14550.7
2024-12-03,19,PT1H,MC-BajoPutumayo,15830.78,15434.3
2024-12-03,20,PT1H,MC-BajoPutumayo,14719.1,14643.3
2024-12-03,21,PT1H,MC-BajoPutumayo,13490.85,13381.5
2024-12-03,22,PT1H,MC-BajoPutumayo,11975.71,11729.2
2024-12-03,23,PT1H,MC-BajoPutumayo,10403.3,10291.3
2024-12-03,24,PT1H,MC-BajoPutumayo,9289.8,9179.4
2024-01-24,1,PT1H,MC-BajoPutumayo,8432.34,7891.05
2024-01-24,2,PT1H,MC-BajoPutumayo,7927.49,7311.06
2024-01-24,3,PT1H,MC-BajoPutumayo,7624.28,6958.75
2024-01-24,4,PT1H,MC-BajoPutumayo,7416.54,6798.72
2024-01-24,5,PT1H,MC-BajoPutumayo,7357.85,6842.32
2024-01-24,6,PT1H,MC-BajoPutumayo,7553.51,7113.88
2024-01-24,7,PT1H,MC-BajoPutumayo,7840.4,7446.15
2024-01-24,8,PT1H,MC-BajoPutumayo,9076.19,8770.09
2024-01-24,9,PT1H,MC-BajoPutumayo,10357.74,10183.63
2024-01-24,10,PT1H,MC-BajoPutumayo,11680.38,11006.57
2024-01-24,11,PT1H,MC-BajoPutumayo,12714.46,11983.16
2024-01-24,12,PT1H,MC-BajoPutumayo,13677.89,12687.2
2024-01-24,13,PT1H,MC-BajoPutumayo,13472.74,12859.86
2024-01-24,14,PT1H,MC-BajoPutumayo,13979.12,12954.17
2024-01-24,15,PT1H,MC-BajoPutumayo,14193.32,13146.84
2024-01-24,16,PT1H,MC-BajoPutumayo,13867.13,13010.46
2024-01-24,17,PT1H,MC-BajoPutumayo,14317.49,12790.17
2024-01-24,18,PT1H,MC-BajoPutumayo,13838.06,12585.53
2024-01-24,19,PT1H,MC-BajoPutumayo,13965.74,13757.3
2024-01-24,20,PT1H,MC-BajoPutumayo,14832.36,13952.46
2024-01-24,21,PT1H,MC-BajoPutumayo,14075.51,13236.76
2024-01-24,22,PT1H,MC-BajoPutumayo,13161.79,12087.34
2024-01-24,23,PT1H,MC-BajoPutumayo,11582.11,10634.16
2024-01-24,24,PT1H,MC-BajoPutumayo,9912.09,9228.67
2024-09-06,1,PT1H,MC-BajoPutumayo,7119.81,8205.4
2024-09-06,2,PT1H,MC-BajoPutumayo,6869.92,7784.1
2024-09-06,3,PT1H,MC-BajoPutumayo,6572.95,7618.4
2024-09-06,4,PT1H,MC-BajoPutumayo,6676.97,7450.8
2024-09-06,5,PT1H,MC-BajoPutumayo,6735.57,7542.9
2024-09-06,6,PT1H,MC-BajoPutumayo,7580.18,8228.2
2024-09-06,7,PT1H,MC-BajoPutumayo,8188.69,8780.9
2024-09-06,8,PT1H,MC-BajoPutumayo,9164.85,9769.5
2024-09-06,9,PT1H,MC-BajoPutumayo,9123.17,9991.0
2024-09-06,10,PT1H,MC-BajoPutumayo,9388.51,10629.2
2024-09-06,11,PT1H,MC-BajoPutumayo,9864.64,11275.7
2024-09-06,12,PT1H,MC-BajoPutumayo,10166.97,11570.6
2024-09-06,13,PT1H,MC-BajoPutumayo,10160.11,11487.8
2024-09-06,14,PT1H,MC-BajoPutumayo,11002.98,12151.8
2024-09-06,15,PT1H,MC-BajoPutumayo,11868.99,12697.7
2024-09-06,16,PT1H,MC-BajoPutumayo,12133.21,12264.7
2024-09-06,17,PT1H,MC-BajoPutumayo,11963.91,13141.1
2024-09-06,18,PT1H,MC-BajoPutumayo,13306.55,12987.0
2024-09-06,19,PT1H,MC-BajoPutumayo,14814.62,14137.3
2024-09-06,20,PT1H,MC-BajoPutumayo,14383.5,13999.2
2024-09-06,21,PT1H,MC-BajoPutumayo,13376.06,13065.4
2024-09-06,22,PT1H,MC-BajoPutumayo,12281.88,11361.1
2024-09-06,23,PT1H,MC-BajoPutumayo,10492.62,9548.5
2024-09-06,24,PT1H,MC-BajoPutumayo,9095.74,8579.1
2024-12-13,1,PT1H,MC-BajoPutumayo,8292.09,7907.9
2024-12-13,2,PT1H,MC-BajoPutumayo,7878.76,7580.3
2024-12-13,3,PT1H,MC-BajoPutumayo,7613.03,7100.9
2024-12-13,4,PT1H,MC-BajoPutumayo,7487.33,7218.5
2024-12-13,5,PT1H,MC-BajoPutumayo,7796.36,7511.6
2024-12-13,6,PT1H,MC-BajoPutumayo,7797.66,8062.5
2024-12-13,7,PT1H,MC-BajoPutumayo,8752.45,8881.1
2024-12-13,8,PT1H,MC-BajoPutumayo,10375.03,9843.7
2024-12-13,9,PT1H,MC-BajoPutumayo,11328.98,10914.1
2024-12-13,10,PT1H,MC-BajoPutumayo,12214.56,11685.2
2024-12-13,11,PT1H,MC-BajoPutumayo,12968.81,12172.9
2024-12-13,12,PT1H,MC-BajoPutumayo,12899.38,12567.7
2024-12-13,13,PT1H,MC-BajoPutumayo,12601.58,12413.1
2024-12-13,14,PT1H,MC-BajoPutumayo,13633.9,13053.1
2024-12-13,15,PT1H,MC-BajoPutumayo,13409.54,13463.5
2024-12-13,16,PT1H,MC-BajoPutumayo,13526.21,13435.5
2024-12-13,17,PT1H,MC-BajoPutumayo,13064.88,13183.9
2024-12-13,18,PT1H,MC-BajoPutumayo,13617.12,13753.3
2024-12-13,19,PT1H,MC-BajoPutumayo,14523.33,14484.8
2024-12-13,20,PT1H,MC-BajoPutumayo,13959.7,13520.9
2024-12-13,21,PT1H,MC-BajoPutumayo,12872.31,12314.2
2024-12-13,22,PT1H,MC-BajoPutumayo,11458.57,10907.1
2024-12-13,23,PT1H,MC-BajoPutumayo,10051.53,9564.1
2024-12-13,24,PT1H,MC-BajoPutumayo,9106.14,8583.1
2025-03-04,1,PT1H,MC-BajoPutumayo,6804.64,7920.8
2025-03-04,2,PT1H,MC-BajoPutumayo,7885.47,7457.9
2025-03-04,3,PT1H,MC-BajoPutumayo,7419.15,7209.9
2025-03-04,4,PT1H,MC-BajoPutumayo,7180.06,7126.2
2025-03-04,5,PT1H,MC-BajoPutumayo,7215.73,7224.4
2025-03-04,6,PT1H,MC-BajoPutumayo,7956.62,8112.8
2025-03-04,7,PT1H,MC-BajoPutumayo,8679.26,8962.9
2025-03-04,8,PT1H,MC-BajoPutumayo,9212.39,9377.6
2025-03-04,9,PT1H,MC-BajoPutumayo,9801.36,10338.6
2025-03-04,10,PT1H,MC-BajoPutumayo,10128.07,10980.3
2025-03-04,11,PT1H,MC-BajoPutumayo,11079.86,11693.4
2025-03-04,12,PT1H,MC-BajoPutumayo,11829.59,11772.1
2025-03-04,13,PT1H,MC-BajoPutumayo,11622.91,11462.2
2025-03-04,14,PT1H,MC-BajoPutumayo,12053.33,11902.9
2025-03-04,15,PT1H,MC-BajoPutumayo,13181.07,12940.6
2025-03-04,16,PT1H,MC-BajoPutumayo,13348.12,13217.7
2025-03-04,17,PT1H,MC-BajoPutumayo,12962.35,12723.5
2025-03-04,18,PT1H,MC-BajoPutumayo,13372.53,12278.2
2025-03-04,19,PT1H,MC-BajoPutumayo,14306.41,13630.3
2025-03-04,20,PT1H,MC-BajoPutumayo,14487.19,14929.4
2025-03-04,21,PT1H,MC-BajoPutumayo,13409.16,14357.6
2025-03-04,22,PT1H,MC-BajoPutumayo,12110.25,13049.4
2025-03-04,23,PT1H,MC-BajoPutumayo,10428.96,11181.5
2025-03-04,24,PT1H,MC-BajoPutumayo,9008.7,9498.2
2024-01-18,18,PT1H,MC-BajoPutumayo,12341.02,11715.33
2024-01-18,19,PT1H,MC-BajoPutumayo,12776.73,13652.75
2024-01-18,20,PT1H,MC-BajoPutumayo,13428.97,14511.76
2024-01-18,21,PT1H,MC-BajoPutumayo,12696.11,13822.03
2024-01-18,22,PT1H,MC-BajoPutumayo,11656.55,13163.29
2024-01-18,23,PT1H,MC-BajoPutumayo,10228.54,10597.55
2024-01-18,24,PT1H,MC-BajoPutumayo,8799.06,9241.47
2024-01-18,1,PT1H,MC-BajoPutumayo,7859.51,8887.04
2024-01-18,2,PT1H,MC-BajoPutumayo,7424.46,8112.76
2024-01-18,3,PT1H,MC-BajoPutumayo,7160.42,7775.4
2024-01-18,4,PT1H,MC-BajoPutumayo,6970.8,7634.97
2024-01-18,5,PT1H,MC-BajoPutumayo,6974.33,7366.17
2024-01-18,6,PT1H,MC-BajoPutumayo,7159.88,7590.69
2024-01-18,7,PT1H,MC-BajoPutumayo,6863.92,8413.92
2024-01-18,8,PT1H,MC-BajoPutumayo,8028.75,9237.16
2024-01-18,9,PT1H,MC-BajoPutumayo,9694.7,10361.81
2024-01-18,10,PT1H,MC-BajoPutumayo,10205.43,11005.72
2024-01-18,11,PT1H,MC-BajoPutumayo,10621.46,11400.97
2024-01-18,12,PT1H,MC-BajoPutumayo,11379.16,11910.63
2024-01-18,13,PT1H,MC-BajoPutumayo,11302.89,11809.09
2024-01-18,14,PT1H,MC-BajoPutumayo,11560.29,11732.57
2024-01-18,15,PT1H,MC-BajoPutumayo,12357.48,11773.82
2024-01-18,16,PT1H,MC-BajoPutumayo,12580.87,11803.02
2024-01-18,17,PT1H,MC-BajoPutumayo,12679.96,11836.31
2024-05-12,1,PT1H,MC-BajoPutumayo,8693.32,7303.96
2024-05-12,2,PT1H,MC-BajoPutumayo,8079.29,6997.55
2024-05-12,3,PT1H,MC-BajoPutumayo,7766.16,6893.81
2024-05-12,4,PT1H,MC-BajoPutumayo,7483.34,6763.06
2024-05-12,5,PT1H,MC-BajoPutumayo,7364.01,6829.95
2024-05-12,6,PT1H,MC-BajoPutumayo,7305.44,7641.85
2024-05-12,7,PT1H,MC-BajoPutumayo,7656.74,8658.53
2024-05-12,8,PT1H,MC-BajoPutumayo,8701.44,9072.66
2024-05-12,9,PT1H,MC-BajoPutumayo,9912.13,9743.49
2024-05-12,10,PT1H,MC-BajoPutumayo,10860.29,10384.21
2024-05-12,11,PT1H,MC-BajoPutumayo,11584.76,11145.61
2024-05-12,12,PT1H,MC-BajoPutumayo,12081.17,11574.9
2024-05-12,13,PT1H,MC-BajoPutumayo,12166.24,11260.54
2024-05-12,14,PT1H,MC-BajoPutumayo,12054.11,11483.6
2024-05-12,15,PT1H,MC-BajoPutumayo,12171.89,11661.93
2024-05-12,16,PT1H,MC-BajoPutumayo,12368.1,11409.33
2024-05-12,17,PT1H,MC-BajoPutumayo,12313.93,11499.67
2024-05-12,18,PT1H,MC-BajoPutumayo,12241.15,11343.52
2024-05-12,19,PT1H,MC-BajoPutumayo,13499.31,13056.88
2024-05-12,20,PT1H,MC-BajoPutumayo,13892.27,13794.82
2024-05-12,21,PT1H,MC-BajoPutumayo,13409.51,13061.75
2024-05-12,22,PT1H,MC-BajoPutumayo,12701.73,11737.51
2024-05-12,23,PT1H,MC-BajoPutumayo,11626.74,9955.2
2024-05-12,24,PT1H,MC-BajoPutumayo,10556.72,8043.69
2022-12-01,1,PT1H,MC-BajoPutumayo,8994.4,7982.99
2022-12-01,2,PT1H,MC-BajoPutumayo,8271.24,7520.09
2022-12-01,3,PT1H,MC-BajoPutumayo,7707.43,7321.41
2022-12-01,4,PT1H,MC-BajoPutumayo,7408.43,7164.73
2022-12-01,5,PT1H,MC-BajoPutumayo,7723.74,7227.4
2022-12-01,6,PT1H,MC-BajoPutumayo,7084.58,7769.6
2022-12-01,7,PT1H,MC-BajoPutumayo,8225.83,8575.91
2022-12-01,8,PT1H,MC-BajoPutumayo,10013.53,9410.49
2022-12-01,9,PT1H,MC-BajoPutumayo,11345.1,10704.51
2022-12-01,10,PT1H,MC-BajoPutumayo,11813.77,11522.72
2022-12-01,11,PT1H,MC-BajoPutumayo,12992.79,12259.28
2022-12-01,12,PT1H,MC-BajoPutumayo,13720.96,12758.66
2022-12-01,13,PT1H,MC-BajoPutumayo,13337.93,12290.92
2022-12-01,14,PT1H,MC-BajoPutumayo,13531.19,12281.63
2022-12-01,15,PT1H,MC-BajoPutumayo,13926.76,12740.13
2022-12-01,16,PT1H,MC-BajoPutumayo,13774.76,12808.83
2022-12-01,17,PT1H,MC-BajoPutumayo,13520.98,12865.83
2022-12-01,18,PT1H,MC-BajoPutumayo,13334.66,13102.39
2022-12-01,19,PT1H,MC-BajoPutumayo,14607.72,14522.21
2022-12-01,20,PT1H,MC-BajoPutumayo,14789.39,14406.16
2022-12-01,21,PT1H,MC-BajoPutumayo,13743.72,13486.5
2022-12-01,22,PT1H,MC-BajoPutumayo,12549.22,12151.25
2022-12-01,23,PT1H,MC-BajoPutumayo,10598.69,10309.53
2022-12-01,24,PT1H,MC-BajoPutumayo,9289.92,8929.43
2023-02-28,1,PT1H,MC-BajoPutumayo,8042.9,7367.75
2023-02-28,2,PT1H,MC-BajoPutumayo,7606.7,6949.82
2023-02-28,3,PT1H,MC-BajoPutumayo,7366.41,6671.88
2023-02-28,4,PT1H,MC-BajoPutumayo,7166.68,6583.74
2023-02-28,5,PT1H,MC-BajoPutumayo,7122.1,6694.36
2023-02-28,6,PT1H,MC-BajoPutumayo,7657.33,7083.01
2023-02-28,7,PT1H,MC-BajoPutumayo,8509.24,7564.37
2023-02-28,8,PT1H,MC-BajoPutumayo,9104.54,8505.35
2023-02-28,9,PT1H,MC-BajoPutumayo,9976.56,9669.85
2023-02-28,10,PT1H,MC-BajoPutumayo,10158.41,10216.39
2023-02-28,11,PT1H,MC-BajoPutumayo,10482.47,10831.4
2023-02-28,12,PT1H,MC-BajoPutumayo,10826.73,11383.82
2023-02-28,13,PT1H,MC-BajoPutumayo,10340.28,11053.22
2023-02-28,14,PT1H,MC-BajoPutumayo,10061.3,11068.38
2023-02-28,15,PT1H,MC-BajoPutumayo,10030.78,11540.66
2023-02-28,16,PT1H,MC-BajoPutumayo,10182.58,11711.56
2023-02-28,17,PT1H,MC-BajoPutumayo,10313.33,11682.11
2023-02-28,18,PT1H,MC-BajoPutumayo,10487.03,11486.0
2023-02-28,19,PT1H,MC-BajoPutumayo,11491.18,12304.69
2023-02-28,20,PT1H,MC-BajoPutumayo,11946.07,12855.57
2023-02-28,21,PT1H,MC-BajoPutumayo,11206.11,12037.62
2023-02-28,22,PT1H,MC-BajoPutumayo,9984.05,10833.08
2023-02-28,23,PT1H,MC-BajoPutumayo,8545.14,9498.14
2023-02-28,24,PT1H,MC-BajoPutumayo,7421.45,8223.64
2023-12-12,1,PT1H,MC-BajoPutumayo,8175.9,7778.1
2023-12-12,2,PT1H,MC-BajoPutumayo,7707.37,7261.99
2023-12-12,3,PT1H,MC-BajoPutumayo,7474.85,6957.71
2023-12-12,4,PT1H,MC-BajoPutumayo,7330.97,6836.86
2023-12-12,5,PT1H,MC-BajoPutumayo,7347.71,6876.6
2023-12-12,6,PT1H,MC-BajoPutumayo,7520.2,7253.74
2023-12-12,7,PT1H,MC-BajoPutumayo,7856.63,7795.35
2023-12-12,8,PT1H,MC-BajoPutumayo,8810.44,8774.29
2023-12-12,9,PT1H,MC-BajoPutumayo,10301.8,9694.35
2023-12-12,10,PT1H,MC-BajoPutumayo,10709.15,10410.42
2023-12-12,11,PT1H,MC-BajoPutumayo,11139.69,11166.22
2023-12-12,12,PT1H,MC-BajoPutumayo,11608.7,11836.12
2023-12-12,13,PT1H,MC-BajoPutumayo,11350.68,11857.48
2023-12-12,14,PT1H,MC-BajoPutumayo,11455.3,11803.3
2023-12-12,15,PT1H,MC-BajoPutumayo,12393.11,12380.87
2023-12-12,16,PT1H,MC-BajoPutumayo,12732.45,12410.86
2023-12-12,17,PT1H,MC-BajoPutumayo,12698.73,12769.08
2023-12-12,18,PT1H,MC-BajoPutumayo,12473.16,12809.34
2023-12-12,19,PT1H,MC-BajoPutumayo,13855.6,13530.28
2023-12-12,20,PT1H,MC-BajoPutumayo,14256.27,14056.95
2023-12-12,21,PT1H,MC-BajoPutumayo,13674.99,13201.75
2023-12-12,22,PT1H,MC-BajoPutumayo,12540.7,11920.37
2023-12-12,23,PT1H,MC-BajoPutumayo,11068.46,10049.94
2023-12-12,24,PT1H,MC-BajoPutumayo,9762.77,8691.52
2024-08-30,1,PT1H,MC-BajoPutumayo,8035.84,7964.1
2024-08-30,2,PT1H,MC-BajoPutumayo,7524.41,7573.1
2024-08-30,3,PT1H,MC-BajoPutumayo,7252.31,7375.5
2024-08-30,4,PT1H,MC-BajoPutumayo,7100.04,7268.9
2024-08-30,5,PT1H,MC-BajoPutumayo,7141.79,7370.6
2024-08-30,6,PT1H,MC-BajoPutumayo,7626.05,8125.5
2024-08-30,7,PT1H,MC-BajoPutumayo,8087.87,8751.8
2024-08-30,8,PT1H,MC-BajoPutumayo,9142.81,9783.1
2024-08-30,9,PT1H,MC-BajoPutumayo,10477.33,10714.7
2024-08-30,10,PT1H,MC-BajoPutumayo,11626.51,11401.1
2024-08-30,11,PT1H,MC-BajoPutumayo,12902.29,12081.9
2024-08-30,12,PT1H,MC-BajoPutumayo,13264.99,12507.5
2024-08-30,13,PT1H,MC-BajoPutumayo,13161.35,12456.2
2024-08-30,14,PT1H,MC-BajoPutumayo,13762.78,13135.4
2024-08-30,15,PT1H,MC-BajoPutumayo,14584.46,13842.3
2024-08-30,16,PT1H,MC-BajoPutumayo,14582.62,13324.8
2024-08-30,17,PT1H,MC-BajoPutumayo,14370.34,13537.1
2024-08-30,18,PT1H,MC-BajoPutumayo,14198.59,13420.8
2024-08-30,19,PT1H,MC-BajoPutumayo,14941.61,14545.3
2024-08-30,20,PT1H,MC-BajoPutumayo,15131.59,14458.3
2024-08-30,21,PT1H,MC-BajoPutumayo,14169.56,13554.8
2024-08-30,22,PT1H,MC-BajoPutumayo,12936.99,12043.2
2024-08-30,23,PT1H,MC-BajoPutumayo,11255.97,10315.2
2024-08-30,24,PT1H,MC-BajoPutumayo,9923.86,8973.4
2024-11-13,1,PT1H,MC-BajoPutumayo,6364.02,7809.4
2024-11-13,2,PT1H,MC-BajoPutumayo,7379.18,7543.5
2024-11-13,3,PT1H,MC-BajoPutumayo,7700.38,7124.5
2024-11-13,4,PT1H,MC-BajoPutumayo,7677.8,7184.8
2024-11-13,5,PT1H,MC-BajoPutumayo,8149.72,7324.5
2024-11-13,6,PT1H,MC-BajoPutumayo,8243.41,7963.1
2024-11-13,7,PT1H,MC-BajoPutumayo,9425.63,8395.1
2024-11-13,8,PT1H,MC-BajoPutumayo,10502.35,9735.0
2024-11-13,9,PT1H,MC-BajoPutumayo,12822.28,11102.7
2024-11-13,10,PT1H,MC-BajoPutumayo,12585.69,11599.7
2024-11-13,11,PT1H,MC-BajoPutumayo,13165.15,12317.3
2024-11-13,12,PT1H,MC-BajoPutumayo,13673.85,12161.7
2024-11-13,13,PT1H,MC-BajoPutumayo,13806.86,12114.7
2024-11-13,14,PT1H,MC-BajoPutumayo,14727.01,12695.1
2024-11-13,15,PT1H,MC-BajoPutumayo,15262.68,13448.7
2024-11-13,16,PT1H,MC-BajoPutumayo,15466.36,13469.4
2024-11-13,17,PT1H,MC-BajoPutumayo,15197.23,13280.1
2024-11-13,18,PT1H,MC-BajoPutumayo,15234.35,13716.5
2024-11-13,19,PT1H,MC-BajoPutumayo,15534.45,14547.6
2024-11-13,20,PT1H,MC-BajoPutumayo,15118.51,14097.3
2024-11-13,21,PT1H,MC-BajoPutumayo,13842.23,13213.2
2024-11-13,22,PT1H,MC-BajoPutumayo,12467.34,11510.1
2024-11-13,23,PT1H,MC-BajoPutumayo,10912.24,9919.5
2024-11-13,24,PT1H,MC-BajoPutumayo,9810.11,8794.1
2025-04-02,1,PT1H,MC-BajoPutumayo,4594.1,7877.4
2025-04-02,2,PT1H,MC-BajoPutumayo,4293.7,7360.9
2025-04-02,3,PT1H,MC-BajoPutumayo,4105.76,7101.0
2025-04-02,4,PT1H,MC-BajoPutumayo,4020.04,7005.4
2025-04-02,5,PT1H,MC-BajoPutumayo,4047.7,7149.7
2025-04-02,6,PT1H,MC-BajoPutumayo,4345.23,7890.2
2025-04-02,7,PT1H,MC-BajoPutumayo,4729.29,8402.2
2025-04-02,8,PT1H,MC-BajoPutumayo,5217.31,9191.9
2025-04-02,9,PT1H,MC-BajoPutumayo,5866.26,10377.2
2025-04-02,10,PT1H,MC-BajoPutumayo,6163.55,10880.7
2025-04-02,11,PT1H,MC-BajoPutumayo,6414.61,11790.0
2025-04-02,12,PT1H,MC-BajoPutumayo,8808.07,12591.3
2025-04-02,13,PT1H,MC-BajoPutumayo,11645.94,12246.1
2025-04-02,14,PT1H,MC-BajoPutumayo,11152.4,12610.5
2025-04-02,15,PT1H,MC-BajoPutumayo,11049.96,13694.3
2025-04-02,16,PT1H,MC-BajoPutumayo,11130.07,13569.9
2025-04-02,17,PT1H,MC-BajoPutumayo,11494.9,13482.4
2025-04-02,18,PT1H,MC-BajoPutumayo,11458.62,13207.5
2025-04-02,19,PT1H,MC-BajoPutumayo,12612.87,13889.3
2025-04-02,20,PT1H,MC-BajoPutumayo,13007.49,13587.3
2025-04-02,21,PT1H,MC-BajoPutumayo,12101.94,12908.3
2025-04-02,22,PT1H,MC-BajoPutumayo,10752.27,11339.0
2025-04-02,23,PT1H,MC-BajoPutumayo,9068.28,9844.1
2025-04-02,24,PT1H,MC-BajoPutumayo,7805.62,8477.7
2025-10-31,1,PT1H,MC-BajoPutumayo,17338.94,14830.3
2025-10-31,2,PT1H,MC-BajoPutumayo,16226.8,13981.4
2025-10-31,3,PT1H,MC-BajoPutumayo,15650.1,13659.0
2025-10-31,4,PT1H,MC-BajoPutumayo,15434.18,13437.3
2025-10-31,5,PT1H,MC-BajoPutumayo,15564.94,13434.6
2025-10-31,6,PT1H,MC-BajoPutumayo,16729.24,14761.0
2025-10-31,7,PT1H,MC-BajoPutumayo,17515.38,16556.1
2025-10-31,8,PT1H,MC-BajoPutumayo,18873.02,18151.9
2025-10-31,9,PT1H,MC-BajoPutumayo,20631.82,20616.9
2025-10-31,10,PT1H,MC-BajoPutumayo,21710.96,22358.6
2025-10-31,11,PT1H,MC-BajoPutumayo,21808.3,23860.1
2025-10-31,12,PT1H,MC-BajoPutumayo,22776.38,24942.5
2025-10-31,13,PT1H,MC-BajoPutumayo,22389.28,24017.2
2025-10-31,14,PT1H,MC-BajoPutumayo,22539.8,24164.8
2025-10-31,15,PT1H,MC-BajoPutumayo,24057.74,25294.1
2025-10-31,16,PT1H,MC-BajoPutumayo,24965.22,25741.5
2025-10-31,17,PT1H,MC-BajoPutumayo,24653.46,25230.2
2025-10-31,18,PT1H,MC-BajoPutumayo,25746.14,24494.8
2025-10-31,19,PT1H,MC-BajoPutumayo,28636.32,27700.2
2025-10-31,20,PT1H,MC-BajoPutumayo,27844.98,28176.1
2025-10-31,21,PT1H,MC-BajoPutumayo,14213.94,26563.1
2025-10-31,22,PT1H,MC-BajoPutumayo,23907.74,23345.1
2025-10-31,23,PT1H,MC-BajoPutumayo,19070.3,19529.5
2025-10-31,24,PT1H,MC-BajoPutumayo,17841.04,16304.7
2023-10-04,1,PT1H,MC-BajoPutumayo,9533.32,9023.49
2023-10-04,2,PT1H,MC-BajoPutumayo,8915.38,8481.97
2023-10-04,3,PT1H,MC-BajoPutumayo,8363.38,8194.73
2023-10-04,4,PT1H,MC-BajoPutumayo,8122.35,7944.29
2023-10-04,5,PT1H,MC-BajoPutumayo,6706.31,7936.83
2023-10-04,6,PT1H,MC-BajoPutumayo,6324.76,8480.61
2023-10-04,7,PT1H,MC-BajoPutumayo,6470.28,9277.52
2023-10-04,8,PT1H,MC-BajoPutumayo,6780.35,10299.44
2023-10-04,9,PT1H,MC-BajoPutumayo,7734.71,11089.68
2023-10-04,10,PT1H,MC-BajoPutumayo,8244.05,12026.87
2023-10-04,11,PT1H,MC-BajoPutumayo,8692.67,13222.51
2023-10-04,12,PT1H,MC-BajoPutumayo,12448.54,13491.52
2023-10-04,13,PT1H,MC-BajoPutumayo,14593.13,13025.79
2023-10-04,14,PT1H,MC-BajoPutumayo,14689.38,13539.53
2023-10-04,15,PT1H,MC-BajoPutumayo,14478.92,14247.81
2023-10-04,16,PT1H,MC-BajoPutumayo,15274.55,14766.3
2023-10-04,17,PT1H,MC-BajoPutumayo,15243.41,14756.6
2023-10-04,18,PT1H,MC-BajoPutumayo,14969.35,14555.33
2023-10-04,19,PT1H,MC-BajoPutumayo,16163.96,15707.08
2023-10-04,20,PT1H,MC-BajoPutumayo,16337.41,16072.37
2023-10-04,21,PT1H,MC-BajoPutumayo,15389.25,15118.58
2023-10-04,22,PT1H,MC-BajoPutumayo,14117.06,13781.87
2023-10-04,23,PT1H,MC-BajoPutumayo,12444.04,11928.87
2023-10-04,24,PT1H,MC-BajoPutumayo,10933.68,10290.07
2025-09-02,1,PT1H,MC-BajoPutumayo,8078.97,7250.1
2025-09-02,2,PT1H,MC-BajoPutumayo,7584.77,6852.9
2025-09-02,3,PT1H,MC-BajoPutumayo,7319.74,6548.0
2025-09-02,4,PT1H,MC-BajoPutumayo,7148.16,6389.1
2025-09-02,5,PT1H,MC-BajoPutumayo,7221.31,6512.2
2025-09-02,6,PT1H,MC-BajoPutumayo,7937.98,6138.7
2025-09-02,7,PT1H,MC-BajoPutumayo,6723.23,7868.1
2025-09-02,8,PT1H,MC-BajoPutumayo,9835.27,8501.3
2025-09-02,9,PT1H,MC-BajoPutumayo,10220.7,9596.1
2025-09-02,10,PT1H,MC-BajoPutumayo,10840.54,10782.6
2025-09-02,11,PT1H,MC-BajoPutumayo,11321.98,11612.9
2025-09-02,12,PT1H,MC-BajoPutumayo,11999.88,12184.9
2025-09-02,13,PT1H,MC-BajoPutumayo,11587.59,11963.3
2025-09-02,14,PT1H,MC-BajoPutumayo,11501.8,12337.6
2025-09-02,15,PT1H,MC-BajoPutumayo,12167.43,13267.5
2025-09-02,16,PT1H,MC-BajoPutumayo,12568.85,13635.6
2025-09-02,17,PT1H,MC-BajoPutumayo,12564.45,13552.1
2025-09-02,18,PT1H,MC-BajoPutumayo,12699.89,13196.0
2025-09-02,19,PT1H,MC-BajoPutumayo,13914.15,14008.5
2025-09-02,20,PT1H,MC-BajoPutumayo,14108.74,14543.0
2025-09-02,21,PT1H,MC-BajoPutumayo,13205.37,13628.3
2025-09-02,22,PT1H,MC-BajoPutumayo,11858.06,12285.7
2025-09-02,23,PT1H,MC-BajoPutumayo,9949.58,10417.8
2025-09-02,24,PT1H,MC-BajoPutumayo,8574.48,8892.3
2024-02-23,1,PT1H,MC-BajoPutumayo,10025.61,9067.09
2024-02-23,2,PT1H,MC-BajoPutumayo,9395.78,8124.31
2024-02-23,3,PT1H,MC-BajoPutumayo,9001.37,7768.79
2024-02-23,4,PT1H,MC-BajoPutumayo,9133.2,7620.94
2024-02-23,5,PT1H,MC-BajoPutumayo,8903.92,7713.74
2024-02-23,6,PT1H,MC-BajoPutumayo,9225.38,7906.49
2024-02-23,7,PT1H,MC-BajoPutumayo,9627.99,8268.04
2024-02-23,8,PT1H,MC-BajoPutumayo,10378.68,9458.16
2024-02-23,9,PT1H,MC-BajoPutumayo,11608.02,9746.97
2024-02-23,10,PT1H,MC-BajoPutumayo,11584.09,10684.72
2024-02-23,11,PT1H,MC-BajoPutumayo,12324.44,11389.43
2024-02-23,12,PT1H,MC-BajoPutumayo,12994.71,11802.64
2024-02-23,13,PT1H,MC-BajoPutumayo,12722.18,11795.77
2024-02-23,14,PT1H,MC-BajoPutumayo,13057.26,11431.83
2024-02-23,15,PT1H,MC-BajoPutumayo,13962.58,11600.4
2024-02-23,16,PT1H,MC-BajoPutumayo,14072.93,11814.44
2024-02-23,17,PT1H,MC-BajoPutumayo,14136.5,13121.28
2024-02-23,18,PT1H,MC-BajoPutumayo,15230.36,13000.59
2024-02-23,19,PT1H,MC-BajoPutumayo,15958.05,14317.91
2024-02-23,20,PT1H,MC-BajoPutumayo,16355.62,14850.36
2024-02-23,21,PT1H,MC-BajoPutumayo,15122.63,14114.22
2024-02-23,22,PT1H,MC-BajoPutumayo,13905.74,12843.17
2024-02-23,23,PT1H,MC-BajoPutumayo,12263.51,11511.11
2024-02-23,24,PT1H,MC-BajoPutumayo,10958.82,10188.59
2023-10-11,1,PT1H,MC-BajoPutumayo,7419.29,7497.86
2023-10-11,2,PT1H,MC-BajoPutumayo,6997.24,7056.72
2023-10-11,3,PT1H,MC-BajoPutumayo,6789.43,6738.25
2023-10-11,4,PT1H,MC-BajoPutumayo,6670.86,6585.53
2023-10-11,5,PT1H,MC-BajoPutumayo,6770.15,6565.97
2023-10-11,6,PT1H,MC-BajoPutumayo,7124.83,6963.42
2023-10-11,7,PT1H,MC-BajoPutumayo,7657.3,7594.38
2023-10-11,8,PT1H,MC-BajoPutumayo,8777.52,8565.51
2023-10-11,9,PT1H,MC-BajoPutumayo,10078.72,9627.69
2023-10-11,10,PT1H,MC-BajoPutumayo,11422.75,10495.17
2023-10-11,11,PT1H,MC-BajoPutumayo,12076.7,11572.23
2023-10-11,12,PT1H,MC-BajoPutumayo,12864.56,11919.09
2023-10-11,13,PT1H,MC-BajoPutumayo,12659.5,11582.86
2023-10-11,14,PT1H,MC-BajoPutumayo,13038.8,11846.82
2023-10-11,15,PT1H,MC-BajoPutumayo,13856.4,12390.5
2023-10-11,16,PT1H,MC-BajoPutumayo,14008.45,12795.37
2023-10-11,17,PT1H,MC-BajoPutumayo,13919.1,12836.88
2023-10-11,18,PT1H,MC-BajoPutumayo,13600.13,12536.77
2023-10-11,19,PT1H,MC-BajoPutumayo,14658.78,13486.41
2023-10-11,20,PT1H,MC-BajoPutumayo,14613.53,13558.09
2023-10-11,21,PT1H,MC-BajoPutumayo,13564.8,12716.59
2023-10-11,22,PT1H,MC-BajoPutumayo,12423.5,11574.5
2023-10-11,23,PT1H,MC-BajoPutumayo,10814.2,10076.2
2023-10-11,24,PT1H,MC-BajoPutumayo,9559.99,8686.98
2023-06-22,1,PT1H,MC-BajoPutumayo,6811.99,7189.68
2023-06-22,2,PT1H,MC-BajoPutumayo,6437.21,6778.58
2023-06-22,3,PT1H,MC-BajoPutumayo,6281.47,6582.23
2023-06-22,4,PT1H,MC-BajoPutumayo,6159.58,6443.58
2023-06-22,5,PT1H,MC-BajoPutumayo,6223.14,6518.04
2023-06-22,6,PT1H,MC-BajoPutumayo,6710.93,7080.27
2023-06-22,7,PT1H,MC-BajoPutumayo,7423.48,7819.15
2023-06-22,8,PT1H,MC-BajoPutumayo,8310.95,8482.97
2023-06-22,9,PT1H,MC-BajoPutumayo,9311.98,9526.21
2023-06-22,10,PT1H,MC-BajoPutumayo,9807.67,10078.68
2023-06-22,11,PT1H,MC-BajoPutumayo,10448.72,10608.9
2023-06-22,12,PT1H,MC-BajoPutumayo,11284.66,11141.17
2023-06-22,13,PT1H,MC-BajoPutumayo,11011.67,10950.39
2023-06-22,14,PT1H,MC-BajoPutumayo,10805.51,11115.65
2023-06-22,15,PT1H,MC-BajoPutumayo,11461.59,11407.44
2023-06-22,16,PT1H,MC-BajoPutumayo,11776.97,11520.51
2023-06-22,17,PT1H,MC-BajoPutumayo,11861.11,11574.89
2023-06-22,18,PT1H,MC-BajoPutumayo,11785.44,11648.13
2023-06-22,19,PT1H,MC-BajoPutumayo,12581.41,12824.34
2023-06-22,20,PT1H,MC-BajoPutumayo,12804.25,13210.88
2023-06-22,21,PT1H,MC-BajoPutumayo,11918.2,12436.04
2023-06-22,22,PT1H,MC-BajoPutumayo,10625.71,11149.19
2023-06-22,23,PT1H,MC-BajoPutumayo,9263.51,9549.23
2023-06-22,24,PT1H,MC-BajoPutumayo,7983.38,8158.44
2025-12-01,1,PT1H,MC-BajoPutumayo,9053.81,8103.6
2025-12-01,2,PT1H,MC-BajoPutumayo,8580.97,7529.7
2025-12-01,3,PT1H,MC-BajoPutumayo,8262.35,7142.1
2025-12-01,4,PT1H,MC-BajoPutumayo,8063.4,6967.4
2025-12-01,5,PT1H,MC-BajoPutumayo,7972.59,7003.5
2025-12-01,6,PT1H,MC-BajoPutumayo,8226.47,7382.2
2025-12-01,7,PT1H,MC-BajoPutumayo,8738.46,8352.9
2025-12-01,8,PT1H,MC-BajoPutumayo,9904.97,10230.2
2025-12-01,9,PT1H,MC-BajoPutumayo,11647.05,11482.7
2025-12-01,10,PT1H,MC-BajoPutumayo,11856.97,12275.7
2025-12-01,11,PT1H,MC-BajoPutumayo,12077.28,12971.5
2025-12-01,12,PT1H,MC-BajoPutumayo,11414.54,13556.6
2025-12-01,13,PT1H,MC-BajoPutumayo,7988.74,13295.3
2025-12-01,14,PT1H,MC-BajoPutumayo,8388.98,13214.0
2025-12-01,15,PT1H,MC-BajoPutumayo,8456.99,13317.9
2025-12-01,16,PT1H,MC-BajoPutumayo,9426.07,13309.5
2025-12-01,17,PT1H,MC-BajoPutumayo,9848.28,13318.0
2025-12-01,18,PT1H,MC-BajoPutumayo,13215.31,13933.4
2025-12-01,19,PT1H,MC-BajoPutumayo,15420.52,14767.8
2025-12-01,20,PT1H,MC-BajoPutumayo,16020.25,14285.4
2025-12-01,21,PT1H,MC-BajoPutumayo,14963.48,13435.3
2025-12-01,22,PT1H,MC-BajoPutumayo,13684.78,11877.6
2025-12-01,23,PT1H,MC-BajoPutumayo,11822.08,10045.9
2025-12-01,24,PT1H,MC-BajoPutumayo,10290.66,8556.5
2024-10-19,1,PT1H,MC-BajoPutumayo,10564.9,8629.8
2024-10-19,2,PT1H,MC-BajoPutumayo,9157.36,8241.7
2024-10-19,3,PT1H,MC-BajoPutumayo,8883.2,8019.7
2024-10-19,4,PT1H,MC-BajoPutumayo,8751.03,8083.8
2024-10-19,5,PT1H,MC-BajoPutumayo,8825.64,7994.7
2024-10-19,6,PT1H,MC-BajoPutumayo,8849.8,8765.9
2024-10-19,7,PT1H,MC-BajoPutumayo,9530.92,9721.4
2024-10-19,8,PT1H,MC-BajoPutumayo,11015.96,10589.4
2024-10-19,9,PT1H,MC-BajoPutumayo,12018.59,11645.1
2024-10-19,10,PT1H,MC-BajoPutumayo,13508.97,12276.5
2024-10-19,11,PT1H,MC-BajoPutumayo,14646.65,13072.2
2024-10-19,12,PT1H,MC-BajoPutumayo,14881.95,13462.3
2024-10-19,13,PT1H,MC-BajoPutumayo,14447.4,13065.6
2024-10-19,14,PT1H,MC-BajoPutumayo,14479.17,13243.5
2024-10-19,15,PT1H,MC-BajoPutumayo,14889.75,14189.3
2024-10-19,16,PT1H,MC-BajoPutumayo,14815.31,14353.7
2024-10-19,17,PT1H,MC-BajoPutumayo,14671.75,13893.3
2024-10-19,18,PT1H,MC-BajoPutumayo,15435.76,13818.9
2024-10-19,19,PT1H,MC-BajoPutumayo,16672.55,16114.1
2024-10-19,20,PT1H,MC-BajoPutumayo,15997.71,16399.8
2024-10-19,21,PT1H,MC-BajoPutumayo,15064.66,15635.8
2024-10-19,22,PT1H,MC-BajoPutumayo,13908.32,13874.7
2024-10-19,23,PT1H,MC-BajoPutumayo,12617.38,11500.6
2024-10-19,24,PT1H,MC-BajoPutumayo,11309.43,9567.2
2022-04-07,1,PT1H,MC-BajoPutumayo,7306.09,6673.29
2022-04-07,2,PT1H,MC-BajoPutumayo,6628.62,6260.27
2022-04-07,3,PT1H,MC-BajoPutumayo,6519.5,6071.22
2022-04-07,4,PT1H,MC-BajoPutumayo,6505.87,5945.75
2022-04-07,5,PT1H,MC-BajoPutumayo,6510.11,5862.05
2022-04-07,6,PT1H,MC-BajoPutumayo,7169.71,6604.92
2022-04-07,7,PT1H,MC-BajoPutumayo,7882.69,7621.38
2022-04-07,8,PT1H,MC-BajoPutumayo,8447.21,8256.04
2022-04-07,9,PT1H,MC-BajoPutumayo,9444.82,8927.15
2022-04-07,10,PT1H,MC-BajoPutumayo,10376.67,9406.55
2022-04-07,11,PT1H,MC-BajoPutumayo,11223.55,9688.55
2022-04-07,12,PT1H,MC-BajoPutumayo,11629.95,9906.83
2022-04-07,13,PT1H,MC-BajoPutumayo,11366.69,9690.77
2022-04-07,14,PT1H,MC-BajoPutumayo,11752.95,10083.91
2022-04-07,15,PT1H,MC-BajoPutumayo,12772.47,11021.02
2022-04-07,16,PT1H,MC-BajoPutumayo,12929.57,11380.66
2022-04-07,17,PT1H,MC-BajoPutumayo,12858.7,11369.7
2022-04-07,18,PT1H,MC-BajoPutumayo,12535.23,11198.51
2022-04-07,19,PT1H,MC-BajoPutumayo,13408.26,12079.17
2022-04-07,20,PT1H,MC-BajoPutumayo,14013.42,12735.83
2022-04-07,21,PT1H,MC-BajoPutumayo,13175.56,12059.14
2022-04-07,22,PT1H,MC-BajoPutumayo,12078.11,10985.59
2022-04-07,23,PT1H,MC-BajoPutumayo,10162.47,9355.11
2022-04-07,24,PT1H,MC-BajoPutumayo,9227.1,7839.69
2026-01-26,1,PT1H,MC-BajoPutumayo,8160.28,8742.4
2026-01-26,2,PT1H,MC-BajoPutumayo,7781.97,8297.6
2026-01-26,3,PT1H,MC-BajoPutumayo,7508.11,7967.3
2026-01-26,4,PT1H,MC-BajoPutumayo,7621.03,7810.8
2026-01-26,5,PT1H,MC-BajoPutumayo,7506.15,7845.3
2026-01-26,6,PT1H,MC-BajoPutumayo,8156.34,7942.4
2026-01-26,7,PT1H,MC-BajoPutumayo,8983.44,8342.6
2026-01-26,8,PT1H,MC-BajoPutumayo,9878.08,9306.8
2026-01-26,9,PT1H,MC-BajoPutumayo,11018.95,10904.9
2026-01-26,10,PT1H,MC-BajoPutumayo,12046.49,11729.1
2026-01-26,11,PT1H,MC-BajoPutumayo,13201.76,12370.9
2026-01-26,12,PT1H,MC-BajoPutumayo,13548.99,12618.0
2026-01-26,13,PT1H,MC-BajoPutumayo,13474.68,12438.5
2026-01-26,14,PT1H,MC-BajoPutumayo,13989.46,12786.2
2026-01-26,15,PT1H,MC-BajoPutumayo,15037.12,13417.5
2026-01-26,16,PT1H,MC-BajoPutumayo,13874.6,13540.9
2026-01-26,17,PT1H,MC-BajoPutumayo,14375.57,13502.7
2026-01-26,18,PT1H,MC-BajoPutumayo,13809.26,13127.8
2026-01-26,19,PT1H,MC-BajoPutumayo,15838.76,13857.9
2026-01-26,20,PT1H,MC-BajoPutumayo,15368.07,13896.3
2026-01-26,21,PT1H,MC-BajoPutumayo,14805.81,13176.3
2026-01-26,22,PT1H,MC-BajoPutumayo,13137.07,12040.6
2026-01-26,23,PT1H,MC-BajoPutumayo,11262.26,10786.3
2026-01-26,24,PT1H,MC-BajoPutumayo,10446.26,9675.6
2023-12-28,1,PT1H,MC-BajoPutumayo,7682.35,8013.88
2023-12-28,2,PT1H,MC-BajoPutumayo,7158.14,7410.02
2023-12-28,3,PT1H,MC-BajoPutumayo,6783.02,7180.27
2023-12-28,4,PT1H,MC-BajoPutumayo,6749.57,7033.56
2023-12-28,5,PT1H,MC-BajoPutumayo,7338.57,7059.79
2023-12-28,6,PT1H,MC-BajoPutumayo,7586.25,7335.56
2023-12-28,7,PT1H,MC-BajoPutumayo,7681.26,7810.74
2023-12-28,8,PT1H,MC-BajoPutumayo,8105.19,8981.99
2023-12-28,9,PT1H,MC-BajoPutumayo,9180.26,10247.36
2023-12-28,10,PT1H,MC-BajoPutumayo,10035.77,10852.63
2023-12-28,11,PT1H,MC-BajoPutumayo,10472.06,11279.82
2023-12-28,12,PT1H,MC-BajoPutumayo,10861.08,11830.39
2023-12-28,13,PT1H,MC-BajoPutumayo,10761.33,11506.06
2023-12-28,14,PT1H,MC-BajoPutumayo,10432.7,11545.96
2023-12-28,15,PT1H,MC-BajoPutumayo,10182.72,12139.09
2023-12-28,16,PT1H,MC-BajoPutumayo,9788.7,12356.26
2023-12-28,17,PT1H,MC-BajoPutumayo,9634.25,12516.43
2023-12-28,18,PT1H,MC-BajoPutumayo,9882.61,12439.35
2023-12-28,19,PT1H,MC-BajoPutumayo,10965.0,13568.0
2023-12-28,20,PT1H,MC-BajoPutumayo,11116.36,13549.22
2023-12-28,21,PT1H,MC-BajoPutumayo,10591.05,12725.0
2023-12-28,22,PT1H,MC-BajoPutumayo,9584.59,11542.83
2023-12-28,23,PT1H,MC-BajoPutumayo,8590.71,10230.88
2023-12-28,24,PT1H,MC-BajoPutumayo,7707.45,9081.4
2022-07-18,1,PT1H,MC-BajoPutumayo,5976.37,7470.87
2022-07-18,2,PT1H,MC-BajoPutumayo,5612.05,6978.15
2022-07-18,3,PT1H,MC-BajoPutumayo,5425.67,6719.78
2022-07-18,4,PT1H,MC-BajoPutumayo,5357.55,6549.27
2022-07-18,5,PT1H,MC-BajoPutumayo,5416.15,6467.65
2022-07-18,6,PT1H,MC-BajoPutumayo,6054.16,6659.86
2022-07-18,7,PT1H,MC-BajoPutumayo,6993.59,7003.05
2022-07-18,8,PT1H,MC-BajoPutumayo,7574.68,7929.84
2022-07-18,9,PT1H,MC-BajoPutumayo,8550.69,9060.95
2022-07-18,10,PT1H,MC-BajoPutumayo,9116.52,10121.38
2022-07-18,11,PT1H,MC-BajoPutumayo,9621.56,10553.96
2022-07-18,12,PT1H,MC-BajoPutumayo,9916.71,10965.63
2022-07-18,13,PT1H,MC-BajoPutumayo,9559.76,11202.87
2022-07-18,14,PT1H,MC-BajoPutumayo,9653.91,11172.33
2022-07-18,15,PT1H,MC-BajoPutumayo,9727.71,11035.41
2022-07-18,16,PT1H,MC-BajoPutumayo,9831.08,11046.54
2022-07-18,17,PT1H,MC-BajoPutumayo,10061.75,10985.8
2022-07-18,18,PT1H,MC-BajoPutumayo,10084.95,10962.45
2022-07-18,19,PT1H,MC-BajoPutumayo,11137.59,12187.42
2022-07-18,20,PT1H,MC-BajoPutumayo,11768.59,12869.74
2022-07-18,21,PT1H,MC-BajoPutumayo,10887.67,12196.67
2022-07-18,22,PT1H,MC-BajoPutumayo,9523.29,11165.03
2022-07-18,23,PT1H,MC-BajoPutumayo,7909.24,9609.07
2022-07-18,24,PT1H,MC-BajoPutumayo,6665.56,8380.98
2022-06-26,1,PT1H,MC-BajoPutumayo,6452.38,6467.34
2022-06-26,2,PT1H,MC-BajoPutumayo,5976.99,6076.71
2022-06-26,3,PT1H,MC-BajoPutumayo,5714.6,5817.61
2022-06-26,4,PT1H,MC-BajoPutumayo,5517.31,5699.93
2022-06-26,5,PT1H,MC-BajoPutumayo,5440.14,5567.75
2022-06-26,6,PT1H,MC-BajoPutumayo,5525.35,5687.9
2022-06-26,7,PT1H,MC-BajoPutumayo,5765.81,6075.09
2022-06-26,8,PT1H,MC-BajoPutumayo,6670.77,6917.88
2022-06-26,9,PT1H,MC-BajoPutumayo,7705.65,7813.91
2022-06-26,10,PT1H,MC-BajoPutumayo,8356.14,8645.78
2022-06-26,11,PT1H,MC-BajoPutumayo,8765.94,9111.03
2022-06-26,12,PT1H,MC-BajoPutumayo,9058.73,9474.18
2022-06-26,13,PT1H,MC-BajoPutumayo,9112.99,9508.07
2022-06-26,14,PT1H,MC-BajoPutumayo,9026.46,9418.42
2022-06-26,15,PT1H,MC-BajoPutumayo,9101.32,9367.52
2022-06-26,16,PT1H,MC-BajoPutumayo,9171.6,9386.67
2022-06-26,17,PT1H,MC-BajoPutumayo,9341.66,9397.76
2022-06-26,18,PT1H,MC-BajoPutumayo,9395.43,9490.08
2022-06-26,19,PT1H,MC-BajoPutumayo,10474.72,10835.09
2022-06-26,20,PT1H,MC-BajoPutumayo,10971.02,11260.67
2022-06-26,21,PT1H,MC-BajoPutumayo,10551.64,10867.71
2022-06-26,22,PT1H,MC-BajoPutumayo,9700.82,9821.0
2022-06-26,23,PT1H,MC-BajoPutumayo,8638.45,8468.14
2022-06-26,24,PT1H,MC-BajoPutumayo,7600.69,7346.85
2024-04-18,1,PT1H,MC-BajoPutumayo,8724.74,8674.31
2024-04-18,2,PT1H,MC-BajoPutumayo,8103.63,8175.88
2024-04-18,3,PT1H,MC-BajoPutumayo,7818.29,7880.35
2024-04-18,4,PT1H,MC-BajoPutumayo,7595.0,7719.49
2024-04-18,5,PT1H,MC-BajoPutumayo,7564.08,7722.37
2024-04-18,6,PT1H,MC-BajoPutumayo,8164.78,8089.04
2024-04-18,7,PT1H,MC-BajoPutumayo,8592.23,8419.25
2024-04-18,8,PT1H,MC-BajoPutumayo,9137.79,9217.17
2024-04-18,9,PT1H,MC-BajoPutumayo,10479.18,10376.53
2024-04-18,10,PT1H,MC-BajoPutumayo,11871.17,11238.38
2024-04-18,11,PT1H,MC-BajoPutumayo,12822.0,11714.06
2024-04-18,12,PT1H,MC-BajoPutumayo,12855.26,11961.72
2024-04-18,13,PT1H,MC-BajoPutumayo,12689.21,11675.83
2024-04-18,14,PT1H,MC-BajoPutumayo,13147.35,11765.49
2024-04-18,15,PT1H,MC-BajoPutumayo,13427.89,12420.74
2024-04-18,16,PT1H,MC-BajoPutumayo,13896.43,12672.46
2024-04-18,17,PT1H,MC-BajoPutumayo,14466.67,12638.27
2024-04-18,18,PT1H,MC-BajoPutumayo,14735.88,12498.04
2024-04-18,19,PT1H,MC-BajoPutumayo,15299.04,13562.84
2024-04-18,20,PT1H,MC-BajoPutumayo,15355.06,13777.83
2024-04-18,21,PT1H,MC-BajoPutumayo,14247.53,13016.44
2024-04-18,22,PT1H,MC-BajoPutumayo,13226.43,11670.17
2024-04-18,23,PT1H,MC-BajoPutumayo,11404.59,10150.17
2024-04-18,24,PT1H,MC-BajoPutumayo,9811.75,9024.86
2022-07-21,1,PT1H,MC-BajoPutumayo,6228.21,6468.74
2022-07-21,2,PT1H,MC-BajoPutumayo,5731.16,6063.64
2022-07-21,3,PT1H,MC-BajoPutumayo,5570.33,5851.3
2022-07-21,4,PT1H,MC-BajoPutumayo,5508.45,5724.8
2022-07-21,5,PT1H,MC-BajoPutumayo,5546.41,5814.94
2022-07-21,6,PT1H,MC-BajoPutumayo,6194.81,6188.16
2022-07-21,7,PT1H,MC-BajoPutumayo,7116.3,6633.07
2022-07-21,8,PT1H,MC-BajoPutumayo,7842.39,7794.5
2022-07-21,9,PT1H,MC-BajoPutumayo,8813.05,8757.32
2022-07-21,10,PT1H,MC-BajoPutumayo,9381.38,9499.73
2022-07-21,11,PT1H,MC-BajoPutumayo,9872.01,10159.24
2022-07-21,12,PT1H,MC-BajoPutumayo,10390.73,10536.46
2022-07-21,13,PT1H,MC-BajoPutumayo,10035.6,10389.05
2022-07-21,14,PT1H,MC-BajoPutumayo,10475.0,10408.8
2022-07-21,15,PT1H,MC-BajoPutumayo,11181.77,10679.03
2022-07-21,16,PT1H,MC-BajoPutumayo,11254.8,10834.06
2022-07-21,17,PT1H,MC-BajoPutumayo,11159.45,10894.19
2022-07-21,18,PT1H,MC-BajoPutumayo,11149.13,10756.01
2022-07-21,19,PT1H,MC-BajoPutumayo,12072.91,11606.24
2022-07-21,20,PT1H,MC-BajoPutumayo,12587.32,12202.32
2022-07-21,21,PT1H,MC-BajoPutumayo,11666.11,11767.65
2022-07-21,22,PT1H,MC-BajoPutumayo,10381.05,10598.33
2022-07-21,23,PT1H,MC-BajoPutumayo,8732.6,9136.59
2022-07-21,24,PT1H,MC-BajoPutumayo,7477.6,7798.22
2022-04-22,1,PT1H,MC-BajoPutumayo,7195.89,7294.53
2022-04-22,2,PT1H,MC-BajoPutumayo,6697.6,6839.08
2022-04-22,3,PT1H,MC-BajoPutumayo,6489.61,6601.96
2022-04-22,4,PT1H,MC-BajoPutumayo,6370.87,6519.88
2022-04-22,5,PT1H,MC-BajoPutumayo,6421.4,6491.99
2022-04-22,6,PT1H,MC-BajoPutumayo,7016.83,6949.63
2022-04-22,7,PT1H,MC-BajoPutumayo,7012.44,7722.89
2022-04-22,8,PT1H,MC-BajoPutumayo,5217.46,8264.57
2022-04-22,9,PT1H,MC-BajoPutumayo,5898.05,9279.9
2022-04-22,10,PT1H,MC-BajoPutumayo,6458.5,10008.04
2022-04-22,11,PT1H,MC-BajoPutumayo,12835.84,10554.71
2022-04-22,12,PT1H,MC-BajoPutumayo,12342.73,11063.99
2022-04-22,13,PT1H,MC-BajoPutumayo,11897.82,10791.56
2022-04-22,14,PT1H,MC-BajoPutumayo,12238.6,11001.04
2022-04-22,15,PT1H,MC-BajoPutumayo,12469.37,11233.09
2022-04-22,16,PT1H,MC-BajoPutumayo,12951.21,10846.08
2022-04-22,17,PT1H,MC-BajoPutumayo,13254.07,10943.21
2022-04-22,18,PT1H,MC-BajoPutumayo,12308.97,10781.46
2022-04-22,19,PT1H,MC-BajoPutumayo,11544.09,11857.24
2022-04-22,20,PT1H,MC-BajoPutumayo,14945.36,12290.88
2022-04-22,21,PT1H,MC-BajoPutumayo,13319.66,11678.74
2022-04-22,22,PT1H,MC-BajoPutumayo,12027.82,10608.67
2022-04-22,23,PT1H,MC-BajoPutumayo,10380.33,9206.32
2022-04-22,24,PT1H,MC-BajoPutumayo,9015.88,7899.5
2023-05-07,1,PT1H,MC-BajoPutumayo,7584.37,8787.11
2023-05-07,2,PT1H,MC-BajoPutumayo,7073.65,8214.12
2023-05-07,3,PT1H,MC-BajoPutumayo,6749.18,7803.35
2023-05-07,4,PT1H,MC-BajoPutumayo,6583.51,7534.13
2023-05-07,5,PT1H,MC-BajoPutumayo,6504.95,7290.33
2023-05-07,6,PT1H,MC-BajoPutumayo,6653.01,7303.81
2023-05-07,7,PT1H,MC-BajoPutumayo,6931.43,7529.33
2023-05-07,8,PT1H,MC-BajoPutumayo,2571.04,0.0
2023-05-07,9,PT1H,MC-BajoPutumayo,0.0,0.0
2023-05-07,10,PT1H,MC-BajoPutumayo,0.0,0.0
2023-05-07,11,PT1H,MC-BajoPutumayo,0.0,0.0
2023-05-07,12,PT1H,MC-BajoPutumayo,0.0,0.0
2023-05-07,13,PT1H,MC-BajoPutumayo,0.0,0.0
2023-05-07,14,PT1H,MC-BajoPutumayo,0.0,0.0
2023-05-07,15,PT1H,MC-BajoPutumayo,0.0,0.0
2023-05-07,16,PT1H,MC-BajoPutumayo,0.0,11182.21
2023-05-07,17,PT1H,MC-BajoPutumayo,791.9,11073.95
2023-05-07,18,PT1H,MC-BajoPutumayo,7610.15,11206.26
2023-05-07,19,PT1H,MC-BajoPutumayo,8653.64,12882.37
2023-05-07,20,PT1H,MC-BajoPutumayo,10189.58,13316.31
2023-05-07,21,PT1H,MC-BajoPutumayo,13352.69,12515.61
2023-05-07,22,PT1H,MC-BajoPutumayo,12151.58,11425.23
2023-05-07,23,PT1H,MC-BajoPutumayo,10488.02,9909.21
2023-05-07,24,PT1H,MC-BajoPutumayo,8974.48,8669.27
2024-10-16,1,PT1H,MC-BajoPutumayo,8346.0,8692.0
2024-10-16,2,PT1H,MC-BajoPutumayo,7980.04,8225.5
2024-10-16,3,PT1H,MC-BajoPutumayo,7653.79,7929.2
2024-10-16,4,PT1H,MC-BajoPutumayo,7564.83,7812.5
2024-10-16,5,PT1H,MC-BajoPutumayo,7756.22,7688.6
2024-10-16,6,PT1H,MC-BajoPutumayo,8287.16,8016.9
2024-10-16,7,PT1H,MC-BajoPutumayo,8710.17,8421.4
2024-10-16,8,PT1H,MC-BajoPutumayo,9998.42,9805.0
2024-10-16,9,PT1H,MC-BajoPutumayo,11417.62,10951.4
2024-10-16,10,PT1H,MC-BajoPutumayo,12595.44,11826.4
2024-10-16,11,PT1H,MC-BajoPutumayo,13788.44,12797.1
2024-10-16,12,PT1H,MC-BajoPutumayo,13356.29,13081.2
2024-10-16,13,PT1H,MC-BajoPutumayo,13497.24,13066.6
2024-10-16,14,PT1H,MC-BajoPutumayo,14253.91,12822.3
2024-10-16,15,PT1H,MC-BajoPutumayo,15043.91,12938.2
2024-10-16,16,PT1H,MC-BajoPutumayo,14906.64,13081.6
2024-10-16,17,PT1H,MC-BajoPutumayo,14579.28,12684.8
2024-10-16,18,PT1H,MC-BajoPutumayo,14852.52,12600.4
2024-10-16,19,PT1H,MC-BajoPutumayo,15934.31,15184.8
2024-10-16,20,PT1H,MC-BajoPutumayo,15334.74,15387.0
2024-10-16,21,PT1H,MC-BajoPutumayo,14262.17,14592.8
2024-10-16,22,PT1H,MC-BajoPutumayo,12639.19,13178.4
2024-10-16,23,PT1H,MC-BajoPutumayo,11023.88,11443.6
2024-10-16,24,PT1H,MC-BajoPutumayo,9791.11,9935.8
2024-09-21,1,PT1H,MC-BajoPutumayo,9184.44,8282.7
2024-09-21,2,PT1H,MC-BajoPutumayo,8801.89,7729.9
2024-09-21,3,PT1H,MC-BajoPutumayo,8531.16,7379.9
2024-09-21,4,PT1H,MC-BajoPutumayo,8129.06,7169.1
2024-09-21,5,PT1H,MC-BajoPutumayo,8119.28,7095.5
2024-09-21,6,PT1H,MC-BajoPutumayo,8224.97,7261.4
2024-09-21,7,PT1H,MC-BajoPutumayo,8844.74,7711.5
2024-09-21,8,PT1H,MC-BajoPutumayo,10129.23,9298.2
2024-09-21,9,PT1H,MC-BajoPutumayo,11076.13,11287.3
2024-09-21,10,PT1H,MC-BajoPutumayo,12147.6,12142.1
2024-09-21,11,PT1H,MC-BajoPutumayo,12700.51,13046.2
2024-09-21,12,PT1H,MC-BajoPutumayo,13227.55,13565.2
2024-09-21,13,PT1H,MC-BajoPutumayo,13157.67,13299.5
2024-09-21,14,PT1H,MC-BajoPutumayo,13340.65,13542.0
2024-09-21,15,PT1H,MC-BajoPutumayo,13926.16,13880.6
2024-09-21,16,PT1H,MC-BajoPutumayo,13930.92,13934.9
2024-09-21,17,PT1H,MC-BajoPutumayo,13447.69,13686.9
2024-09-21,18,PT1H,MC-BajoPutumayo,13872.68,13779.2
2024-09-21,19,PT1H,MC-BajoPutumayo,15386.58,15041.8
2024-09-21,20,PT1H,MC-BajoPutumayo,14968.24,14961.9
2024-09-21,21,PT1H,MC-BajoPutumayo,14068.5,13629.8
2024-09-21,22,PT1H,MC-BajoPutumayo,12964.39,12663.9
2024-09-21,23,PT1H,MC-BajoPutumayo,11726.15,11312.1
2024-09-21,24,PT1H,MC-BajoPutumayo,10576.97,10283.4
2022-07-04,1,PT1H,MC-BajoPutumayo,6582.88,6575.73
2022-07-04,2,PT1H,MC-BajoPutumayo,6166.46,6180.53
2022-07-04,3,PT1H,MC-BajoPutumayo,5954.5,5971.44
2022-07-04,4,PT1H,MC-BajoPutumayo,5846.6,5860.43
2022-07-04,5,PT1H,MC-BajoPutumayo,5737.26,5889.07
2022-07-04,6,PT1H,MC-BajoPutumayo,5903.9,6323.96
2022-07-04,7,PT1H,MC-BajoPutumayo,6138.22,6757.81
2022-07-04,8,PT1H,MC-BajoPutumayo,7252.15,7694.35
2022-07-04,9,PT1H,MC-BajoPutumayo,8216.15,8316.52
2022-07-04,10,PT1H,MC-BajoPutumayo,8915.31,9189.9
2022-07-04,11,PT1H,MC-BajoPutumayo,9482.69,9390.18
2022-07-04,12,PT1H,MC-BajoPutumayo,9603.59,9904.56
2022-07-04,13,PT1H,MC-BajoPutumayo,10008.99,9889.33
2022-07-04,14,PT1H,MC-BajoPutumayo,9844.85,9754.08
2022-07-04,15,PT1H,MC-BajoPutumayo,9682.53,9963.64
2022-07-04,16,PT1H,MC-BajoPutumayo,9751.09,10383.77
2022-07-04,17,PT1H,MC-BajoPutumayo,9822.55,10446.6
2022-07-04,18,PT1H,MC-BajoPutumayo,9728.13,10357.03
2022-07-04,19,PT1H,MC-BajoPutumayo,10750.71,11505.66
2022-07-04,20,PT1H,MC-BajoPutumayo,11261.63,12038.2
2022-07-04,21,PT1H,MC-BajoPutumayo,10649.74,11235.9
2022-07-04,22,PT1H,MC-BajoPutumayo,9684.08,10194.94
2022-07-04,23,PT1H,MC-BajoPutumayo,8486.67,8621.28
2022-07-04,24,PT1H,MC-BajoPutumayo,7289.14,7415.1
2022-02-18,1,PT1H,MC-BajoPutumayo,6963.79,7298.28
2022-02-18,2,PT1H,MC-BajoPutumayo,6534.91,6788.44
2022-02-18,3,PT1H,MC-BajoPutumayo,6312.87,6422.01
2022-02-18,4,PT1H,MC-BajoPutumayo,6213.83,6350.86
2022-02-18,5,PT1H,MC-BajoPutumayo,6147.33,6249.85
2022-02-18,6,PT1H,MC-BajoPutumayo,6881.37,6698.96
2022-02-18,7,PT1H,MC-BajoPutumayo,7565.24,7212.78
2022-02-18,8,PT1H,MC-BajoPutumayo,8103.96,7964.46
2022-02-18,9,PT1H,MC-BajoPutumayo,9247.08,8996.49
2022-02-18,10,PT1H,MC-BajoPutumayo,9965.74,9872.03
2022-02-18,11,PT1H,MC-BajoPutumayo,10946.43,10523.27
2022-02-18,12,PT1H,MC-BajoPutumayo,11576.95,11161.3
2022-02-18,13,PT1H,MC-BajoPutumayo,11182.29,11169.59
2022-02-18,14,PT1H,MC-BajoPutumayo,11366.55,10873.67
2022-02-18,15,PT1H,MC-BajoPutumayo,12054.41,10865.2
2022-02-18,16,PT1H,MC-BajoPutumayo,12344.69,10996.48
2022-02-18,17,PT1H,MC-BajoPutumayo,12306.17,10994.33
2022-02-18,18,PT1H,MC-BajoPutumayo,12357.09,10560.31
2022-02-18,19,PT1H,MC-BajoPutumayo,12957.77,11560.53
2022-02-18,20,PT1H,MC-BajoPutumayo,13047.57,12436.2
2022-02-18,21,PT1H,MC-BajoPutumayo,12100.29,11856.6
2022-02-18,22,PT1H,MC-BajoPutumayo,11039.88,10939.27
2022-02-18,23,PT1H,MC-BajoPutumayo,9634.33,9554.67
2022-02-18,24,PT1H,MC-BajoPutumayo,8201.5,8106.51
2023-04-11,1,PT1H,MC-BajoPutumayo,7325.97,7639.8
2023-04-11,2,PT1H,MC-BajoPutumayo,6860.9,7191.43
2023-04-11,3,PT1H,MC-BajoPutumayo,6638.83,6975.81
2023-04-11,4,PT1H,MC-BajoPutumayo,6531.85,6850.26
2023-04-11,5,PT1H,MC-BajoPutumayo,6580.96,6863.66
2023-04-11,6,PT1H,MC-BajoPutumayo,7239.78,7304.83
2023-04-11,7,PT1H,MC-BajoPutumayo,8088.69,7873.53
2023-04-11,8,PT1H,MC-BajoPutumayo,8871.87,8890.6
2023-04-11,9,PT1H,MC-BajoPutumayo,9794.76,10139.17
2023-04-11,10,PT1H,MC-BajoPutumayo,10692.17,10973.12
2023-04-11,11,PT1H,MC-BajoPutumayo,11599.41,11606.83
2023-04-11,12,PT1H,MC-BajoPutumayo,12097.45,12178.27
2023-04-11,13,PT1H,MC-BajoPutumayo,11868.3,11760.42
2023-04-11,14,PT1H,MC-BajoPutumayo,12293.37,11697.9
2023-04-11,15,PT1H,MC-BajoPutumayo,13264.11,12271.56
2023-04-11,16,PT1H,MC-BajoPutumayo,13587.74,12418.7
2023-04-11,17,PT1H,MC-BajoPutumayo,13420.73,12472.79
2023-04-11,18,PT1H,MC-BajoPutumayo,12977.9,12326.15
2023-04-11,19,PT1H,MC-BajoPutumayo,13917.79,13226.35
2023-04-11,20,PT1H,MC-BajoPutumayo,14209.17,13776.7
2023-04-11,21,PT1H,MC-BajoPutumayo,13289.34,12931.33
2023-04-11,22,PT1H,MC-BajoPutumayo,11893.59,11822.95
2023-04-11,23,PT1H,MC-BajoPutumayo,10202.29,10197.73
2023-04-11,24,PT1H,MC-BajoPutumayo,8827.57,8733.54
2025-01-31,1,PT1H,MC-BajoPutumayo,8039.41,9006.9
2025-01-31,2,PT1H,MC-BajoPutumayo,7612.55,8525.7
2025-01-31,3,PT1H,MC-BajoPutumayo,7334.51,8123.5
2025-01-31,4,PT1H,MC-BajoPutumayo,7214.93,7959.4
2025-01-31,5,PT1H,MC-BajoPutumayo,7262.47,7976.6
2025-01-31,6,PT1H,MC-BajoPutumayo,7739.26,8187.7
2025-01-31,7,PT1H,MC-BajoPutumayo,8250.65,8437.1
2025-01-31,8,PT1H,MC-BajoPutumayo,9095.7,9522.7
2025-01-31,9,PT1H,MC-BajoPutumayo,10210.46,10854.3
2025-01-31,10,PT1H,MC-BajoPutumayo,11220.58,11696.7
2025-01-31,11,PT1H,MC-BajoPutumayo,12215.28,12576.3
2025-01-31,12,PT1H,MC-BajoPutumayo,13189.87,13243.0
2025-01-31,13,PT1H,MC-BajoPutumayo,13058.84,12852.1
2025-01-31,14,PT1H,MC-BajoPutumayo,13364.74,12782.3
2025-01-31,15,PT1H,MC-BajoPutumayo,13866.23,13395.1
2025-01-31,16,PT1H,MC-BajoPutumayo,14153.96,13576.9
2025-01-31,17,PT1H,MC-BajoPutumayo,14048.51,13507.8
2025-01-31,18,PT1H,MC-BajoPutumayo,13655.25,13294.5
2025-01-31,19,PT1H,MC-BajoPutumayo,14124.86,13880.5
2025-01-31,20,PT1H,MC-BajoPutumayo,14431.47,14232.0
2025-01-31,21,PT1H,MC-BajoPutumayo,13579.49,13367.0
2025-01-31,22,PT1H,MC-BajoPutumayo,12347.42,12218.7
2025-01-31,23,PT1H,MC-BajoPutumayo,10812.3,10997.1
2025-01-31,24,PT1H,MC-BajoPutumayo,9397.36,9712.1
2025-02-22,1,PT1H,MC-BajoPutumayo,7473.52,7929.1
2025-02-22,2,PT1H,MC-BajoPutumayo,6974.96,7462.1
2025-02-22,3,PT1H,MC-BajoPutumayo,6732.43,7167.4
2025-02-22,4,PT1H,MC-BajoPutumayo,6576.63,7009.4
2025-02-22,5,PT1H,MC-BajoPutumayo,6575.13,7019.5
2025-02-22,6,PT1H,MC-BajoPutumayo,6884.34,7236.4
2025-02-22,7,PT1H,MC-BajoPutumayo,7308.41,7611.8
2025-02-22,8,PT1H,MC-BajoPutumayo,8281.73,8498.3
2025-02-22,9,PT1H,MC-BajoPutumayo,9313.1,9730.5
2025-02-22,10,PT1H,MC-BajoPutumayo,10045.19,10536.0
2025-02-22,11,PT1H,MC-BajoPutumayo,10450.09,11153.5
2025-02-22,12,PT1H,MC-BajoPutumayo,10881.12,11504.2
2025-02-22,13,PT1H,MC-BajoPutumayo,10957.6,11336.3
2025-02-22,14,PT1H,MC-BajoPutumayo,10865.27,11142.6
2025-02-22,15,PT1H,MC-BajoPutumayo,11223.21,11325.7
2025-02-22,16,PT1H,MC-BajoPutumayo,11338.96,11547.3
2025-02-22,17,PT1H,MC-BajoPutumayo,11270.99,11568.9
2025-02-22,18,PT1H,MC-BajoPutumayo,11280.68,11582.7
2025-02-22,19,PT1H,MC-BajoPutumayo,12178.14,12646.4
2025-02-22,20,PT1H,MC-BajoPutumayo,13001.86,13361.2
2025-02-22,21,PT1H,MC-BajoPutumayo,12193.26,12534.5
2025-02-22,22,PT1H,MC-BajoPutumayo,11249.23,11410.7
2025-02-22,23,PT1H,MC-BajoPutumayo,10011.21,10078.0
2025-02-22,24,PT1H,MC-BajoPutumayo,8572.28,8972.7
2024-05-16,1,PT1H,MC-BajoPutumayo,8092.72,7209.84
2024-05-16,2,PT1H,MC-BajoPutumayo,7553.79,6868.07
2024-05-16,3,PT1H,MC-BajoPutumayo,7460.43,6670.13
2024-05-16,4,PT1H,MC-BajoPutumayo,7243.96,6539.29
2024-05-16,5,PT1H,MC-BajoPutumayo,7273.19,6582.84
2024-05-16,6,PT1H,MC-BajoPutumayo,7949.79,7184.96
2024-05-16,7,PT1H,MC-BajoPutumayo,8663.19,7783.01
2024-05-16,8,PT1H,MC-BajoPutumayo,9333.99,8386.28
2024-05-16,9,PT1H,MC-BajoPutumayo,10291.76,9528.15
2024-05-16,10,PT1H,MC-BajoPutumayo,10741.42,10224.6
2024-05-16,11,PT1H,MC-BajoPutumayo,10921.55,10963.15
2024-05-16,12,PT1H,MC-BajoPutumayo,10761.78,11408.01
2024-05-16,13,PT1H,MC-BajoPutumayo,10286.31,11127.86
2024-05-16,14,PT1H,MC-BajoPutumayo,10156.37,11914.88
2024-05-16,15,PT1H,MC-BajoPutumayo,10638.72,12542.6
2024-05-16,16,PT1H,MC-BajoPutumayo,11075.62,12753.82
2024-05-16,17,PT1H,MC-BajoPutumayo,11594.78,12762.17
2024-05-16,18,PT1H,MC-BajoPutumayo,11569.31,12662.57
2024-05-16,19,PT1H,MC-BajoPutumayo,12835.99,13695.19
2024-05-16,20,PT1H,MC-BajoPutumayo,13062.85,13897.94
2024-05-16,21,PT1H,MC-BajoPutumayo,12354.73,13260.03
2024-05-16,22,PT1H,MC-BajoPutumayo,11227.11,12055.18
2024-05-16,23,PT1H,MC-BajoPutumayo,9575.94,10547.1
2024-05-16,24,PT1H,MC-BajoPutumayo,8204.48,9219.33
2023-11-04,1,PT1H,MC-BajoPutumayo,8732.57,8807.39
2023-11-04,2,PT1H,MC-BajoPutumayo,8139.41,8247.17
2023-11-04,3,PT1H,MC-BajoPutumayo,7639.94,7877.55
2023-11-04,4,PT1H,MC-BajoPutumayo,7125.24,7605.23
2023-11-04,5,PT1H,MC-BajoPutumayo,6926.38,7566.47
2023-11-04,6,PT1H,MC-BajoPutumayo,7009.96,7623.94
2023-11-04,7,PT1H,MC-BajoPutumayo,7314.93,8047.8
2023-11-04,8,PT1H,MC-BajoPutumayo,8180.02,9195.97
2023-11-04,9,PT1H,MC-BajoPutumayo,9183.67,10716.46
2023-11-04,10,PT1H,MC-BajoPutumayo,9919.86,11752.71
2023-11-04,11,PT1H,MC-BajoPutumayo,10331.87,12688.49
2023-11-04,12,PT1H,MC-BajoPutumayo,10637.5,13261.74
2023-11-04,13,PT1H,MC-BajoPutumayo,10434.81,13028.62
2023-11-04,14,PT1H,MC-BajoPutumayo,10109.35,12630.81
2023-11-04,15,PT1H,MC-BajoPutumayo,10239.63,12247.9
2023-11-04,16,PT1H,MC-BajoPutumayo,10253.56,11854.72
2023-11-04,17,PT1H,MC-BajoPutumayo,10391.51,11233.71
2023-11-04,18,PT1H,MC-BajoPutumayo,10933.61,11052.24
2023-11-04,19,PT1H,MC-BajoPutumayo,12218.86,12195.56
2023-11-04,20,PT1H,MC-BajoPutumayo,12086.12,12363.45
2023-11-04,21,PT1H,MC-BajoPutumayo,11417.56,11626.4
2023-11-04,22,PT1H,MC-BajoPutumayo,10488.95,10651.65
2023-11-04,23,PT1H,MC-BajoPutumayo,9321.5,9500.42
2023-11-04,24,PT1H,MC-BajoPutumayo,8265.77,8471.68
2025-10-21,1,PT1H,MC-BajoPutumayo,16952.06,16523.5
2025-10-21,2,PT1H,MC-BajoPutumayo,16084.88,15432.1
2025-10-21,3,PT1H,MC-BajoPutumayo,15536.16,14755.8
2025-10-21,4,PT1H,MC-BajoPutumayo,15286.48,14358.2
2025-10-21,5,PT1H,MC-BajoPutumayo,15463.28,14497.4
2025-10-21,6,PT1H,MC-BajoPutumayo,16789.8,15329.2
2025-10-21,7,PT1H,MC-BajoPutumayo,18384.16,16671.1
2025-10-21,8,PT1H,MC-BajoPutumayo,20644.66,18222.4
2025-10-21,9,PT1H,MC-BajoPutumayo,22350.6,20666.6
2025-10-21,10,PT1H,MC-BajoPutumayo,23977.52,22736.2
2025-10-21,11,PT1H,MC-BajoPutumayo,25552.44,24689.1
2025-10-21,12,PT1H,MC-BajoPutumayo,25961.86,26024.9
2025-10-21,13,PT1H,MC-BajoPutumayo,25332.2,25804.9
2025-10-21,14,PT1H,MC-BajoPutumayo,25968.66,25696.0
2025-10-21,15,PT1H,MC-BajoPutumayo,27994.7,27647.5
2025-10-21,16,PT1H,MC-BajoPutumayo,28633.18,27976.4
2025-10-21,17,PT1H,MC-BajoPutumayo,28987.88,27844.3
2025-10-21,18,PT1H,MC-BajoPutumayo,28513.94,27423.8
2025-10-21,19,PT1H,MC-BajoPutumayo,32436.74,30468.2
2025-10-21,20,PT1H,MC-BajoPutumayo,31761.88,30008.9
2025-10-21,21,PT1H,MC-BajoPutumayo,29831.94,28347.4
2025-10-21,22,PT1H,MC-BajoPutumayo,26641.06,25675.3
2025-10-21,23,PT1H,MC-BajoPutumayo,22776.02,22115.4
2025-10-21,24,PT1H,MC-BajoPutumayo,19945.14,19054.3
2023-10-28,1,PT1H,MC-BajoPutumayo,8912.98,8373.46
2023-10-28,2,PT1H,MC-BajoPutumayo,8405.22,7865.02
2023-10-28,3,PT1H,MC-BajoPutumayo,8042.09,7511.23
2023-10-28,4,PT1H,MC-BajoPutumayo,7864.8,7283.94
2023-10-28,5,PT1H,MC-BajoPutumayo,7754.6,7232.88
2023-10-28,6,PT1H,MC-BajoPutumayo,7842.7,7304.0
2023-10-28,7,PT1H,MC-BajoPutumayo,8256.29,7694.46
2023-10-28,8,PT1H,MC-BajoPutumayo,9397.72,8851.03
2023-10-28,9,PT1H,MC-BajoPutumayo,11032.35,10339.87
2023-10-28,10,PT1H,MC-BajoPutumayo,12486.21,11314.96
2023-10-28,11,PT1H,MC-BajoPutumayo,13466.36,12137.03
2023-10-28,12,PT1H,MC-BajoPutumayo,14018.54,12691.62
2023-10-28,13,PT1H,MC-BajoPutumayo,13757.36,12399.62
2023-10-28,14,PT1H,MC-BajoPutumayo,13495.2,12123.3
2023-10-28,15,PT1H,MC-BajoPutumayo,13584.88,11958.69
2023-10-28,16,PT1H,MC-BajoPutumayo,13677.13,12048.48
2023-10-28,17,PT1H,MC-BajoPutumayo,13462.01,11592.05
2023-10-28,18,PT1H,MC-BajoPutumayo,13513.92,11312.47
2023-10-28,19,PT1H,MC-BajoPutumayo,14910.41,12360.4
2023-10-28,20,PT1H,MC-BajoPutumayo,14716.69,12380.04
2023-10-28,21,PT1H,MC-BajoPutumayo,13777.88,11679.21
2023-10-28,22,PT1H,MC-BajoPutumayo,12924.23,10772.34
2023-10-28,23,PT1H,MC-BajoPutumayo,11717.76,9541.66
2023-10-28,24,PT1H,MC-BajoPutumayo,10414.86,8483.79
2025-03-30,1,PT1H,MC-BajoPutumayo,8776.45,8496.2
2025-03-30,2,PT1H,MC-BajoPutumayo,8218.16,7942.8
2025-03-30,3,PT1H,MC-BajoPutumayo,7576.24,7467.4
2025-03-30,4,PT1H,MC-BajoPutumayo,7276.47,7235.1
2025-03-30,5,PT1H,MC-BajoPutumayo,7098.3,7027.0
2025-03-30,6,PT1H,MC-BajoPutumayo,7182.67,7047.9
2025-03-30,7,PT1H,MC-BajoPutumayo,7330.21,7254.8
2025-03-30,8,PT1H,MC-BajoPutumayo,8189.91,8106.5
2025-03-30,9,PT1H,MC-BajoPutumayo,9216.66,9125.4
2025-03-30,10,PT1H,MC-BajoPutumayo,9659.75,9873.2
2025-03-30,11,PT1H,MC-BajoPutumayo,9845.19,10379.4
2025-03-30,12,PT1H,MC-BajoPutumayo,10161.54,10813.2
2025-03-30,13,PT1H,MC-BajoPutumayo,10282.91,10884.5
2025-03-30,14,PT1H,MC-BajoPutumayo,10170.61,10682.1
2025-03-30,15,PT1H,MC-BajoPutumayo,10254.99,10893.5
2025-03-30,16,PT1H,MC-BajoPutumayo,10423.78,11075.9
2025-03-30,17,PT1H,MC-BajoPutumayo,10499.61,11179.5
2025-03-30,18,PT1H,MC-BajoPutumayo,10681.97,11199.8
2025-03-30,19,PT1H,MC-BajoPutumayo,12072.96,12456.3
2025-03-30,20,PT1H,MC-BajoPutumayo,12807.81,13197.2
2025-03-30,21,PT1H,MC-BajoPutumayo,12221.27,12661.0
2025-03-30,22,PT1H,MC-BajoPutumayo,11165.95,11689.7
2025-03-30,23,PT1H,MC-BajoPutumayo,9620.31,9946.1
2025-03-30,24,PT1H,MC-BajoPutumayo,8337.34,8730.1
2023-03-09,1,PT1H,MC-BajoPutumayo,7506.3,7083.13
2023-03-09,2,PT1H,MC-BajoPutumayo,7131.91,6668.0
2023-03-09,3,PT1H,MC-BajoPutumayo,6871.86,6445.35
2023-03-09,4,PT1H,MC-BajoPutumayo,6786.3,6320.61
2023-03-09,5,PT1H,MC-BajoPutumayo,4905.24,6384.54
2023-03-09,6,PT1H,MC-BajoPutumayo,6084.67,6988.13
2023-03-09,7,PT1H,MC-BajoPutumayo,8603.61,7600.87
2023-03-09,8,PT1H,MC-BajoPutumayo,9098.01,8250.95
2023-03-09,9,PT1H,MC-BajoPutumayo,9855.9,9085.46
2023-03-09,10,PT1H,MC-BajoPutumayo,10753.68,9657.52
2023-03-09,11,PT1H,MC-BajoPutumayo,11398.71,10220.19
2023-03-09,12,PT1H,MC-BajoPutumayo,11522.54,10520.64
2023-03-09,13,PT1H,MC-BajoPutumayo,10753.31,10133.9
2023-03-09,14,PT1H,MC-BajoPutumayo,10561.27,10389.64
2023-03-09,15,PT1H,MC-BajoPutumayo,11626.81,10974.89
2023-03-09,16,PT1H,MC-BajoPutumayo,12400.31,11200.0
2023-03-09,17,PT1H,MC-BajoPutumayo,11842.87,11246.05
2023-03-09,18,PT1H,MC-BajoPutumayo,12026.77,11100.3
2023-03-09,19,PT1H,MC-BajoPutumayo,12801.04,11719.53
2023-03-09,20,PT1H,MC-BajoPutumayo,13786.77,12447.85
2023-03-09,21,PT1H,MC-BajoPutumayo,13101.39,11709.69
2023-03-09,22,PT1H,MC-BajoPutumayo,11878.85,10599.77
2023-03-09,23,PT1H,MC-BajoPutumayo,10265.63,9036.72
2023-03-09,24,PT1H,MC-BajoPutumayo,8853.56,7762.27
2022-08-27,1,PT1H,MC-BajoPutumayo,8107.86,7459.43
2022-08-27,2,PT1H,MC-BajoPutumayo,7545.9,7320.43
2022-08-27,3,PT1H,MC-BajoPutumayo,7007.55,7199.27
2022-08-27,4,PT1H,MC-BajoPutumayo,6799.02,6921.85
2022-08-27,5,PT1H,MC-BajoPutumayo,6705.05,6810.95
2022-08-27,6,PT1H,MC-BajoPutumayo,6915.68,6856.48
2022-08-27,7,PT1H,MC-BajoPutumayo,7309.9,7316.1
2022-08-27,8,PT1H,MC-BajoPutumayo,8363.63,8492.37
2022-08-27,9,PT1H,MC-BajoPutumayo,9712.23,9074.6
2022-08-27,10,PT1H,MC-BajoPutumayo,10910.2,10466.95
2022-08-27,11,PT1H,MC-BajoPutumayo,11714.93,11347.89
2022-08-27,12,PT1H,MC-BajoPutumayo,12242.24,11671.41
2022-08-27,13,PT1H,MC-BajoPutumayo,12182.15,11503.02
2022-08-27,14,PT1H,MC-BajoPutumayo,12342.03,11310.31
2022-08-27,15,PT1H,MC-BajoPutumayo,12563.21,11442.32
2022-08-27,16,PT1H,MC-BajoPutumayo,12554.82,11333.68
2022-08-27,17,PT1H,MC-BajoPutumayo,12385.13,11788.48
2022-08-27,18,PT1H,MC-BajoPutumayo,12385.08,12052.25
2022-08-27,19,PT1H,MC-BajoPutumayo,13601.25,13132.89
2022-08-27,20,PT1H,MC-BajoPutumayo,14043.12,13508.92
2022-08-27,21,PT1H,MC-BajoPutumayo,13179.04,12640.99
2022-08-27,22,PT1H,MC-BajoPutumayo,12141.2,11533.86
2022-08-27,23,PT1H,MC-BajoPutumayo,10841.35,10207.27
2022-08-27,24,PT1H,MC-BajoPutumayo,9535.33,9049.31
2023-01-27,1,PT1H,MC-BajoPutumayo,7914.05,8068.99
2023-01-27,2,PT1H,MC-BajoPutumayo,7419.26,7648.44
2023-01-27,3,PT1H,MC-BajoPutumayo,7131.31,7426.21
2023-01-27,4,PT1H,MC-BajoPutumayo,6933.62,7282.92
2023-01-27,5,PT1H,MC-BajoPutumayo,6920.49,7185.02
2023-01-27,6,PT1H,MC-BajoPutumayo,7161.31,7295.22
2023-01-27,7,PT1H,MC-BajoPutumayo,7585.6,7421.19
2023-01-27,8,PT1H,MC-BajoPutumayo,8977.33,8389.12
2023-01-27,9,PT1H,MC-BajoPutumayo,10331.8,9315.61
2023-01-27,10,PT1H,MC-BajoPutumayo,11526.64,9930.95
2023-01-27,11,PT1H,MC-BajoPutumayo,12373.04,10716.09
2023-01-27,12,PT1H,MC-BajoPutumayo,13177.73,11138.49
2023-01-27,13,PT1H,MC-BajoPutumayo,12745.38,11125.25
2023-01-27,14,PT1H,MC-BajoPutumayo,13011.71,11025.44
2023-01-27,15,PT1H,MC-BajoPutumayo,13801.15,10821.08
2023-01-27,16,PT1H,MC-BajoPutumayo,13995.09,10877.29
2023-01-27,17,PT1H,MC-BajoPutumayo,13824.06,10793.06
2023-01-27,18,PT1H,MC-BajoPutumayo,13295.4,10805.36
2023-01-27,19,PT1H,MC-BajoPutumayo,13790.03,11844.64
2023-01-27,20,PT1H,MC-BajoPutumayo,14507.71,12675.35
2023-01-27,21,PT1H,MC-BajoPutumayo,13662.53,12104.27
2023-01-27,22,PT1H,MC-BajoPutumayo,12588.08,11344.27
2023-01-27,23,PT1H,MC-BajoPutumayo,11107.16,10192.21
2023-01-27,24,PT1H,MC-BajoPutumayo,9659.12,8940.47
2023-09-13,1,PT1H,MC-BajoPutumayo,9234.75,7770.97
2023-09-13,2,PT1H,MC-BajoPutumayo,8654.27,7287.67
2023-09-13,3,PT1H,MC-BajoPutumayo,8317.34,6983.5
2023-09-13,4,PT1H,MC-BajoPutumayo,8076.05,6791.86
2023-09-13,5,PT1H,MC-BajoPutumayo,8007.46,6956.17
2023-09-13,6,PT1H,MC-BajoPutumayo,8425.21,7092.84
2023-09-13,7,PT1H,MC-BajoPutumayo,9002.08,8172.77
2023-09-13,8,PT1H,MC-BajoPutumayo,9941.94,8947.34
2023-09-13,9,PT1H,MC-BajoPutumayo,11276.66,10373.89
2023-09-13,10,PT1H,MC-BajoPutumayo,11983.94,11218.77
2023-09-13,11,PT1H,MC-BajoPutumayo,13489.68,12487.49
2023-09-13,12,PT1H,MC-BajoPutumayo,13309.27,13029.72
2023-09-13,13,PT1H,MC-BajoPutumayo,12734.35,12790.76
2023-09-13,14,PT1H,MC-BajoPutumayo,13146.98,13032.95
2023-09-13,15,PT1H,MC-BajoPutumayo,13935.03,14382.67
2023-09-13,16,PT1H,MC-BajoPutumayo,14276.33,14476.93
2023-09-13,17,PT1H,MC-BajoPutumayo,14289.71,14504.6
2023-09-13,18,PT1H,MC-BajoPutumayo,13812.65,14079.12
2023-09-13,19,PT1H,MC-BajoPutumayo,14986.21,14794.69
2023-09-13,20,PT1H,MC-BajoPutumayo,15102.03,15474.51
2023-09-13,21,PT1H,MC-BajoPutumayo,14341.96,14599.8
2023-09-13,22,PT1H,MC-BajoPutumayo,13150.64,13235.69
2023-09-13,23,PT1H,MC-BajoPutumayo,11468.36,11343.24
2023-09-13,24,PT1H,MC-BajoPutumayo,10002.04,9537.45
2023-02-25,1,PT1H,MC-BajoPutumayo,8283.89,8399.69
2023-02-25,2,PT1H,MC-BajoPutumayo,7691.4,7798.12
2023-02-25,3,PT1H,MC-BajoPutumayo,7328.04,7530.93
2023-02-25,4,PT1H,MC-BajoPutumayo,7139.01,7244.24
2023-02-25,5,PT1H,MC-BajoPutumayo,7042.49,7077.37
2023-02-25,6,PT1H,MC-BajoPutumayo,7246.87,7250.7
2023-02-25,7,PT1H,MC-BajoPutumayo,7558.9,7578.36
2023-02-25,8,PT1H,MC-BajoPutumayo,8635.6,8707.48
2023-02-25,9,PT1H,MC-BajoPutumayo,10179.82,10139.78
2023-02-25,10,PT1H,MC-BajoPutumayo,11436.21,11194.94
2023-02-25,11,PT1H,MC-BajoPutumayo,12557.14,11957.48
2023-02-25,12,PT1H,MC-BajoPutumayo,13202.3,12449.32
2023-02-25,13,PT1H,MC-BajoPutumayo,12997.87,12442.88
2023-02-25,14,PT1H,MC-BajoPutumayo,12809.95,12331.79
2023-02-25,15,PT1H,MC-BajoPutumayo,13229.72,12575.1
2023-02-25,16,PT1H,MC-BajoPutumayo,13190.79,12655.75
2023-02-25,17,PT1H,MC-BajoPutumayo,12946.33,12654.66
2023-02-25,18,PT1H,MC-BajoPutumayo,12765.88,12409.16
2023-02-25,19,PT1H,MC-BajoPutumayo,13568.85,13284.1
2023-02-25,20,PT1H,MC-BajoPutumayo,14377.12,14120.26
2023-02-25,21,PT1H,MC-BajoPutumayo,13589.78,13353.62
2023-02-25,22,PT1H,MC-BajoPutumayo,12518.53,12346.31
2023-02-25,23,PT1H,MC-BajoPutumayo,11161.74,11018.03
2023-02-25,24,PT1H,MC-BajoPutumayo,9843.36,9804.43
2022-11-27,1,PT1H,MC-BajoPutumayo,9234.07,8446.29
2022-11-27,2,PT1H,MC-BajoPutumayo,8562.72,7857.87
2022-11-27,3,PT1H,MC-BajoPutumayo,8099.5,7492.0
2022-11-27,4,PT1H,MC-BajoPutumayo,7842.76,7267.64
2022-11-27,5,PT1H,MC-BajoPutumayo,7969.9,7062.43
2022-11-27,6,PT1H,MC-BajoPutumayo,7788.94,7022.33
2022-11-27,7,PT1H,MC-BajoPutumayo,245.86,0.0
2022-11-27,8,PT1H,MC-BajoPutumayo,0.0,0.0
2022-11-27,9,PT1H,MC-BajoPutumayo,0.0,0.0
2022-11-27,10,PT1H,MC-BajoPutumayo,0.0,0.0
2022-11-27,11,PT1H,MC-BajoPutumayo,0.0,0.0
2022-11-27,12,PT1H,MC-BajoPutumayo,0.0,0.0
2022-11-27,13,PT1H,MC-BajoPutumayo,0.0,0.0
2022-11-27,14,PT1H,MC-BajoPutumayo,0.0,0.0
2022-11-27,15,PT1H,MC-BajoPutumayo,0.0,0.0
2022-11-27,16,PT1H,MC-BajoPutumayo,0.08,0.0
2022-11-27,17,PT1H,MC-BajoPutumayo,235.18,11341.51
2022-11-27,18,PT1H,MC-BajoPutumayo,2778.0,11467.67
2022-11-27,19,PT1H,MC-BajoPutumayo,12037.48,12760.38
2022-11-27,20,PT1H,MC-BajoPutumayo,12346.41,12577.59
2022-11-27,21,PT1H,MC-BajoPutumayo,10755.28,11865.96
2022-11-27,22,PT1H,MC-BajoPutumayo,10014.37,10842.0
2022-11-27,23,PT1H,MC-BajoPutumayo,9388.84,9621.92
2022-11-27,24,PT1H,MC-BajoPutumayo,8504.66,8497.05
2022-07-26,1,PT1H,MC-BajoPutumayo,6385.31,6137.11
2022-07-26,2,PT1H,MC-BajoPutumayo,6033.03,5786.15
2022-07-26,3,PT1H,MC-BajoPutumayo,5871.01,5596.44
2022-07-26,4,PT1H,MC-BajoPutumayo,5789.33,5520.56
2022-07-26,5,PT1H,MC-BajoPutumayo,5845.02,5729.24
2022-07-26,6,PT1H,MC-BajoPutumayo,6476.15,6165.57
2022-07-26,7,PT1H,MC-BajoPutumayo,7312.66,6630.36
2022-07-26,8,PT1H,MC-BajoPutumayo,8175.24,7702.22
2022-07-26,9,PT1H,MC-BajoPutumayo,9066.33,8906.88
2022-07-26,10,PT1H,MC-BajoPutumayo,9585.7,9476.01
2022-07-26,11,PT1H,MC-BajoPutumayo,10066.99,10187.42
2022-07-26,12,PT1H,MC-BajoPutumayo,10517.2,10623.75
2022-07-26,13,PT1H,MC-BajoPutumayo,10418.32,10424.56
2022-07-26,14,PT1H,MC-BajoPutumayo,10772.59,10547.87
2022-07-26,15,PT1H,MC-BajoPutumayo,11586.23,11012.66
2022-07-26,16,PT1H,MC-BajoPutumayo,11847.21,11117.0
2022-07-26,17,PT1H,MC-BajoPutumayo,11392.71,11030.48
2022-07-26,18,PT1H,MC-BajoPutumayo,11618.6,10965.23
2022-07-26,19,PT1H,MC-BajoPutumayo,12246.78,11676.64
2022-07-26,20,PT1H,MC-BajoPutumayo,12161.37,12065.55
2022-07-26,21,PT1H,MC-BajoPutumayo,11241.88,11439.5
2022-07-26,22,PT1H,MC-BajoPutumayo,10026.39,10272.79
2022-07-26,23,PT1H,MC-BajoPutumayo,8487.29,8774.08
2022-07-26,24,PT1H,MC-BajoPutumayo,7321.94,7351.26
2023-04-10,1,PT1H,MC-BajoPutumayo,6442.48,7040.71
2023-04-10,2,PT1H,MC-BajoPutumayo,6083.81,6544.43
2023-04-10,3,PT1H,MC-BajoPutumayo,5882.49,6312.15
2023-04-10,4,PT1H,MC-BajoPutumayo,5779.72,6161.5
2023-04-10,5,PT1H,MC-BajoPutumayo,5824.96,6324.02
2023-04-10,6,PT1H,MC-BajoPutumayo,6446.29,6645.82
2023-04-10,7,PT1H,MC-BajoPutumayo,7158.33,7355.36
2023-04-10,8,PT1H,MC-BajoPutumayo,7932.31,7966.5
2023-04-10,9,PT1H,MC-BajoPutumayo,9127.99,8854.68
2023-04-10,10,PT1H,MC-BajoPutumayo,9816.98,9424.06
2023-04-10,11,PT1H,MC-BajoPutumayo,10379.65,9996.06
2023-04-10,12,PT1H,MC-BajoPutumayo,11082.53,10361.66
2023-04-10,13,PT1H,MC-BajoPutumayo,11159.6,10166.83
2023-04-10,14,PT1H,MC-BajoPutumayo,11543.74,10354.88
2023-04-10,15,PT1H,MC-BajoPutumayo,12384.48,10846.2
2023-04-10,16,PT1H,MC-BajoPutumayo,12534.38,11045.17
2023-04-10,17,PT1H,MC-BajoPutumayo,12499.09,11142.04
2023-04-10,18,PT1H,MC-BajoPutumayo,12068.48,10801.37
2023-04-10,19,PT1H,MC-BajoPutumayo,13008.41,11451.65
2023-04-10,20,PT1H,MC-BajoPutumayo,13353.28,11767.17
2023-04-10,21,PT1H,MC-BajoPutumayo,12637.74,11408.88
2023-04-10,22,PT1H,MC-BajoPutumayo,11473.84,10306.34
2023-04-10,23,PT1H,MC-BajoPutumayo,9670.2,8943.46
2023-04-10,24,PT1H,MC-BajoPutumayo,8254.34,7621.46
2024-03-10,1,PT1H,MC-BajoPutumayo,7836.58,7009.13
2024-03-10,2,PT1H,MC-BajoPutumayo,7375.26,6588.57
2024-03-10,3,PT1H,MC-BajoPutumayo,7118.39,6269.65
2024-03-10,4,PT1H,MC-BajoPutumayo,6890.88,6188.86
2024-03-10,5,PT1H,MC-BajoPutumayo,6831.8,6268.72
2024-03-10,6,PT1H,MC-BajoPutumayo,6831.42,6614.58
2024-03-10,7,PT1H,MC-BajoPutumayo,6999.22,6953.19
2024-03-10,8,PT1H,MC-BajoPutumayo,7879.24,7871.47
2024-03-10,9,PT1H,MC-BajoPutumayo,8970.37,9126.05
2024-03-10,10,PT1H,MC-BajoPutumayo,9588.42,9979.9
2024-03-10,11,PT1H,MC-BajoPutumayo,9931.52,10609.21
2024-03-10,12,PT1H,MC-BajoPutumayo,10268.23,11163.29
2024-03-10,13,PT1H,MC-BajoPutumayo,10626.64,10884.78
2024-03-10,14,PT1H,MC-BajoPutumayo,10590.92,10773.97
2024-03-10,15,PT1H,MC-BajoPutumayo,10793.16,11103.99
2024-03-10,16,PT1H,MC-BajoPutumayo,10881.44,11085.29
2024-03-10,17,PT1H,MC-BajoPutumayo,10935.79,10984.54
2024-03-10,18,PT1H,MC-BajoPutumayo,10872.52,10865.72
2024-03-10,19,PT1H,MC-BajoPutumayo,11767.52,11217.86
2024-03-10,20,PT1H,MC-BajoPutumayo,12763.77,11654.8
2024-03-10,21,PT1H,MC-BajoPutumayo,12294.32,11009.0
2024-03-10,22,PT1H,MC-BajoPutumayo,11433.48,10087.68
2024-03-10,23,PT1H,MC-BajoPutumayo,9915.13,8553.29
2024-03-10,24,PT1H,MC-BajoPutumayo,8696.38,7457.86
2025-10-08,1,PT1H,MC-BajoPutumayo,18270.32,16276.6
2025-10-08,2,PT1H,MC-BajoPutumayo,17284.78,15322.3
2025-10-08,3,PT1H,MC-BajoPutumayo,16763.76,14847.5
2025-10-08,4,PT1H,MC-BajoPutumayo,16333.22,14617.5
2025-10-08,5,PT1H,MC-BajoPutumayo,16031.74,14913.3
2025-10-08,6,PT1H,MC-BajoPutumayo,16146.08,16304.5
2025-10-08,7,PT1H,MC-BajoPutumayo,16932.92,17739.2
2025-10-08,8,PT1H,MC-BajoPutumayo,18954.62,19111.2
2025-10-08,9,PT1H,MC-BajoPutumayo,21443.1,21304.7
2025-10-08,10,PT1H,MC-BajoPutumayo,22627.92,23022.9
2025-10-08,11,PT1H,MC-BajoPutumayo,23451.8,24612.3
2025-10-08,12,PT1H,MC-BajoPutumayo,24041.82,26002.4
2025-10-08,13,PT1H,MC-BajoPutumayo,23379.68,25613.6
2025-10-08,14,PT1H,MC-BajoPutumayo,23327.38,26103.7
2025-10-08,15,PT1H,MC-BajoPutumayo,24661.18,27878.5
2025-10-08,16,PT1H,MC-BajoPutumayo,24950.1,28277.3
2025-10-08,17,PT1H,MC-BajoPutumayo,24608.18,28179.8
2025-10-08,18,PT1H,MC-BajoPutumayo,24796.06,27669.8
2025-10-08,19,PT1H,MC-BajoPutumayo,28127.16,30656.5
2025-10-08,20,PT1H,MC-BajoPutumayo,27507.26,30471.3
2025-10-08,21,PT1H,MC-BajoPutumayo,25612.42,27952.8
2025-10-08,22,PT1H,MC-BajoPutumayo,22764.08,24816.1
2025-10-08,23,PT1H,MC-BajoPutumayo,19575.96,20908.0
2025-10-08,24,PT1H,MC-BajoPutumayo,16793.14,18127.5
2023-05-16,1,PT1H,MC-BajoPutumayo,6732.56,7702.94
2023-05-16,2,PT1H,MC-BajoPutumayo,6411.25,7124.88
2023-05-16,3,PT1H,MC-BajoPutumayo,6252.74,6886.7
2023-05-16,4,PT1H,MC-BajoPutumayo,6167.4,6797.73
2023-05-16,5,PT1H,MC-BajoPutumayo,6224.62,6711.04
2023-05-16,6,PT1H,MC-BajoPutumayo,6817.45,7072.81
2023-05-16,7,PT1H,MC-BajoPutumayo,7645.05,7723.78
2023-05-16,8,PT1H,MC-BajoPutumayo,8329.11,8561.5
2023-05-16,9,PT1H,MC-BajoPutumayo,9490.61,9554.64
2023-05-16,10,PT1H,MC-BajoPutumayo,10211.34,10634.36
2023-05-16,11,PT1H,MC-BajoPutumayo,10908.54,11406.03
2023-05-16,12,PT1H,MC-BajoPutumayo,11588.25,11867.36
2023-05-16,13,PT1H,MC-BajoPutumayo,11540.82,11564.19
2023-05-16,14,PT1H,MC-BajoPutumayo,11892.59,11860.61
2023-05-16,15,PT1H,MC-BajoPutumayo,12763.18,12592.68
2023-05-16,16,PT1H,MC-BajoPutumayo,12963.48,12762.83
2023-05-16,17,PT1H,MC-BajoPutumayo,13210.74,12484.82
2023-05-16,18,PT1H,MC-BajoPutumayo,12686.89,12083.45
2023-05-16,19,PT1H,MC-BajoPutumayo,13676.69,13097.64
2023-05-16,20,PT1H,MC-BajoPutumayo,13961.32,13880.98
2023-05-16,21,PT1H,MC-BajoPutumayo,12954.64,13314.59
2023-05-16,22,PT1H,MC-BajoPutumayo,11690.76,11832.61
2023-05-16,23,PT1H,MC-BajoPutumayo,9870.2,10156.46
2023-05-16,24,PT1H,MC-BajoPutumayo,8522.01,8848.46
2022-02-08,1,PT1H,MC-BajoPutumayo,5682.98,6590.37
2022-02-08,2,PT1H,MC-BajoPutumayo,5701.59,6260.42
2022-02-08,3,PT1H,MC-BajoPutumayo,5811.64,6092.62
2022-02-08,4,PT1H,MC-BajoPutumayo,5975.13,5872.92
2022-02-08,5,PT1H,MC-BajoPutumayo,5170.46,5703.07
2022-02-08,6,PT1H,MC-BajoPutumayo,5688.87,6318.93
2022-02-08,7,PT1H,MC-BajoPutumayo,7330.26,6866.79
2022-02-08,8,PT1H,MC-BajoPutumayo,8089.94,7576.59
2022-02-08,9,PT1H,MC-BajoPutumayo,8601.97,8634.63
2022-02-08,10,PT1H,MC-BajoPutumayo,9010.48,9284.71
2022-02-08,11,PT1H,MC-BajoPutumayo,9630.06,9808.5
2022-02-08,12,PT1H,MC-BajoPutumayo,10264.81,10296.36
2022-02-08,13,PT1H,MC-BajoPutumayo,9939.55,10107.82
2022-02-08,14,PT1H,MC-BajoPutumayo,8626.65,10043.98
2022-02-08,15,PT1H,MC-BajoPutumayo,9104.39,10203.43
2022-02-08,16,PT1H,MC-BajoPutumayo,11415.62,10467.15
2022-02-08,17,PT1H,MC-BajoPutumayo,11568.48,10384.44
2022-02-08,18,PT1H,MC-BajoPutumayo,10389.47,10444.1
2022-02-08,19,PT1H,MC-BajoPutumayo,10928.31,11510.42
2022-02-08,20,PT1H,MC-BajoPutumayo,11965.21,11706.07
2022-02-08,21,PT1H,MC-BajoPutumayo,11694.37,11128.87
2022-02-08,22,PT1H,MC-BajoPutumayo,10120.55,10308.63
2022-02-08,23,PT1H,MC-BajoPutumayo,8228.9,8767.74
2022-02-08,24,PT1H,MC-BajoPutumayo,7102.53,7352.7
2024-04-16,1,PT1H,MC-BajoPutumayo,7776.76,8579.17
2024-04-16,2,PT1H,MC-BajoPutumayo,7294.88,8129.43
2024-04-16,3,PT1H,MC-BajoPutumayo,6701.56,7813.06
2024-04-16,4,PT1H,MC-BajoPutumayo,6731.23,7545.74
2024-04-16,5,PT1H,MC-BajoPutumayo,6848.43,7599.97
2024-04-16,6,PT1H,MC-BajoPutumayo,7276.44,7993.89
2024-04-16,7,PT1H,MC-BajoPutumayo,7726.48,8318.59
2024-04-16,8,PT1H,MC-BajoPutumayo,8731.39,9049.97
2024-04-16,9,PT1H,MC-BajoPutumayo,10487.37,10186.59
2024-04-16,10,PT1H,MC-BajoPutumayo,11550.54,11136.36
2024-04-16,11,PT1H,MC-BajoPutumayo,11960.81,11716.41
2024-04-16,12,PT1H,MC-BajoPutumayo,12711.07,12655.11
2024-04-16,13,PT1H,MC-BajoPutumayo,12611.91,12553.89
2024-04-16,14,PT1H,MC-BajoPutumayo,12413.75,12497.85
2024-04-16,15,PT1H,MC-BajoPutumayo,13966.62,12739.04
2024-04-16,16,PT1H,MC-BajoPutumayo,14492.99,13394.89
2024-04-16,17,PT1H,MC-BajoPutumayo,14756.71,13438.03
2024-04-16,18,PT1H,MC-BajoPutumayo,13887.57,13178.85
2024-04-16,19,PT1H,MC-BajoPutumayo,14459.83,14277.47
2024-04-16,20,PT1H,MC-BajoPutumayo,14592.96,14782.45
2024-04-16,21,PT1H,MC-BajoPutumayo,14218.17,14310.91
2024-04-16,22,PT1H,MC-BajoPutumayo,12590.38,13279.73
2024-04-16,23,PT1H,MC-BajoPutumayo,10989.26,10860.29
2024-04-16,24,PT1H,MC-BajoPutumayo,9459.32,9323.56
2023-09-08,1,PT1H,MC-BajoPutumayo,8679.09,8279.93
2023-09-08,2,PT1H,MC-BajoPutumayo,8114.09,7976.59
2023-09-08,3,PT1H,MC-BajoPutumayo,7991.41,7673.09
2023-09-08,4,PT1H,MC-BajoPutumayo,7679.03,7590.81
2023-09-08,5,PT1H,MC-BajoPutumayo,7574.03,7528.16
2023-09-08,6,PT1H,MC-BajoPutumayo,7909.9,7774.12
2023-09-08,7,PT1H,MC-BajoPutumayo,8408.03,8629.45
2023-09-08,8,PT1H,MC-BajoPutumayo,9437.12,9361.72
2023-09-08,9,PT1H,MC-BajoPutumayo,10981.39,10097.03
2023-09-08,10,PT1H,MC-BajoPutumayo,12147.83,11205.33
2023-09-08,11,PT1H,MC-BajoPutumayo,13065.3,12217.92
2023-09-08,12,PT1H,MC-BajoPutumayo,13731.09,13009.92
2023-09-08,13,PT1H,MC-BajoPutumayo,13209.7,12359.78
2023-09-08,14,PT1H,MC-BajoPutumayo,13388.21,12943.48
2023-09-08,15,PT1H,MC-BajoPutumayo,13889.31,13461.27
2023-09-08,16,PT1H,MC-BajoPutumayo,13948.14,14642.89
2023-09-08,17,PT1H,MC-BajoPutumayo,14106.04,14877.89
2023-09-08,18,PT1H,MC-BajoPutumayo,13913.79,13797.0
2023-09-08,19,PT1H,MC-BajoPutumayo,14905.95,14993.86
2023-09-08,20,PT1H,MC-BajoPutumayo,15264.36,15400.1
2023-09-08,21,PT1H,MC-BajoPutumayo,14401.31,14416.77
2023-09-08,22,PT1H,MC-BajoPutumayo,13304.94,13187.08
2023-09-08,23,PT1H,MC-BajoPutumayo,11756.11,11505.79
2023-09-08,24,PT1H,MC-BajoPutumayo,10131.81,10095.02
2022-08-10,1,PT1H,MC-BajoPutumayo,6245.78,7113.29
2022-08-10,2,PT1H,MC-BajoPutumayo,5898.69,6721.7
2022-08-10,3,PT1H,MC-BajoPutumayo,5571.18,6545.82
2022-08-10,4,PT1H,MC-BajoPutumayo,5489.88,6568.52
2022-08-10,5,PT1H,MC-BajoPutumayo,5563.02,6533.83
2022-08-10,6,PT1H,MC-BajoPutumayo,6142.45,7035.3
2022-08-10,7,PT1H,MC-BajoPutumayo,6942.47,7751.88
2022-08-10,8,PT1H,MC-BajoPutumayo,7619.68,8659.57
2022-08-10,9,PT1H,MC-BajoPutumayo,8919.96,9608.72
2022-08-10,10,PT1H,MC-BajoPutumayo,9405.58,10030.26
2022-08-10,11,PT1H,MC-BajoPutumayo,9823.89,10608.61
2022-08-10,12,PT1H,MC-BajoPutumayo,10075.28,10992.42
2022-08-10,13,PT1H,MC-BajoPutumayo,9840.62,10586.63
2022-08-10,14,PT1H,MC-BajoPutumayo,10245.1,10559.52
2022-08-10,15,PT1H,MC-BajoPutumayo,11016.07,10952.26
2022-08-10,16,PT1H,MC-BajoPutumayo,11342.23,11069.36
2022-08-10,17,PT1H,MC-BajoPutumayo,11427.5,11075.15
2022-08-10,18,PT1H,MC-BajoPutumayo,11177.27,10990.68
2022-08-10,19,PT1H,MC-BajoPutumayo,11996.71,12123.15
2022-08-10,20,PT1H,MC-BajoPutumayo,12127.53,12823.63
2022-08-10,21,PT1H,MC-BajoPutumayo,11139.32,12095.67
2022-08-10,22,PT1H,MC-BajoPutumayo,9760.48,10767.21
2022-08-10,23,PT1H,MC-BajoPutumayo,8031.4,9231.32
2022-08-10,24,PT1H,MC-BajoPutumayo,6820.26,7876.9
2022-06-24,1,PT1H,MC-BajoPutumayo,6458.67,6676.82
2022-06-24,2,PT1H,MC-BajoPutumayo,6116.5,6177.46
2022-06-24,3,PT1H,MC-BajoPutumayo,5840.41,5939.84
2022-06-24,4,PT1H,MC-BajoPutumayo,5665.91,5876.3
2022-06-24,5,PT1H,MC-BajoPutumayo,5730.75,5852.92
2022-06-24,6,PT1H,MC-BajoPutumayo,6088.12,6264.98
2022-06-24,7,PT1H,MC-BajoPutumayo,6738.55,7118.42
2022-06-24,8,PT1H,MC-BajoPutumayo,7825.23,7651.15
2022-06-24,9,PT1H,MC-BajoPutumayo,9021.58,8566.51
2022-06-24,10,PT1H,MC-BajoPutumayo,9692.32,9055.7
2022-06-24,11,PT1H,MC-BajoPutumayo,10258.51,9703.32
2022-06-24,12,PT1H,MC-BajoPutumayo,10767.85,10159.47
2022-06-24,13,PT1H,MC-BajoPutumayo,10749.23,10313.0
2022-06-24,14,PT1H,MC-BajoPutumayo,10487.35,10089.59
2022-06-24,15,PT1H,MC-BajoPutumayo,10709.55,10817.1
2022-06-24,16,PT1H,MC-BajoPutumayo,11018.06,11124.17
2022-06-24,17,PT1H,MC-BajoPutumayo,11244.85,11269.41
2022-06-24,18,PT1H,MC-BajoPutumayo,11100.47,11065.26
2022-06-24,19,PT1H,MC-BajoPutumayo,12075.77,12001.86
2022-06-24,20,PT1H,MC-BajoPutumayo,12549.45,12195.88
2022-06-24,21,PT1H,MC-BajoPutumayo,11868.96,11385.24
2022-06-24,22,PT1H,MC-BajoPutumayo,10766.1,10232.12
2022-06-24,23,PT1H,MC-BajoPutumayo,9049.62,8717.96
2022-06-24,24,PT1H,MC-BajoPutumayo,7355.07,7468.1
2023-04-25,1,PT1H,MC-BajoPutumayo,7462.62,6843.22
2023-04-25,2,PT1H,MC-BajoPutumayo,6682.09,6378.08
2023-04-25,3,PT1H,MC-BajoPutumayo,6423.65,6138.77
2023-04-25,4,PT1H,MC-BajoPutumayo,6392.94,6022.22
2023-04-25,5,PT1H,MC-BajoPutumayo,6400.9,6007.8
2023-04-25,6,PT1H,MC-BajoPutumayo,6988.39,6492.33
2023-04-25,7,PT1H,MC-BajoPutumayo,7725.16,7113.53
2023-04-25,8,PT1H,MC-BajoPutumayo,8534.37,7975.18
2023-04-25,9,PT1H,MC-BajoPutumayo,9161.43,9053.93
2023-04-25,10,PT1H,MC-BajoPutumayo,10417.32,9771.0
2023-04-25,11,PT1H,MC-BajoPutumayo,11003.35,10459.51
2023-04-25,12,PT1H,MC-BajoPutumayo,11650.83,11057.69
2023-04-25,13,PT1H,MC-BajoPutumayo,11246.01,10846.01
2023-04-25,14,PT1H,MC-BajoPutumayo,11539.38,11127.36
2023-04-25,15,PT1H,MC-BajoPutumayo,12326.06,11797.41
2023-04-25,16,PT1H,MC-BajoPutumayo,12617.81,12103.07
2023-04-25,17,PT1H,MC-BajoPutumayo,12233.1,12029.52
2023-04-25,18,PT1H,MC-BajoPutumayo,11874.53,11618.98
2023-04-25,19,PT1H,MC-BajoPutumayo,13162.47,12594.08
2023-04-25,20,PT1H,MC-BajoPutumayo,13687.94,12934.0
2023-04-25,21,PT1H,MC-BajoPutumayo,12768.91,12145.39
2023-04-25,22,PT1H,MC-BajoPutumayo,10952.07,10991.67
2023-04-25,23,PT1H,MC-BajoPutumayo,9452.81,9488.4
2023-04-25,24,PT1H,MC-BajoPutumayo,8152.82,8213.75
2024-07-19,1,PT1H,MC-BajoPutumayo,6693.07,7174.8
2024-07-19,2,PT1H,MC-BajoPutumayo,6357.55,6786.7
2024-07-19,3,PT1H,MC-BajoPutumayo,6206.08,6533.8
2024-07-19,4,PT1H,MC-BajoPutumayo,6132.2,6425.0
2024-07-19,5,PT1H,MC-BajoPutumayo,6322.1,6534.6
2024-07-19,6,PT1H,MC-BajoPutumayo,6592.95,5219.3
2024-07-19,7,PT1H,MC-BajoPutumayo,8031.28,7485.2
2024-07-19,8,PT1H,MC-BajoPutumayo,8647.92,8543.6
2024-07-19,9,PT1H,MC-BajoPutumayo,9452.58,9543.4
2024-07-19,10,PT1H,MC-BajoPutumayo,10574.6,10361.5
2024-07-19,11,PT1H,MC-BajoPutumayo,11412.53,10944.6
2024-07-19,12,PT1H,MC-BajoPutumayo,11741.41,11374.4
2024-07-19,13,PT1H,MC-BajoPutumayo,11252.2,11132.1
2024-07-19,14,PT1H,MC-BajoPutumayo,11394.95,11501.3
2024-07-19,15,PT1H,MC-BajoPutumayo,11930.18,12241.1
2024-07-19,16,PT1H,MC-BajoPutumayo,12045.46,12486.1
2024-07-19,17,PT1H,MC-BajoPutumayo,11971.52,12419.8
2024-07-19,18,PT1H,MC-BajoPutumayo,12185.94,12296.1
2024-07-19,19,PT1H,MC-BajoPutumayo,13313.52,13305.7
2024-07-19,20,PT1H,MC-BajoPutumayo,13453.16,13398.1
2024-07-19,21,PT1H,MC-BajoPutumayo,12580.86,12632.6
2024-07-19,22,PT1H,MC-BajoPutumayo,11203.73,11517.5
2024-07-19,23,PT1H,MC-BajoPutumayo,9653.61,9958.3
2024-07-19,24,PT1H,MC-BajoPutumayo,8418.74,8759.6
2025-12-17,1,PT1H,MC-BajoPutumayo,10568.3,9465.0
2025-12-17,2,PT1H,MC-BajoPutumayo,10027.93,9070.9
2025-12-17,3,PT1H,MC-BajoPutumayo,9627.87,8799.1
2025-12-17,4,PT1H,MC-BajoPutumayo,9438.17,8625.4
2025-12-17,5,PT1H,MC-BajoPutumayo,9480.26,8694.5
2025-12-17,6,PT1H,MC-BajoPutumayo,9597.32,9149.0
2025-12-17,7,PT1H,MC-BajoPutumayo,10084.73,10386.2
2025-12-17,8,PT1H,MC-BajoPutumayo,11256.71,11004.3
2025-12-17,9,PT1H,MC-BajoPutumayo,13199.72,12360.1
2025-12-17,10,PT1H,MC-BajoPutumayo,14209.14,12966.7
2025-12-17,11,PT1H,MC-BajoPutumayo,14989.66,13571.7
2025-12-17,12,PT1H,MC-BajoPutumayo,15288.31,14079.6
2025-12-17,13,PT1H,MC-BajoPutumayo,15070.78,13917.5
2025-12-17,14,PT1H,MC-BajoPutumayo,15490.05,14129.5
2025-12-17,15,PT1H,MC-BajoPutumayo,16258.15,14948.8
2025-12-17,16,PT1H,MC-BajoPutumayo,16399.56,15246.2
2025-12-17,17,PT1H,MC-BajoPutumayo,16360.02,15208.4
2025-12-17,18,PT1H,MC-BajoPutumayo,15908.37,15319.1
2025-12-17,19,PT1H,MC-BajoPutumayo,16781.23,16677.1
2025-12-17,20,PT1H,MC-BajoPutumayo,16826.91,16898.0
2025-12-17,21,PT1H,MC-BajoPutumayo,15951.09,15715.6
2025-12-17,22,PT1H,MC-BajoPutumayo,14571.07,14098.0
2025-12-17,23,PT1H,MC-BajoPutumayo,13047.77,11981.2
2025-12-17,24,PT1H,MC-BajoPutumayo,11697.77,10509.7
2023-04-09,1,PT1H,MC-BajoPutumayo,6855.9,7496.54
2023-04-09,2,PT1H,MC-BajoPutumayo,6381.37,7126.25
2023-04-09,3,PT1H,MC-BajoPutumayo,6089.72,6740.63
2023-04-09,4,PT1H,MC-BajoPutumayo,5937.37,6519.55
2023-04-09,5,PT1H,MC-BajoPutumayo,5867.78,6357.53
2023-04-09,6,PT1H,MC-BajoPutumayo,5999.57,6434.46
2023-04-09,7,PT1H,MC-BajoPutumayo,6083.3,6734.59
2023-04-09,8,PT1H,MC-BajoPutumayo,7150.83,7651.22
2023-04-09,9,PT1H,MC-BajoPutumayo,8012.9,8706.86
2023-04-09,10,PT1H,MC-BajoPutumayo,8609.97,9357.53
2023-04-09,11,PT1H,MC-BajoPutumayo,9044.45,9862.29
2023-04-09,12,PT1H,MC-BajoPutumayo,9351.49,10328.14
2023-04-09,13,PT1H,MC-BajoPutumayo,9496.77,10501.11
2023-04-09,14,PT1H,MC-BajoPutumayo,9394.51,10343.1
2023-04-09,15,PT1H,MC-BajoPutumayo,9453.65,10313.24
2023-04-09,16,PT1H,MC-BajoPutumayo,9491.97,10241.01
2023-04-09,17,PT1H,MC-BajoPutumayo,9370.45,10189.63
2023-04-09,18,PT1H,MC-BajoPutumayo,9363.85,10256.75
2023-04-09,19,PT1H,MC-BajoPutumayo,10684.95,11435.49
2023-04-09,20,PT1H,MC-BajoPutumayo,11189.82,11981.92
2023-04-09,21,PT1H,MC-BajoPutumayo,10696.58,11401.97
2023-04-09,22,PT1H,MC-BajoPutumayo,9704.7,10523.51
2023-04-09,23,PT1H,MC-BajoPutumayo,8434.74,9163.82
2023-04-09,24,PT1H,MC-BajoPutumayo,7332.67,8062.88
2023-11-22,1,PT1H,MC-BajoPutumayo,7630.76,7926.09
2023-11-22,2,PT1H,MC-BajoPutumayo,7242.32,7468.6
2023-11-22,3,PT1H,MC-BajoPutumayo,7043.08,7193.72
2023-11-22,4,PT1H,MC-BajoPutumayo,6957.39,7011.88
2023-11-22,5,PT1H,MC-BajoPutumayo,7007.86,6995.16
2023-11-22,6,PT1H,MC-BajoPutumayo,7495.33,7409.87
2023-11-22,7,PT1H,MC-BajoPutumayo,8253.5,8174.41
2023-11-22,8,PT1H,MC-BajoPutumayo,9319.72,9018.71
2023-11-22,9,PT1H,MC-BajoPutumayo,10470.75,10266.62
2023-11-22,10,PT1H,MC-BajoPutumayo,10982.31,11132.74
2023-11-22,11,PT1H,MC-BajoPutumayo,11968.79,11771.16
2023-11-22,12,PT1H,MC-BajoPutumayo,12697.12,12584.72
2023-11-22,13,PT1H,MC-BajoPutumayo,12499.99,12099.72
2023-11-22,14,PT1H,MC-BajoPutumayo,12670.76,12322.32
2023-11-22,15,PT1H,MC-BajoPutumayo,13527.41,13340.63
2023-11-22,16,PT1H,MC-BajoPutumayo,13521.38,13282.47
2023-11-22,17,PT1H,MC-BajoPutumayo,13450.65,12889.85
2023-11-22,18,PT1H,MC-BajoPutumayo,13128.38,12779.01
2023-11-22,19,PT1H,MC-BajoPutumayo,14337.44,14312.08
2023-11-22,20,PT1H,MC-BajoPutumayo,14060.64,14049.41
2023-11-22,21,PT1H,MC-BajoPutumayo,13207.8,13107.62
2023-11-22,22,PT1H,MC-BajoPutumayo,12076.13,11904.4
2023-11-22,23,PT1H,MC-BajoPutumayo,10506.85,10238.18
2023-11-22,24,PT1H,MC-BajoPutumayo,9054.12,8856.55
2022-11-06,1,PT1H,MC-BajoPutumayo,7781.98,8438.83
2022-11-06,2,PT1H,MC-BajoPutumayo,7268.9,7494.18
2022-11-06,3,PT1H,MC-BajoPutumayo,6958.73,7236.65
2022-11-06,4,PT1H,MC-BajoPutumayo,6783.76,6889.19
2022-11-06,5,PT1H,MC-BajoPutumayo,6634.17,6706.55
2022-11-06,6,PT1H,MC-BajoPutumayo,6668.12,6850.22
2022-11-06,7,PT1H,MC-BajoPutumayo,7006.06,6971.29
2022-11-06,8,PT1H,MC-BajoPutumayo,8036.82,7558.49
2022-11-06,9,PT1H,MC-BajoPutumayo,9156.67,9044.6
2022-11-06,10,PT1H,MC-BajoPutumayo,10062.59,10090.49
2022-11-06,11,PT1H,MC-BajoPutumayo,10534.04,10712.49
2022-11-06,12,PT1H,MC-BajoPutumayo,11119.64,11423.7
2022-11-06,13,PT1H,MC-BajoPutumayo,11215.25,11633.14
2022-11-06,14,PT1H,MC-BajoPutumayo,11083.07,11676.63
2022-11-06,15,PT1H,MC-BajoPutumayo,11133.91,11575.7
2022-11-06,16,PT1H,MC-BajoPutumayo,11117.83,11583.08
2022-11-06,17,PT1H,MC-BajoPutumayo,11015.73,11761.38
2022-11-06,18,PT1H,MC-BajoPutumayo,11002.49,11575.82
2022-11-06,19,PT1H,MC-BajoPutumayo,12481.88,13056.36
2022-11-06,20,PT1H,MC-BajoPutumayo,11799.32,13073.61
2022-11-06,21,PT1H,MC-BajoPutumayo,11860.84,12406.34
2022-11-06,22,PT1H,MC-BajoPutumayo,10932.38,11500.97
2022-11-06,23,PT1H,MC-BajoPutumayo,9652.45,10220.54
2022-11-06,24,PT1H,MC-BajoPutumayo,8500.24,8975.94
2024-11-20,1,PT1H,MC-BajoPutumayo,8655.94,7952.2
2024-11-20,2,PT1H,MC-BajoPutumayo,8049.24,7774.3
2024-11-20,3,PT1H,MC-BajoPutumayo,7764.05,7423.9
2024-11-20,4,PT1H,MC-BajoPutumayo,7741.11,7499.6
2024-11-20,5,PT1H,MC-BajoPutumayo,8053.84,7499.2
2024-11-20,6,PT1H,MC-BajoPutumayo,8514.03,8011.1
2024-11-20,7,PT1H,MC-BajoPutumayo,9213.63,8463.3
2024-11-20,8,PT1H,MC-BajoPutumayo,10512.97,9746.4
2024-11-20,9,PT1H,MC-BajoPutumayo,11888.15,10886.0
2024-11-20,10,PT1H,MC-BajoPutumayo,12787.81,11228.6
2024-11-20,11,PT1H,MC-BajoPutumayo,13628.36,11755.2
2024-11-20,12,PT1H,MC-BajoPutumayo,13785.67,11974.4
2024-11-20,13,PT1H,MC-BajoPutumayo,13770.13,12001.5
2024-11-20,14,PT1H,MC-BajoPutumayo,14653.32,12683.7
2024-11-20,15,PT1H,MC-BajoPutumayo,15183.96,13381.9
2024-11-20,16,PT1H,MC-BajoPutumayo,15131.06,13380.4
2024-11-20,17,PT1H,MC-BajoPutumayo,14677.23,13273.0
2024-11-20,18,PT1H,MC-BajoPutumayo,15150.4,13825.3
2024-11-20,19,PT1H,MC-BajoPutumayo,16047.77,14609.2
2024-11-20,20,PT1H,MC-BajoPutumayo,15129.16,14104.7
2024-11-20,21,PT1H,MC-BajoPutumayo,13845.38,13051.0
2024-11-20,22,PT1H,MC-BajoPutumayo,11216.93,11509.2
2024-11-20,23,PT1H,MC-BajoPutumayo,10332.18,9997.4
2024-11-20,24,PT1H,MC-BajoPutumayo,9300.9,8843.9
2022-02-17,1,PT1H,MC-BajoPutumayo,7190.26,6865.15
2022-02-17,2,PT1H,MC-BajoPutumayo,6774.42,6439.8
2022-02-17,3,PT1H,MC-BajoPutumayo,6576.3,6260.4
2022-02-17,4,PT1H,MC-BajoPutumayo,6421.02,6296.04
2022-02-17,5,PT1H,MC-BajoPutumayo,6297.82,6407.07
2022-02-17,6,PT1H,MC-BajoPutumayo,4991.58,6638.27
2022-02-17,7,PT1H,MC-BajoPutumayo,4743.06,6967.13
2022-02-17,8,PT1H,MC-BajoPutumayo,5099.99,7838.06
2022-02-17,9,PT1H,MC-BajoPutumayo,5748.77,8611.99
2022-02-17,10,PT1H,MC-BajoPutumayo,6082.95,9542.1
2022-02-17,11,PT1H,MC-BajoPutumayo,9620.84,10529.05
2022-02-17,12,PT1H,MC-BajoPutumayo,10802.81,11000.64
2022-02-17,13,PT1H,MC-BajoPutumayo,10446.03,10503.91
2022-02-17,14,PT1H,MC-BajoPutumayo,10687.33,10568.88
2022-02-17,15,PT1H,MC-BajoPutumayo,11373.84,11276.04
2022-02-17,16,PT1H,MC-BajoPutumayo,11562.88,11305.99
2022-02-17,17,PT1H,MC-BajoPutumayo,11760.01,11158.16
2022-02-17,18,PT1H,MC-BajoPutumayo,11484.12,11008.45
2022-02-17,19,PT1H,MC-BajoPutumayo,12170.56,12155.54
2022-02-17,20,PT1H,MC-BajoPutumayo,12913.95,13012.34
2022-02-17,21,PT1H,MC-BajoPutumayo,11963.99,12205.68
2022-02-17,22,PT1H,MC-BajoPutumayo,10984.57,11104.35
2022-02-17,23,PT1H,MC-BajoPutumayo,9351.2,9592.77
2022-02-17,24,PT1H,MC-BajoPutumayo,7844.24,8029.31
2025-08-20,1,PT1H,MC-BajoPutumayo,8545.83,8232.3
2025-08-20,2,PT1H,MC-BajoPutumayo,8067.25,7635.0
2025-08-20,3,PT1H,MC-BajoPutumayo,7755.48,7255.6
2025-08-20,4,PT1H,MC-BajoPutumayo,7682.63,7105.7
2025-08-20,5,PT1H,MC-BajoPutumayo,7564.63,7192.6
2025-08-20,6,PT1H,MC-BajoPutumayo,8150.62,7426.7
2025-08-20,7,PT1H,MC-BajoPutumayo,8880.41,7895.6
2025-08-20,8,PT1H,MC-BajoPutumayo,9591.2,9421.6
2025-08-20,9,PT1H,MC-BajoPutumayo,10900.95,10986.7
2025-08-20,10,PT1H,MC-BajoPutumayo,11941.59,12085.1
2025-08-20,11,PT1H,MC-BajoPutumayo,12828.12,12748.5
2025-08-20,12,PT1H,MC-BajoPutumayo,13234.85,13037.3
2025-08-20,13,PT1H,MC-BajoPutumayo,12051.1,12543.8
2025-08-20,14,PT1H,MC-BajoPutumayo,11501.92,12527.3
2025-08-20,15,PT1H,MC-BajoPutumayo,11590.12,12709.2
2025-08-20,16,PT1H,MC-BajoPutumayo,11626.68,12792.5
2025-08-20,17,PT1H,MC-BajoPutumayo,11763.86,12508.2
2025-08-20,18,PT1H,MC-BajoPutumayo,11729.42,12294.9
2025-08-20,19,PT1H,MC-BajoPutumayo,13089.22,14323.6
2025-08-20,20,PT1H,MC-BajoPutumayo,13607.19,14198.0
2025-08-20,21,PT1H,MC-BajoPutumayo,13049.1,13380.8
2025-08-20,22,PT1H,MC-BajoPutumayo,11155.74,12023.2
2025-08-20,23,PT1H,MC-BajoPutumayo,9457.51,10516.8
2025-08-20,24,PT1H,MC-BajoPutumayo,8219.86,9211.9
2022-12-26,1,PT1H,MC-BajoPutumayo,8115.25,7296.81
2022-12-26,2,PT1H,MC-BajoPutumayo,7764.52,6820.89
2022-12-26,3,PT1H,MC-BajoPutumayo,7487.12,6472.32
2022-12-26,4,PT1H,MC-BajoPutumayo,7295.47,6343.45
2022-12-26,5,PT1H,MC-BajoPutumayo,7334.86,6287.14
2022-12-26,6,PT1H,MC-BajoPutumayo,7448.21,6448.1
2022-12-26,7,PT1H,MC-BajoPutumayo,7826.57,7031.37
2022-12-26,8,PT1H,MC-BajoPutumayo,8996.12,8437.98
2022-12-26,9,PT1H,MC-BajoPutumayo,10243.39,10165.19
2022-12-26,10,PT1H,MC-BajoPutumayo,11542.06,11140.07
2022-12-26,11,PT1H,MC-BajoPutumayo,12143.8,12276.0
2022-12-26,12,PT1H,MC-BajoPutumayo,12932.7,12990.1
2022-12-26,13,PT1H,MC-BajoPutumayo,12883.79,12799.46
2022-12-26,14,PT1H,MC-BajoPutumayo,12954.5,13183.82
2022-12-26,15,PT1H,MC-BajoPutumayo,13293.0,13601.38
2022-12-26,16,PT1H,MC-BajoPutumayo,13561.9,13433.55
2022-12-26,17,PT1H,MC-BajoPutumayo,13498.52,13274.2
2022-12-26,18,PT1H,MC-BajoPutumayo,13127.43,13159.74
2022-12-26,19,PT1H,MC-BajoPutumayo,13824.5,14182.25
2022-12-26,20,PT1H,MC-BajoPutumayo,14131.2,14062.41
2022-12-26,21,PT1H,MC-BajoPutumayo,13335.83,13215.06
2022-12-26,22,PT1H,MC-BajoPutumayo,12214.88,12096.64
2022-12-26,23,PT1H,MC-BajoPutumayo,10552.75,10361.19
2022-12-26,24,PT1H,MC-BajoPutumayo,9191.99,8868.28
2025-02-14,1,PT1H,MC-BajoPutumayo,8308.87,7992.9
2025-02-14,2,PT1H,MC-BajoPutumayo,7752.76,7586.5
2025-02-14,3,PT1H,MC-BajoPutumayo,7210.42,7299.8
2025-02-14,4,PT1H,MC-BajoPutumayo,7028.54,7096.6
2025-02-14,5,PT1H,MC-BajoPutumayo,6904.23,7097.8
2025-02-14,6,PT1H,MC-BajoPutumayo,7365.84,7358.5
2025-02-14,7,PT1H,MC-BajoPutumayo,8194.94,4550.4
2025-02-14,8,PT1H,MC-BajoPutumayo,5733.34,5568.5
2025-02-14,9,PT1H,MC-BajoPutumayo,5685.21,6674.1
2025-02-14,10,PT1H,MC-BajoPutumayo,6011.95,10534.3
2025-02-14,11,PT1H,MC-BajoPutumayo,6551.62,11311.7
2025-02-14,12,PT1H,MC-BajoPutumayo,11005.4,11933.7
2025-02-14,13,PT1H,MC-BajoPutumayo,11580.38,11640.4
2025-02-14,14,PT1H,MC-BajoPutumayo,11695.82,11727.0
2025-02-14,15,PT1H,MC-BajoPutumayo,13516.46,12262.1
2025-02-14,16,PT1H,MC-BajoPutumayo,14250.39,12539.6
2025-02-14,17,PT1H,MC-BajoPutumayo,14153.29,12492.4
2025-02-14,18,PT1H,MC-BajoPutumayo,13702.89,12225.2
2025-02-14,19,PT1H,MC-BajoPutumayo,13857.59,12794.1
2025-02-14,20,PT1H,MC-BajoPutumayo,14977.81,13120.5
2025-02-14,21,PT1H,MC-BajoPutumayo,14132.89,12361.3
2025-02-14,22,PT1H,MC-BajoPutumayo,13069.19,11357.3
2025-02-14,23,PT1H,MC-BajoPutumayo,11604.42,10000.3
2025-02-14,24,PT1H,MC-BajoPutumayo,10021.11,8723.1
2024-10-28,1,PT1H,MC-BajoPutumayo,8794.82,7879.0
2024-10-28,2,PT1H,MC-BajoPutumayo,8383.3,7531.7
2024-10-28,3,PT1H,MC-BajoPutumayo,8044.83,7248.1
2024-10-28,4,PT1H,MC-BajoPutumayo,7601.8,7098.0
2024-10-28,5,PT1H,MC-BajoPutumayo,7620.51,7278.9
2024-10-28,6,PT1H,MC-BajoPutumayo,7887.07,7466.2
2024-10-28,7,PT1H,MC-BajoPutumayo,8494.36,7981.1
2024-10-28,8,PT1H,MC-BajoPutumayo,9739.6,9205.8
2024-10-28,9,PT1H,MC-BajoPutumayo,10658.38,10291.1
2024-10-28,10,PT1H,MC-BajoPutumayo,10864.32,10862.2
2024-10-28,11,PT1H,MC-BajoPutumayo,11091.63,11630.1
2024-10-28,12,PT1H,MC-BajoPutumayo,10841.71,11972.2
2024-10-28,13,PT1H,MC-BajoPutumayo,10306.4,11909.2
2024-10-28,14,PT1H,MC-BajoPutumayo,10397.0,12167.3
2024-10-28,15,PT1H,MC-BajoPutumayo,10806.23,12719.7
2024-10-28,16,PT1H,MC-BajoPutumayo,10829.43,12686.2
2024-10-28,17,PT1H,MC-BajoPutumayo,10798.47,12448.0
2024-10-28,18,PT1H,MC-BajoPutumayo,12239.63,12890.1
2024-10-28,19,PT1H,MC-BajoPutumayo,13197.03,13962.2
2024-10-28,20,PT1H,MC-BajoPutumayo,12488.94,13365.8
2024-10-28,21,PT1H,MC-BajoPutumayo,11285.84,12349.0
2024-10-28,22,PT1H,MC-BajoPutumayo,9817.51,10413.7
2024-10-28,23,PT1H,MC-BajoPutumayo,8358.66,9103.9
2024-10-28,24,PT1H,MC-BajoPutumayo,7460.28,8058.8
2022-10-19,1,PT1H,MC-BajoPutumayo,7318.59,8107.94
2022-10-19,2,PT1H,MC-BajoPutumayo,6884.26,7581.67
2022-10-19,3,PT1H,MC-BajoPutumayo,6744.63,7238.29
2022-10-19,4,PT1H,MC-BajoPutumayo,5942.22,7025.53
2022-10-19,5,PT1H,MC-BajoPutumayo,6918.97,7177.01
2022-10-19,6,PT1H,MC-BajoPutumayo,7516.17,7511.11
2022-10-19,7,PT1H,MC-BajoPutumayo,8004.89,8383.27
2022-10-19,8,PT1H,MC-BajoPutumayo,8518.95,9413.6
2022-10-19,9,PT1H,MC-BajoPutumayo,9085.32,10206.34
2022-10-19,10,PT1H,MC-BajoPutumayo,9520.36,10883.69
2022-10-19,11,PT1H,MC-BajoPutumayo,9929.93,11484.99
2022-10-19,12,PT1H,MC-BajoPutumayo,10176.14,12184.02
2022-10-19,13,PT1H,MC-BajoPutumayo,9803.18,11925.28
2022-10-19,14,PT1H,MC-BajoPutumayo,9814.68,11706.85
2022-10-19,15,PT1H,MC-BajoPutumayo,10692.47,12069.27
2022-10-19,16,PT1H,MC-BajoPutumayo,10888.65,12396.65
2022-10-19,17,PT1H,MC-BajoPutumayo,9853.03,12352.51
2022-10-19,18,PT1H,MC-BajoPutumayo,11107.83,12475.24
2022-10-19,19,PT1H,MC-BajoPutumayo,13166.8,14556.94
2022-10-19,20,PT1H,MC-BajoPutumayo,12737.66,15140.34
2022-10-19,21,PT1H,MC-BajoPutumayo,9899.19,14241.07
2022-10-19,22,PT1H,MC-BajoPutumayo,11565.01,12660.68
2022-10-19,23,PT1H,MC-BajoPutumayo,9983.21,10674.52
2022-10-19,24,PT1H,MC-BajoPutumayo,7630.54,9153.2
2023-02-19,1,PT1H,MC-BajoPutumayo,8641.73,7945.87
2023-02-19,2,PT1H,MC-BajoPutumayo,7972.92,7239.52
2023-02-19,3,PT1H,MC-BajoPutumayo,7406.03,6867.88
2023-02-19,4,PT1H,MC-BajoPutumayo,7086.13,6723.55
2023-02-19,5,PT1H,MC-BajoPutumayo,6853.88,6564.86
2023-02-19,6,PT1H,MC-BajoPutumayo,6944.29,6619.81
2023-02-19,7,PT1H,MC-BajoPutumayo,7151.47,6754.56
2023-02-19,8,PT1H,MC-BajoPutumayo,1004.15,7784.45
2023-02-19,9,PT1H,MC-BajoPutumayo,0.0,8856.51
2023-02-19,10,PT1H,MC-BajoPutumayo,0.0,9706.96
2023-02-19,11,PT1H,MC-BajoPutumayo,0.0,10372.72
2023-02-19,12,PT1H,MC-BajoPutumayo,0.0,10820.29
2023-02-19,13,PT1H,MC-BajoPutumayo,0.0,11056.73
2023-02-19,14,PT1H,MC-BajoPutumayo,0.0,10926.54
2023-02-19,15,PT1H,MC-BajoPutumayo,0.0,10839.67
2023-02-19,16,PT1H,MC-BajoPutumayo,0.0,10811.4
2023-02-19,17,PT1H,MC-BajoPutumayo,0.0,10769.45
2023-02-19,18,PT1H,MC-BajoPutumayo,0.0,10782.22
2023-02-19,19,PT1H,MC-BajoPutumayo,4397.3,11709.5
2023-02-19,20,PT1H,MC-BajoPutumayo,14746.28,12593.47
2023-02-19,21,PT1H,MC-BajoPutumayo,14255.02,12126.52
2023-02-19,22,PT1H,MC-BajoPutumayo,12782.07,11338.77
2023-02-19,23,PT1H,MC-BajoPutumayo,11138.54,10025.48
2023-02-19,24,PT1H,MC-BajoPutumayo,9629.37,8762.35
2024-10-29,1,PT1H,MC-BajoPutumayo,6868.24,7038.0
2024-10-29,2,PT1H,MC-BajoPutumayo,6711.37,6743.2
2024-10-29,3,PT1H,MC-BajoPutumayo,6528.43,6207.3
2024-10-29,4,PT1H,MC-BajoPutumayo,6523.1,6064.4
2024-10-29,5,PT1H,MC-BajoPutumayo,6888.71,6243.1
2024-10-29,6,PT1H,MC-BajoPutumayo,7403.45,6752.2
2024-10-29,7,PT1H,MC-BajoPutumayo,8548.66,7243.0
2024-10-29,8,PT1H,MC-BajoPutumayo,9417.79,8419.5
2024-10-29,9,PT1H,MC-BajoPutumayo,10294.38,9629.1
2024-10-29,10,PT1H,MC-BajoPutumayo,10735.21,10037.4
2024-10-29,11,PT1H,MC-BajoPutumayo,11546.77,11086.3
2024-10-29,12,PT1H,MC-BajoPutumayo,11615.62,11589.9
2024-10-29,13,PT1H,MC-BajoPutumayo,11627.96,11358.6
2024-10-29,14,PT1H,MC-BajoPutumayo,12128.46,12126.6
2024-10-29,15,PT1H,MC-BajoPutumayo,12839.08,12647.4
2024-10-29,16,PT1H,MC-BajoPutumayo,12994.76,12740.2
2024-10-29,17,PT1H,MC-BajoPutumayo,12748.48,12248.8
2024-10-29,18,PT1H,MC-BajoPutumayo,13388.96,12741.2
2024-10-29,19,PT1H,MC-BajoPutumayo,14452.35,13687.9
2024-10-29,20,PT1H,MC-BajoPutumayo,13740.78,13038.6
2024-10-29,21,PT1H,MC-BajoPutumayo,12586.22,12315.9
2024-10-29,22,PT1H,MC-BajoPutumayo,11038.29,10926.1
2024-10-29,23,PT1H,MC-BajoPutumayo,9349.71,9359.8
2024-10-29,24,PT1H,MC-BajoPutumayo,8188.85,8319.5
2025-07-19,1,PT1H,MC-BajoPutumayo,7203.37,7420.3
2025-07-19,2,PT1H,MC-BajoPutumayo,6780.18,6951.9
2025-07-19,3,PT1H,MC-BajoPutumayo,6470.17,6636.8
2025-07-19,4,PT1H,MC-BajoPutumayo,6386.93,6435.3
2025-07-19,5,PT1H,MC-BajoPutumayo,6276.1,6354.8
2025-07-19,6,PT1H,MC-BajoPutumayo,6510.65,6583.8
2025-07-19,7,PT1H,MC-BajoPutumayo,6983.18,6889.0
2025-07-19,8,PT1H,MC-BajoPutumayo,8203.0,7688.5
2025-07-19,9,PT1H,MC-BajoPutumayo,9446.64,8852.5
2025-07-19,10,PT1H,MC-BajoPutumayo,10257.32,9763.5
2025-07-19,11,PT1H,MC-BajoPutumayo,10960.99,10255.5
2025-07-19,12,PT1H,MC-BajoPutumayo,11311.24,11002.6
2025-07-19,13,PT1H,MC-BajoPutumayo,10837.52,11357.7
2025-07-19,14,PT1H,MC-BajoPutumayo,10994.43,11323.4
2025-07-19,15,PT1H,MC-BajoPutumayo,11113.96,11568.1
2025-07-19,16,PT1H,MC-BajoPutumayo,10548.53,11900.3
2025-07-19,17,PT1H,MC-BajoPutumayo,10582.04,11790.9
2025-07-19,18,PT1H,MC-BajoPutumayo,10998.52,11772.5
2025-07-19,19,PT1H,MC-BajoPutumayo,12305.6,12803.5
2025-07-19,20,PT1H,MC-BajoPutumayo,12552.81,13321.7
2025-07-19,21,PT1H,MC-BajoPutumayo,11883.98,12356.4
2025-07-19,22,PT1H,MC-BajoPutumayo,10665.57,11382.6
2025-07-19,23,PT1H,MC-BajoPutumayo,9236.74,10159.2
2025-07-19,24,PT1H,MC-BajoPutumayo,8183.93,8991.5
2025-06-21,1,PT1H,MC-BajoPutumayo,7378.03,7891.8
2025-06-21,2,PT1H,MC-BajoPutumayo,6995.59,7383.7
2025-06-21,3,PT1H,MC-BajoPutumayo,6750.77,7047.3
2025-06-21,4,PT1H,MC-BajoPutumayo,6598.93,6903.7
2025-06-21,5,PT1H,MC-BajoPutumayo,6612.17,6869.9
2025-06-21,6,PT1H,MC-BajoPutumayo,6829.71,7150.2
2025-06-21,7,PT1H,MC-BajoPutumayo,7191.95,7617.8
2025-06-21,8,PT1H,MC-BajoPutumayo,8124.52,8751.1
2025-06-21,9,PT1H,MC-BajoPutumayo,9467.87,10173.9
2025-06-21,10,PT1H,MC-BajoPutumayo,10180.49,11123.0
2025-06-21,11,PT1H,MC-BajoPutumayo,10168.73,11743.2
2025-06-21,12,PT1H,MC-BajoPutumayo,10689.44,12098.6
2025-06-21,13,PT1H,MC-BajoPutumayo,11086.93,12061.1
2025-06-21,14,PT1H,MC-BajoPutumayo,10987.4,11913.0
2025-06-21,15,PT1H,MC-BajoPutumayo,10915.87,11927.6
2025-06-21,16,PT1H,MC-BajoPutumayo,10995.94,11992.8
2025-06-21,17,PT1H,MC-BajoPutumayo,11072.25,12049.6
2025-06-21,18,PT1H,MC-BajoPutumayo,11260.12,12416.7
2025-06-21,19,PT1H,MC-BajoPutumayo,12463.18,13844.1
2025-06-21,20,PT1H,MC-BajoPutumayo,13001.8,14317.5
2025-06-21,21,PT1H,MC-BajoPutumayo,11940.37,13410.2
2025-06-21,22,PT1H,MC-BajoPutumayo,11230.5,12280.2
2025-06-21,23,PT1H,MC-BajoPutumayo,10077.08,10858.8
2025-06-21,24,PT1H,MC-BajoPutumayo,8836.29,9559.2
2023-11-13,1,PT1H,MC-BajoPutumayo,8180.98,7345.43
2023-11-13,2,PT1H,MC-BajoPutumayo,7673.86,6975.29
2023-11-13,3,PT1H,MC-BajoPutumayo,7335.17,6669.59
2023-11-13,4,PT1H,MC-BajoPutumayo,7106.89,6462.81
2023-11-13,5,PT1H,MC-BajoPutumayo,6829.76,6476.58
2023-11-13,6,PT1H,MC-BajoPutumayo,7072.65,6721.96
2023-11-13,7,PT1H,MC-BajoPutumayo,7396.78,7468.06
2023-11-13,8,PT1H,MC-BajoPutumayo,8753.9,8570.62
2023-11-13,9,PT1H,MC-BajoPutumayo,10138.36,9815.49
2023-11-13,10,PT1H,MC-BajoPutumayo,11068.16,10706.03
2023-11-13,11,PT1H,MC-BajoPutumayo,11642.47,11477.59
2023-11-13,12,PT1H,MC-BajoPutumayo,12127.32,12163.41
2023-11-13,13,PT1H,MC-BajoPutumayo,12261.78,11957.27
2023-11-13,14,PT1H,MC-BajoPutumayo,12149.79,12216.53
2023-11-13,15,PT1H,MC-BajoPutumayo,11813.38,12836.58
2023-11-13,16,PT1H,MC-BajoPutumayo,11790.09,12823.55
2023-11-13,17,PT1H,MC-BajoPutumayo,11852.69,12665.9
2023-11-13,18,PT1H,MC-BajoPutumayo,11759.66,12336.73
2023-11-13,19,PT1H,MC-BajoPutumayo,13500.78,13197.25
2023-11-13,20,PT1H,MC-BajoPutumayo,13684.02,13161.33
2023-11-13,21,PT1H,MC-BajoPutumayo,13088.57,12463.81
2023-11-13,22,PT1H,MC-BajoPutumayo,12114.97,11302.98
2023-11-13,23,PT1H,MC-BajoPutumayo,10659.99,9816.84
2023-11-13,24,PT1H,MC-BajoPutumayo,9155.29,8599.59
2025-04-29,1,PT1H,MC-BajoPutumayo,7699.99,7836.4
2025-04-29,2,PT1H,MC-BajoPutumayo,7290.7,7374.9
2025-04-29,3,PT1H,MC-BajoPutumayo,7041.78,7130.8
2025-04-29,4,PT1H,MC-BajoPutumayo,6885.13,7011.1
2025-04-29,5,PT1H,MC-BajoPutumayo,6983.74,7086.7
2025-04-29,6,PT1H,MC-BajoPutumayo,7632.22,7558.1
2025-04-29,7,PT1H,MC-BajoPutumayo,8403.37,8138.9
2025-04-29,8,PT1H,MC-BajoPutumayo,9038.86,8925.0
2025-04-29,9,PT1H,MC-BajoPutumayo,10221.94,10080.8
2025-04-29,10,PT1H,MC-BajoPutumayo,11461.96,10735.1
2025-04-29,11,PT1H,MC-BajoPutumayo,12494.83,11469.7
2025-04-29,12,PT1H,MC-BajoPutumayo,13288.88,12207.1
2025-04-29,13,PT1H,MC-BajoPutumayo,13033.16,12150.9
2025-04-29,14,PT1H,MC-BajoPutumayo,13361.9,12157.0
2025-04-29,15,PT1H,MC-BajoPutumayo,14370.85,12444.5
2025-04-29,16,PT1H,MC-BajoPutumayo,14443.41,12680.6
2025-04-29,17,PT1H,MC-BajoPutumayo,14241.16,12624.6
2025-04-29,18,PT1H,MC-BajoPutumayo,13499.29,12572.9
2025-04-29,19,PT1H,MC-BajoPutumayo,14571.79,13709.4
2025-04-29,20,PT1H,MC-BajoPutumayo,14864.6,14154.5
2025-04-29,21,PT1H,MC-BajoPutumayo,13923.25,13292.1
2025-04-29,22,PT1H,MC-BajoPutumayo,12585.85,12176.1
2025-04-29,23,PT1H,MC-BajoPutumayo,10620.66,10658.1
2025-04-29,24,PT1H,MC-BajoPutumayo,9373.0,9136.7
2025-07-18,1,PT1H,MC-BajoPutumayo,7166.31,6993.8
2025-07-18,2,PT1H,MC-BajoPutumayo,6756.32,6545.8
2025-07-18,3,PT1H,MC-BajoPutumayo,6550.81,6326.9
2025-07-18,4,PT1H,MC-BajoPutumayo,6445.14,6217.0
2025-07-18,5,PT1H,MC-BajoPutumayo,6476.36,6260.2
2025-07-18,6,PT1H,MC-BajoPutumayo,7083.09,6633.2
2025-07-18,7,PT1H,MC-BajoPutumayo,8025.04,7196.9
2025-07-18,8,PT1H,MC-BajoPutumayo,8772.22,8086.7
2025-07-18,9,PT1H,MC-BajoPutumayo,9418.0,9124.1
2025-07-18,10,PT1H,MC-BajoPutumayo,9912.74,9680.3
2025-07-18,11,PT1H,MC-BajoPutumayo,10270.64,10165.2
2025-07-18,12,PT1H,MC-BajoPutumayo,10553.74,10851.3
2025-07-18,13,PT1H,MC-BajoPutumayo,10351.47,10644.5
2025-07-18,14,PT1H,MC-BajoPutumayo,10243.14,10732.5
2025-07-18,15,PT1H,MC-BajoPutumayo,10611.21,11166.6
2025-07-18,16,PT1H,MC-BajoPutumayo,10807.32,11285.3
2025-07-18,17,PT1H,MC-BajoPutumayo,10926.13,11330.5
2025-07-18,18,PT1H,MC-BajoPutumayo,11152.69,11468.8
2025-07-18,19,PT1H,MC-BajoPutumayo,12449.6,12566.6
2025-07-18,20,PT1H,MC-BajoPutumayo,12863.19,12865.1
2025-07-18,21,PT1H,MC-BajoPutumayo,12084.68,12072.0
2025-07-18,22,PT1H,MC-BajoPutumayo,10630.99,10886.6
2025-07-18,23,PT1H,MC-BajoPutumayo,9175.93,9360.7
2025-07-18,24,PT1H,MC-BajoPutumayo,8000.22,8235.2
2023-04-23,1,PT1H,MC-BajoPutumayo,8373.83,7494.12
2023-04-23,2,PT1H,MC-BajoPutumayo,7680.73,7117.03
2023-04-23,3,PT1H,MC-BajoPutumayo,7181.81,6724.34
2023-04-23,4,PT1H,MC-BajoPutumayo,7030.59,6499.19
2023-04-23,5,PT1H,MC-BajoPutumayo,6360.69,6334.2
2023-04-23,6,PT1H,MC-BajoPutumayo,6410.04,6412.54
2023-04-23,7,PT1H,MC-BajoPutumayo,6542.94,6718.18
2023-04-23,8,PT1H,MC-BajoPutumayo,7042.05,7651.64
2023-04-23,9,PT1H,MC-BajoPutumayo,8034.69,8726.65
2023-04-23,10,PT1H,MC-BajoPutumayo,8757.14,9389.26
2023-04-23,11,PT1H,MC-BajoPutumayo,9262.21,9903.28
2023-04-23,12,PT1H,MC-BajoPutumayo,9866.14,10377.68
2023-04-23,13,PT1H,MC-BajoPutumayo,10011.16,10553.82
2023-04-23,14,PT1H,MC-BajoPutumayo,9775.8,10392.92
2023-04-23,15,PT1H,MC-BajoPutumayo,9617.68,10362.51
2023-04-23,16,PT1H,MC-BajoPutumayo,9496.84,10288.95
2023-04-23,17,PT1H,MC-BajoPutumayo,9469.44,10236.62
2023-04-23,18,PT1H,MC-BajoPutumayo,9850.26,10304.98
2023-04-23,19,PT1H,MC-BajoPutumayo,11175.74,11505.35
2023-04-23,20,PT1H,MC-BajoPutumayo,11586.24,12061.81
2023-04-23,21,PT1H,MC-BajoPutumayo,10907.26,11471.22
2023-04-23,22,PT1H,MC-BajoPutumayo,9968.04,10576.63
2023-04-23,23,PT1H,MC-BajoPutumayo,8662.94,9191.99
2023-04-23,24,PT1H,MC-BajoPutumayo,7600.87,8070.85
2023-11-28,1,PT1H,MC-BajoPutumayo,7663.21,7589.0
2023-11-28,2,PT1H,MC-BajoPutumayo,7222.29,7134.65
2023-11-28,3,PT1H,MC-BajoPutumayo,6968.84,6906.76
2023-11-28,4,PT1H,MC-BajoPutumayo,6824.29,6762.88
2023-11-28,5,PT1H,MC-BajoPutumayo,6800.54,6805.17
2023-11-28,6,PT1H,MC-BajoPutumayo,7071.83,7331.78
2023-11-28,7,PT1H,MC-BajoPutumayo,7562.88,7960.99
2023-11-28,8,PT1H,MC-BajoPutumayo,8678.41,8769.29
2023-11-28,9,PT1H,MC-BajoPutumayo,8701.8,9934.03
2023-11-28,10,PT1H,MC-BajoPutumayo,0.01,10732.13
2023-11-28,11,PT1H,MC-BajoPutumayo,0.0,11624.64
2023-11-28,12,PT1H,MC-BajoPutumayo,0.0,12354.83
2023-11-28,13,PT1H,MC-BajoPutumayo,0.01,12103.46
2023-11-28,14,PT1H,MC-BajoPutumayo,0.01,12175.4
2023-11-28,15,PT1H,MC-BajoPutumayo,0.01,12623.66
2023-11-28,16,PT1H,MC-BajoPutumayo,0.0,12506.82
2023-11-28,17,PT1H,MC-BajoPutumayo,0.0,12741.51
2023-11-28,18,PT1H,MC-BajoPutumayo,0.0,12810.57
2023-11-28,19,PT1H,MC-BajoPutumayo,128.4,13863.37
2023-11-28,20,PT1H,MC-BajoPutumayo,14551.52,13380.93
2023-11-28,21,PT1H,MC-BajoPutumayo,13853.36,12523.2
2023-11-28,22,PT1H,MC-BajoPutumayo,12366.87,11458.04
2023-11-28,23,PT1H,MC-BajoPutumayo,10517.6,9897.2
2023-11-28,24,PT1H,MC-BajoPutumayo,9087.43,8661.71
2022-12-24,1,PT1H,MC-BajoPutumayo,8660.79,8166.67
2022-12-24,2,PT1H,MC-BajoPutumayo,7910.87,7666.51
2022-12-24,3,PT1H,MC-BajoPutumayo,7746.65,7304.67
2022-12-24,4,PT1H,MC-BajoPutumayo,7475.67,6952.89
2022-12-24,5,PT1H,MC-BajoPutumayo,7339.95,6860.39
2022-12-24,6,PT1H,MC-BajoPutumayo,7493.7,6835.83
2022-12-24,7,PT1H,MC-BajoPutumayo,7764.13,7385.37
2022-12-24,8,PT1H,MC-BajoPutumayo,8785.33,8474.85
2022-12-24,9,PT1H,MC-BajoPutumayo,10301.37,10168.26
2022-12-24,10,PT1H,MC-BajoPutumayo,11674.53,11314.44
2022-12-24,11,PT1H,MC-BajoPutumayo,12300.68,12420.64
2022-12-24,12,PT1H,MC-BajoPutumayo,12957.87,12794.11
2022-12-24,13,PT1H,MC-BajoPutumayo,13039.35,12651.75
2022-12-24,14,PT1H,MC-BajoPutumayo,12903.05,12739.09
2022-12-24,15,PT1H,MC-BajoPutumayo,13033.97,12846.24
2022-12-24,16,PT1H,MC-BajoPutumayo,13083.94,12929.73
2022-12-24,17,PT1H,MC-BajoPutumayo,13039.59,12893.37
2022-12-24,18,PT1H,MC-BajoPutumayo,12825.79,12673.88
2022-12-24,19,PT1H,MC-BajoPutumayo,14161.92,14109.26
2022-12-24,20,PT1H,MC-BajoPutumayo,14301.43,14061.95
2022-12-24,21,PT1H,MC-BajoPutumayo,13599.58,13223.98
2022-12-24,22,PT1H,MC-BajoPutumayo,12490.31,12244.99
2022-12-24,23,PT1H,MC-BajoPutumayo,11219.83,10728.55
2022-12-24,24,PT1H,MC-BajoPutumayo,9986.16,9417.98
2022-04-13,1,PT1H,MC-BajoPutumayo,7074.42,6611.58
2022-04-13,2,PT1H,MC-BajoPutumayo,6553.27,6269.82
2022-04-13,3,PT1H,MC-BajoPutumayo,6263.78,6113.88
2022-04-13,4,PT1H,MC-BajoPutumayo,5098.88,6060.91
2022-04-13,5,PT1H,MC-BajoPutumayo,6589.36,6138.34
2022-04-13,6,PT1H,MC-BajoPutumayo,5804.59,6807.2
2022-04-13,7,PT1H,MC-BajoPutumayo,6026.52,7689.82
2022-04-13,8,PT1H,MC-BajoPutumayo,7561.98,8172.37
2022-04-13,9,PT1H,MC-BajoPutumayo,8940.32,9061.06
2022-04-13,10,PT1H,MC-BajoPutumayo,8836.76,9697.43
2022-04-13,11,PT1H,MC-BajoPutumayo,8872.23,10345.06
2022-04-13,12,PT1H,MC-BajoPutumayo,10028.32,10662.17
2022-04-13,13,PT1H,MC-BajoPutumayo,9529.05,10354.61
2022-04-13,14,PT1H,MC-BajoPutumayo,9409.56,10603.29
2022-04-13,15,PT1H,MC-BajoPutumayo,10049.97,11447.58
2022-04-13,16,PT1H,MC-BajoPutumayo,10316.04,11774.74
2022-04-13,17,PT1H,MC-BajoPutumayo,10425.43,11771.45
2022-04-13,18,PT1H,MC-BajoPutumayo,10512.59,11554.33
2022-04-13,19,PT1H,MC-BajoPutumayo,11598.96,12484.17
2022-04-13,20,PT1H,MC-BajoPutumayo,11814.45,12917.79
2022-04-13,21,PT1H,MC-BajoPutumayo,11173.6,12162.93
2022-04-13,22,PT1H,MC-BajoPutumayo,9514.92,10935.98
2022-04-13,23,PT1H,MC-BajoPutumayo,9495.23,9264.23
2022-04-13,24,PT1H,MC-BajoPutumayo,6594.66,7850.83
2022-07-03,1,PT1H,MC-BajoPutumayo,7670.06,6229.05
2022-07-03,2,PT1H,MC-BajoPutumayo,7133.66,5888.21
2022-07-03,3,PT1H,MC-BajoPutumayo,6818.81,5698.57
2022-07-03,4,PT1H,MC-BajoPutumayo,6609.14,5606.31
2022-07-03,5,PT1H,MC-BajoPutumayo,6446.28,5762.32
2022-07-03,6,PT1H,MC-BajoPutumayo,6394.62,6610.55
2022-07-03,7,PT1H,MC-BajoPutumayo,6501.55,7518.84
2022-07-03,8,PT1H,MC-BajoPutumayo,7404.46,7882.46
2022-07-03,9,PT1H,MC-BajoPutumayo,8291.19,8399.1
2022-07-03,10,PT1H,MC-BajoPutumayo,8890.69,8893.1
2022-07-03,11,PT1H,MC-BajoPutumayo,9401.83,9532.66
2022-07-03,12,PT1H,MC-BajoPutumayo,9751.51,10008.69
2022-07-03,13,PT1H,MC-BajoPutumayo,9766.41,9679.62
2022-07-03,14,PT1H,MC-BajoPutumayo,9776.25,9641.45
2022-07-03,15,PT1H,MC-BajoPutumayo,9872.09,10335.81
2022-07-03,16,PT1H,MC-BajoPutumayo,9731.07,10361.81
2022-07-03,17,PT1H,MC-BajoPutumayo,9457.65,10358.96
2022-07-03,18,PT1H,MC-BajoPutumayo,9546.42,10543.25
2022-07-03,19,PT1H,MC-BajoPutumayo,10394.23,12067.33
2022-07-03,20,PT1H,MC-BajoPutumayo,10594.34,12381.49
2022-07-03,21,PT1H,MC-BajoPutumayo,9976.08,11568.25
2022-07-03,22,PT1H,MC-BajoPutumayo,9153.95,10118.36
2022-07-03,23,PT1H,MC-BajoPutumayo,8020.39,8219.91
2022-07-03,24,PT1H,MC-BajoPutumayo,7191.56,6839.68
2022-03-19,1,PT1H,MC-BajoPutumayo,7154.33,6711.67
2022-03-19,2,PT1H,MC-BajoPutumayo,6633.65,6286.18
2022-03-19,3,PT1H,MC-BajoPutumayo,6348.45,6025.08
2022-03-19,4,PT1H,MC-BajoPutumayo,6193.4,5858.07
2022-03-19,5,PT1H,MC-BajoPutumayo,6172.65,5781.37
2022-03-19,6,PT1H,MC-BajoPutumayo,6469.36,5995.85
2022-03-19,7,PT1H,MC-BajoPutumayo,6894.27,6342.24
2022-03-19,8,PT1H,MC-BajoPutumayo,7860.21,7223.67
2022-03-19,9,PT1H,MC-BajoPutumayo,8971.44,8316.29
2022-03-19,10,PT1H,MC-BajoPutumayo,9475.88,9071.78
2022-03-19,11,PT1H,MC-BajoPutumayo,10007.96,9427.1
2022-03-19,12,PT1H,MC-BajoPutumayo,10369.55,9973.6
2022-03-19,13,PT1H,MC-BajoPutumayo,10429.06,10029.43
2022-03-19,14,PT1H,MC-BajoPutumayo,10544.68,9953.81
2022-03-19,15,PT1H,MC-BajoPutumayo,10974.88,10098.76
2022-03-19,16,PT1H,MC-BajoPutumayo,10995.54,10215.98
2022-03-19,17,PT1H,MC-BajoPutumayo,10889.59,10137.52
2022-03-19,18,PT1H,MC-BajoPutumayo,10770.91,10015.02
2022-03-19,19,PT1H,MC-BajoPutumayo,11747.86,10857.24
2022-03-19,20,PT1H,MC-BajoPutumayo,12233.62,11622.16
2022-03-19,21,PT1H,MC-BajoPutumayo,11320.16,11068.13
2022-03-19,22,PT1H,MC-BajoPutumayo,10277.01,10250.63
2022-03-19,23,PT1H,MC-BajoPutumayo,9159.94,9161.91
2022-03-19,24,PT1H,MC-BajoPutumayo,8063.55,8145.41
2024-11-19,1,PT1H,MC-BajoPutumayo,7384.16,7861.8
2024-11-19,2,PT1H,MC-BajoPutumayo,6932.71,7534.6
2024-11-19,3,PT1H,MC-BajoPutumayo,6594.47,7270.0
2024-11-19,4,PT1H,MC-BajoPutumayo,6756.74,7353.1
2024-11-19,5,PT1H,MC-BajoPutumayo,6771.3,7581.6
2024-11-19,6,PT1H,MC-BajoPutumayo,7556.86,8082.9
2024-11-19,7,PT1H,MC-BajoPutumayo,8130.36,8831.9
2024-11-19,8,PT1H,MC-BajoPutumayo,9253.74,9819.4
2024-11-19,9,PT1H,MC-BajoPutumayo,9729.54,10946.5
2024-11-19,10,PT1H,MC-BajoPutumayo,10466.52,11826.8
2024-11-19,11,PT1H,MC-BajoPutumayo,12427.21,12817.1
2024-11-19,12,PT1H,MC-BajoPutumayo,12983.41,12782.1
2024-11-19,13,PT1H,MC-BajoPutumayo,11593.51,12400.4
2024-11-19,14,PT1H,MC-BajoPutumayo,7442.47,13280.0
2024-11-19,15,PT1H,MC-BajoPutumayo,14190.58,13736.7
2024-11-19,16,PT1H,MC-BajoPutumayo,14390.18,13580.9
2024-11-19,17,PT1H,MC-BajoPutumayo,14321.64,13365.9
2024-11-19,18,PT1H,MC-BajoPutumayo,14888.92,13983.8
2024-11-19,19,PT1H,MC-BajoPutumayo,16443.27,14809.9
2024-11-19,20,PT1H,MC-BajoPutumayo,15254.75,14234.5
2024-11-19,21,PT1H,MC-BajoPutumayo,14027.67,13139.5
2024-11-19,22,PT1H,MC-BajoPutumayo,12131.12,11536.6
2024-11-19,23,PT1H,MC-BajoPutumayo,10641.06,9880.8
2024-11-19,24,PT1H,MC-BajoPutumayo,9318.95,8688.9
2025-02-12,1,PT1H,MC-BajoPutumayo,8212.12,9174.9
2025-02-12,2,PT1H,MC-BajoPutumayo,7657.41,8603.8
2025-02-12,3,PT1H,MC-BajoPutumayo,7440.61,8178.5
2025-02-12,4,PT1H,MC-BajoPutumayo,7342.7,7879.2
2025-02-12,5,PT1H,MC-BajoPutumayo,7398.34,7825.7
2025-02-12,6,PT1H,MC-BajoPutumayo,8009.82,8039.4
2025-02-12,7,PT1H,MC-BajoPutumayo,8845.29,8287.3
2025-02-12,8,PT1H,MC-BajoPutumayo,9488.15,9539.4
2025-02-12,9,PT1H,MC-BajoPutumayo,10424.75,10397.9
2025-02-12,10,PT1H,MC-BajoPutumayo,11870.22,11483.5
2025-02-12,11,PT1H,MC-BajoPutumayo,12983.8,12227.1
2025-02-12,12,PT1H,MC-BajoPutumayo,13877.81,12784.9
2025-02-12,13,PT1H,MC-BajoPutumayo,13510.92,12940.2
2025-02-12,14,PT1H,MC-BajoPutumayo,14211.23,13017.7
2025-02-12,15,PT1H,MC-BajoPutumayo,15666.58,13894.5
2025-02-12,16,PT1H,MC-BajoPutumayo,15912.64,14114.5
2025-02-12,17,PT1H,MC-BajoPutumayo,15507.25,14107.4
2025-02-12,18,PT1H,MC-BajoPutumayo,14945.04,13760.9
2025-02-12,19,PT1H,MC-BajoPutumayo,15541.6,14341.5
2025-02-12,20,PT1H,MC-BajoPutumayo,15207.16,14931.7
2025-02-12,21,PT1H,MC-BajoPutumayo,13560.91,14157.2
2025-02-12,22,PT1H,MC-BajoPutumayo,11985.23,13025.9
2025-02-12,23,PT1H,MC-BajoPutumayo,10404.88,11367.7
2025-02-12,24,PT1H,MC-BajoPutumayo,9113.42,9904.0
2024-04-12,1,PT1H,MC-BajoPutumayo,8943.42,8407.83
2024-04-12,2,PT1H,MC-BajoPutumayo,8363.59,7803.59
2024-04-12,3,PT1H,MC-BajoPutumayo,8048.99,7534.02
2024-04-12,4,PT1H,MC-BajoPutumayo,7786.9,7306.25
2024-04-12,5,PT1H,MC-BajoPutumayo,7628.37,7357.0
2024-04-12,6,PT1H,MC-BajoPutumayo,8078.76,7571.59
2024-04-12,7,PT1H,MC-BajoPutumayo,8670.52,7985.24
2024-04-12,8,PT1H,MC-BajoPutumayo,9295.93,8924.76
2024-04-12,9,PT1H,MC-BajoPutumayo,10569.85,10362.03
2024-04-12,10,PT1H,MC-BajoPutumayo,11581.94,11280.75
2024-04-12,11,PT1H,MC-BajoPutumayo,12621.84,12007.49
2024-04-12,12,PT1H,MC-BajoPutumayo,13447.43,12596.45
2024-04-12,13,PT1H,MC-BajoPutumayo,13228.53,12617.37
2024-04-12,14,PT1H,MC-BajoPutumayo,14290.14,12532.34
2024-04-12,15,PT1H,MC-BajoPutumayo,15490.98,12699.16
2024-04-12,16,PT1H,MC-BajoPutumayo,14981.61,12692.74
2024-04-12,17,PT1H,MC-BajoPutumayo,14793.86,12810.62
2024-04-12,18,PT1H,MC-BajoPutumayo,14541.72,12706.04
2024-04-12,19,PT1H,MC-BajoPutumayo,15406.76,13654.73
2024-04-12,20,PT1H,MC-BajoPutumayo,15668.48,14122.18
2024-04-12,21,PT1H,MC-BajoPutumayo,14564.87,13464.33
2024-04-12,22,PT1H,MC-BajoPutumayo,13293.53,12520.68
2024-04-12,23,PT1H,MC-BajoPutumayo,11720.21,11239.32
2024-04-12,24,PT1H,MC-BajoPutumayo,10323.55,10048.45
2022-11-18,1,PT1H,MC-BajoPutumayo,6945.62,7144.56
2022-11-18,2,PT1H,MC-BajoPutumayo,6567.38,6256.5
2022-11-18,3,PT1H,MC-BajoPutumayo,6402.3,6047.36
2022-11-18,4,PT1H,MC-BajoPutumayo,6301.38,5915.05
2022-11-18,5,PT1H,MC-BajoPutumayo,6367.21,5858.65
2022-11-18,6,PT1H,MC-BajoPutumayo,6931.97,6764.14
2022-11-18,7,PT1H,MC-BajoPutumayo,7697.75,7576.32
2022-11-18,8,PT1H,MC-BajoPutumayo,8461.7,8307.72
2022-11-18,9,PT1H,MC-BajoPutumayo,9710.74,9336.23
2022-11-18,10,PT1H,MC-BajoPutumayo,10567.92,9943.92
2022-11-18,11,PT1H,MC-BajoPutumayo,11880.29,10620.19
2022-11-18,12,PT1H,MC-BajoPutumayo,12293.98,11296.47
2022-11-18,13,PT1H,MC-BajoPutumayo,11990.0,11162.54
2022-11-18,14,PT1H,MC-BajoPutumayo,12441.51,11401.38
2022-11-18,15,PT1H,MC-BajoPutumayo,12954.7,11609.36
2022-11-18,16,PT1H,MC-BajoPutumayo,13087.28,11973.32
2022-11-18,17,PT1H,MC-BajoPutumayo,13050.62,12024.39
2022-11-18,18,PT1H,MC-BajoPutumayo,12978.7,11811.77
2022-11-18,19,PT1H,MC-BajoPutumayo,14020.3,13052.44
2022-11-18,20,PT1H,MC-BajoPutumayo,14030.26,13294.3
2022-11-18,21,PT1H,MC-BajoPutumayo,13080.41,12569.86
2022-11-18,22,PT1H,MC-BajoPutumayo,11879.44,11404.63
2022-11-18,23,PT1H,MC-BajoPutumayo,10331.44,9852.93
2022-11-18,24,PT1H,MC-BajoPutumayo,8933.08,8299.37
2022-10-22,1,PT1H,MC-BajoPutumayo,7971.24,6955.5
2022-10-22,2,PT1H,MC-BajoPutumayo,7469.2,6735.06
2022-10-22,3,PT1H,MC-BajoPutumayo,7175.88,6451.34
2022-10-22,4,PT1H,MC-BajoPutumayo,6963.84,6404.15
2022-10-22,5,PT1H,MC-BajoPutumayo,6888.53,6643.51
2022-10-22,6,PT1H,MC-BajoPutumayo,7164.31,7528.18
2022-10-22,7,PT1H,MC-BajoPutumayo,6918.39,8502.45
2022-10-22,8,PT1H,MC-BajoPutumayo,8104.39,8979.59
2022-10-22,9,PT1H,MC-BajoPutumayo,9942.75,9553.4
2022-10-22,10,PT1H,MC-BajoPutumayo,10884.72,10141.35
2022-10-22,11,PT1H,MC-BajoPutumayo,11640.81,10746.61
2022-10-22,12,PT1H,MC-BajoPutumayo,12482.87,11363.7
2022-10-22,13,PT1H,MC-BajoPutumayo,12157.59,10956.49
2022-10-22,14,PT1H,MC-BajoPutumayo,12372.89,11120.91
2022-10-22,15,PT1H,MC-BajoPutumayo,12801.02,11761.24
2022-10-22,16,PT1H,MC-BajoPutumayo,12808.02,12165.79
2022-10-22,17,PT1H,MC-BajoPutumayo,12540.46,12040.55
2022-10-22,18,PT1H,MC-BajoPutumayo,12552.41,12077.29
2022-10-22,19,PT1H,MC-BajoPutumayo,14165.17,13827.66
2022-10-22,20,PT1H,MC-BajoPutumayo,14120.34,14215.49
2022-10-22,21,PT1H,MC-BajoPutumayo,13693.78,13269.34
2022-10-22,22,PT1H,MC-BajoPutumayo,13468.85,11624.88
2022-10-22,23,PT1H,MC-BajoPutumayo,10898.47,9354.9
2022-10-22,24,PT1H,MC-BajoPutumayo,9581.7,7875.79
2024-03-02,1,PT1H,MC-BajoPutumayo,6338.6,8326.25
2024-03-02,2,PT1H,MC-BajoPutumayo,7648.96,7742.02
2024-03-02,3,PT1H,MC-BajoPutumayo,7188.9,7361.2
2024-03-02,4,PT1H,MC-BajoPutumayo,7033.74,7144.33
2024-03-02,5,PT1H,MC-BajoPutumayo,6962.79,6987.96
2024-03-02,6,PT1H,MC-BajoPutumayo,7252.33,7014.33
2024-03-02,7,PT1H,MC-BajoPutumayo,7553.28,7143.58
2024-03-02,8,PT1H,MC-BajoPutumayo,8438.63,7953.04
2024-03-02,9,PT1H,MC-BajoPutumayo,9702.08,9045.84
2024-03-02,10,PT1H,MC-BajoPutumayo,10459.4,9853.89
2024-03-02,11,PT1H,MC-BajoPutumayo,10913.74,10547.08
2024-03-02,12,PT1H,MC-BajoPutumayo,11470.1,11202.75
2024-03-02,13,PT1H,MC-BajoPutumayo,11180.04,11564.79
2024-03-02,14,PT1H,MC-BajoPutumayo,10915.8,11597.81
2024-03-02,15,PT1H,MC-BajoPutumayo,11004.44,11489.43
2024-03-02,16,PT1H,MC-BajoPutumayo,11182.88,11416.53
2024-03-02,17,PT1H,MC-BajoPutumayo,11330.88,11436.86
2024-03-02,18,PT1H,MC-BajoPutumayo,11433.18,11356.92
2024-03-02,19,PT1H,MC-BajoPutumayo,12449.51,12224.47
2024-03-02,20,PT1H,MC-BajoPutumayo,13185.85,13180.65
2024-03-02,21,PT1H,MC-BajoPutumayo,12403.76,12768.76
2024-03-02,22,PT1H,MC-BajoPutumayo,11463.53,12002.85
2024-03-02,23,PT1H,MC-BajoPutumayo,10204.32,10456.39
2024-03-02,24,PT1H,MC-BajoPutumayo,9022.81,9062.26
2026-01-29,1,PT1H,MC-BajoPutumayo,8427.53,7756.1
2026-01-29,2,PT1H,MC-BajoPutumayo,8202.86,7317.8
2026-01-29,3,PT1H,MC-BajoPutumayo,7946.68,6990.8
2026-01-29,4,PT1H,MC-BajoPutumayo,7834.68,6790.5
2026-01-29,5,PT1H,MC-BajoPutumayo,7830.37,4905.8
2026-01-29,6,PT1H,MC-BajoPutumayo,8493.98,3847.9
2026-01-29,7,PT1H,MC-BajoPutumayo,9738.61,7153.6
2026-01-29,8,PT1H,MC-BajoPutumayo,10200.84,8342.1
2026-01-29,9,PT1H,MC-BajoPutumayo,10858.02,9802.6
2026-01-29,10,PT1H,MC-BajoPutumayo,11086.27,10466.5
2026-01-29,11,PT1H,MC-BajoPutumayo,11547.47,11466.7
2026-01-29,12,PT1H,MC-BajoPutumayo,11820.31,12328.7
2026-01-29,13,PT1H,MC-BajoPutumayo,11134.75,12308.8
2026-01-29,14,PT1H,MC-BajoPutumayo,11811.62,12274.5
2026-01-29,15,PT1H,MC-BajoPutumayo,13569.82,12490.7
2026-01-29,16,PT1H,MC-BajoPutumayo,11575.09,12565.2
2026-01-29,17,PT1H,MC-BajoPutumayo,12094.09,12609.1
2026-01-29,18,PT1H,MC-BajoPutumayo,12356.16,12899.4
2026-01-29,19,PT1H,MC-BajoPutumayo,13868.29,13827.7
2026-01-29,20,PT1H,MC-BajoPutumayo,13762.0,13512.9
2026-01-29,21,PT1H,MC-BajoPutumayo,12713.99,12485.4
2026-01-29,22,PT1H,MC-BajoPutumayo,11022.76,11522.5
2026-01-29,23,PT1H,MC-BajoPutumayo,9361.14,10452.7
2026-01-29,24,PT1H,MC-BajoPutumayo,8271.75,8427.5
2025-09-05,13,PT1H,MC-BajoPutumayo,12176.54,11914.1
2025-09-05,14,PT1H,MC-BajoPutumayo,12223.63,12076.7
2025-09-05,15,PT1H,MC-BajoPutumayo,13454.42,12694.0
2025-09-05,16,PT1H,MC-BajoPutumayo,14008.3,12843.0
2025-09-05,17,PT1H,MC-BajoPutumayo,13974.21,12846.6
2025-09-05,18,PT1H,MC-BajoPutumayo,13748.39,12733.0
2025-09-05,19,PT1H,MC-BajoPutumayo,14941.0,13664.3
2025-09-05,20,PT1H,MC-BajoPutumayo,15140.75,13985.4
2025-09-05,21,PT1H,MC-BajoPutumayo,14135.26,13135.0
2025-09-05,22,PT1H,MC-BajoPutumayo,12704.22,11731.9
2025-09-05,23,PT1H,MC-BajoPutumayo,10949.86,10199.4
2025-09-05,24,PT1H,MC-BajoPutumayo,9593.91,8932.1
2025-09-05,1,PT1H,MC-BajoPutumayo,8673.38,7747.8
2025-09-05,2,PT1H,MC-BajoPutumayo,8186.74,7266.8
2025-09-05,3,PT1H,MC-BajoPutumayo,7799.05,6975.3
2025-09-05,4,PT1H,MC-BajoPutumayo,7562.37,6853.7
2025-09-05,5,PT1H,MC-BajoPutumayo,7598.94,6788.3
2025-09-05,6,PT1H,MC-BajoPutumayo,8208.06,7304.0
2025-09-05,7,PT1H,MC-BajoPutumayo,8846.32,7975.1
2025-09-05,8,PT1H,MC-BajoPutumayo,9789.94,8719.4
2025-09-05,9,PT1H,MC-BajoPutumayo,10926.76,9794.9
2025-09-05,10,PT1H,MC-BajoPutumayo,11579.05,10705.7
2025-09-05,11,PT1H,MC-BajoPutumayo,12020.19,11455.7
2025-09-05,12,PT1H,MC-BajoPutumayo,12596.57,12158.0
2022-12-30,1,PT1H,MC-BajoPutumayo,9246.98,8228.4
2022-12-30,2,PT1H,MC-BajoPutumayo,7973.59,7656.15
2022-12-30,3,PT1H,MC-BajoPutumayo,6618.02,7319.22
2022-12-30,4,PT1H,MC-BajoPutumayo,9399.37,7042.71
2022-12-30,5,PT1H,MC-BajoPutumayo,8046.71,7028.68
2022-12-30,6,PT1H,MC-BajoPutumayo,8300.65,7454.02
2022-12-30,7,PT1H,MC-BajoPutumayo,8594.47,7826.0
2022-12-30,8,PT1H,MC-BajoPutumayo,9562.06,8898.35
2022-12-30,9,PT1H,MC-BajoPutumayo,11067.6,10265.63
2022-12-30,10,PT1H,MC-BajoPutumayo,11879.98,11649.76
2022-12-30,11,PT1H,MC-BajoPutumayo,13413.28,12703.28
2022-12-30,12,PT1H,MC-BajoPutumayo,13864.23,13312.58
2022-12-30,13,PT1H,MC-BajoPutumayo,13428.93,13122.89
2022-12-30,14,PT1H,MC-BajoPutumayo,13515.4,12977.68
2022-12-30,15,PT1H,MC-BajoPutumayo,13790.36,13626.38
2022-12-30,16,PT1H,MC-BajoPutumayo,14013.89,13843.9
2022-12-30,17,PT1H,MC-BajoPutumayo,14077.14,13719.62
2022-12-30,18,PT1H,MC-BajoPutumayo,13661.69,13182.4
2022-12-30,19,PT1H,MC-BajoPutumayo,14745.05,14185.04
2022-12-30,20,PT1H,MC-BajoPutumayo,15039.92,14196.25
2022-12-30,21,PT1H,MC-BajoPutumayo,14743.81,13328.54
2022-12-30,22,PT1H,MC-BajoPutumayo,13880.17,12109.86
2022-12-30,23,PT1H,MC-BajoPutumayo,12241.13,10558.52
2022-12-30,24,PT1H,MC-BajoPutumayo,10516.6,9220.5
2023-06-04,1,PT1H,MC-BajoPutumayo,8113.36,8423.73
2023-06-04,2,PT1H,MC-BajoPutumayo,7554.34,7874.33
2023-06-04,3,PT1H,MC-BajoPutumayo,7201.63,7488.65
2023-06-04,4,PT1H,MC-BajoPutumayo,6975.86,7269.21
2023-06-04,5,PT1H,MC-BajoPutumayo,6820.14,7151.9
2023-06-04,6,PT1H,MC-BajoPutumayo,6794.39,7254.46
2023-06-04,7,PT1H,MC-BajoPutumayo,7010.66,7463.09
2023-06-04,8,PT1H,MC-BajoPutumayo,7871.11,7934.29
2023-06-04,9,PT1H,MC-BajoPutumayo,8991.57,8995.34
2023-06-04,10,PT1H,MC-BajoPutumayo,9514.2,9834.46
2023-06-04,11,PT1H,MC-BajoPutumayo,10073.82,10634.03
2023-06-04,12,PT1H,MC-BajoPutumayo,10652.38,11043.6
2023-06-04,13,PT1H,MC-BajoPutumayo,10916.19,10862.24
2023-06-04,14,PT1H,MC-BajoPutumayo,11047.03,10788.73
2023-06-04,15,PT1H,MC-BajoPutumayo,10940.25,10823.68
2023-06-04,16,PT1H,MC-BajoPutumayo,10580.28,11206.0
2023-06-04,17,PT1H,MC-BajoPutumayo,10395.21,11169.98
2023-06-04,18,PT1H,MC-BajoPutumayo,10319.67,11294.49
2023-06-04,19,PT1H,MC-BajoPutumayo,11699.4,12903.78
2023-06-04,20,PT1H,MC-BajoPutumayo,12065.7,13204.54
2023-06-04,21,PT1H,MC-BajoPutumayo,11491.98,12732.39
2023-06-04,22,PT1H,MC-BajoPutumayo,10545.7,11712.52
2023-06-04,23,PT1H,MC-BajoPutumayo,9261.74,10647.63
2023-06-04,24,PT1H,MC-BajoPutumayo,8168.53,9500.78
2022-01-03,1,PT1H,MC-BajoPutumayo,8511.47,7778.44
2022-01-03,2,PT1H,MC-BajoPutumayo,7763.91,7151.99
2022-01-03,3,PT1H,MC-BajoPutumayo,7341.95,6802.04
2022-01-03,4,PT1H,MC-BajoPutumayo,7266.31,6746.15
2022-01-03,5,PT1H,MC-BajoPutumayo,7264.36,6589.06
2022-01-03,6,PT1H,MC-BajoPutumayo,7278.46,7122.79
2022-01-03,7,PT1H,MC-BajoPutumayo,7354.13,7450.4
2022-01-03,8,PT1H,MC-BajoPutumayo,8248.63,8394.41
2022-01-03,9,PT1H,MC-BajoPutumayo,9796.7,9607.33
2022-01-03,10,PT1H,MC-BajoPutumayo,11005.87,10400.8
2022-01-03,11,PT1H,MC-BajoPutumayo,12127.04,11664.74
2022-01-03,12,PT1H,MC-BajoPutumayo,11972.85,12007.63
2022-01-03,13,PT1H,MC-BajoPutumayo,11742.5,11940.81
2022-01-03,14,PT1H,MC-BajoPutumayo,11523.4,11566.63
2022-01-03,15,PT1H,MC-BajoPutumayo,11495.07,12133.86
2022-01-03,16,PT1H,MC-BajoPutumayo,11884.23,12449.76
2022-01-03,17,PT1H,MC-BajoPutumayo,12157.33,11971.18
2022-01-03,18,PT1H,MC-BajoPutumayo,11800.41,11950.07
2022-01-03,19,PT1H,MC-BajoPutumayo,12480.06,13331.98
2022-01-03,20,PT1H,MC-BajoPutumayo,13291.35,13432.08
2022-01-03,21,PT1H,MC-BajoPutumayo,12272.97,12323.56
2022-01-03,22,PT1H,MC-BajoPutumayo,11572.37,11260.89
2022-01-03,23,PT1H,MC-BajoPutumayo,10497.7,9851.5
2022-01-03,24,PT1H,MC-BajoPutumayo,9062.07,8539.42
2023-04-24,1,PT1H,MC-BajoPutumayo,6756.99,6654.39
2023-04-24,2,PT1H,MC-BajoPutumayo,6269.25,6341.0
2023-04-24,3,PT1H,MC-BajoPutumayo,6079.56,6111.35
2023-04-24,4,PT1H,MC-BajoPutumayo,5962.02,5972.35
2023-04-24,5,PT1H,MC-BajoPutumayo,6011.27,5950.52
2023-04-24,6,PT1H,MC-BajoPutumayo,6667.32,6254.84
2023-04-24,7,PT1H,MC-BajoPutumayo,7402.45,6746.57
2023-04-24,8,PT1H,MC-BajoPutumayo,7964.29,7714.67
2023-04-24,9,PT1H,MC-BajoPutumayo,8995.98,8933.26
2023-04-24,10,PT1H,MC-BajoPutumayo,9736.62,9767.71
2023-04-24,11,PT1H,MC-BajoPutumayo,10678.46,10412.91
2023-04-24,12,PT1H,MC-BajoPutumayo,11570.72,10997.51
2023-04-24,13,PT1H,MC-BajoPutumayo,11446.17,11043.13
2023-04-24,14,PT1H,MC-BajoPutumayo,12059.07,10984.63
2023-04-24,15,PT1H,MC-BajoPutumayo,12889.69,11405.74
2023-04-24,16,PT1H,MC-BajoPutumayo,12962.95,11536.63
2023-04-24,17,PT1H,MC-BajoPutumayo,12522.54,11641.05
2023-04-24,18,PT1H,MC-BajoPutumayo,12461.6,11401.18
2023-04-24,19,PT1H,MC-BajoPutumayo,13605.22,12425.56
2023-04-24,20,PT1H,MC-BajoPutumayo,13547.18,12745.75
2023-04-24,21,PT1H,MC-BajoPutumayo,12897.62,12001.73
2023-04-24,22,PT1H,MC-BajoPutumayo,11398.83,10756.78
2023-04-24,23,PT1H,MC-BajoPutumayo,9584.74,9160.51
2023-04-24,24,PT1H,MC-BajoPutumayo,8352.64,7862.12
2022-09-16,1,PT1H,MC-BajoPutumayo,7557.73,6782.82
2022-09-16,2,PT1H,MC-BajoPutumayo,7103.54,6390.81
2022-09-16,3,PT1H,MC-BajoPutumayo,6824.25,6166.28
2022-09-16,4,PT1H,MC-BajoPutumayo,6563.11,6031.45
2022-09-16,5,PT1H,MC-BajoPutumayo,6569.51,5969.51
2022-09-16,6,PT1H,MC-BajoPutumayo,6996.05,6435.88
2022-09-16,7,PT1H,MC-BajoPutumayo,7798.44,7021.58
2022-09-16,8,PT1H,MC-BajoPutumayo,8668.05,7854.11
2022-09-16,9,PT1H,MC-BajoPutumayo,9362.71,8894.26
2022-09-16,10,PT1H,MC-BajoPutumayo,9910.18,9696.89
2022-09-16,11,PT1H,MC-BajoPutumayo,10159.23,10464.01
2022-09-16,12,PT1H,MC-BajoPutumayo,10499.63,10948.43
2022-09-16,13,PT1H,MC-BajoPutumayo,10187.06,10695.43
2022-09-16,14,PT1H,MC-BajoPutumayo,10478.58,10887.62
2022-09-16,15,PT1H,MC-BajoPutumayo,11077.7,11646.7
2022-09-16,16,PT1H,MC-BajoPutumayo,11431.14,11765.25
2022-09-16,17,PT1H,MC-BajoPutumayo,11262.82,11236.39
2022-09-16,18,PT1H,MC-BajoPutumayo,11343.4,11036.54
2022-09-16,19,PT1H,MC-BajoPutumayo,12817.9,11459.68
2022-09-16,20,PT1H,MC-BajoPutumayo,12655.31,11664.14
2022-09-16,21,PT1H,MC-BajoPutumayo,11883.87,10908.43
2022-09-16,22,PT1H,MC-BajoPutumayo,10743.47,9954.41
2022-09-16,23,PT1H,MC-BajoPutumayo,9147.15,8657.48
2022-09-16,24,PT1H,MC-BajoPutumayo,7941.19,7568.11
2024-09-22,1,PT1H,MC-BajoPutumayo,9399.54,9158.8
2024-09-22,2,PT1H,MC-BajoPutumayo,8437.1,8430.7
2024-09-22,3,PT1H,MC-BajoPutumayo,8223.56,7922.2
2024-09-22,4,PT1H,MC-BajoPutumayo,7906.88,7691.1
2024-09-22,5,PT1H,MC-BajoPutumayo,7406.69,7532.1
2024-09-22,6,PT1H,MC-BajoPutumayo,7298.23,7344.9
2024-09-22,7,PT1H,MC-BajoPutumayo,7359.05,7771.7
2024-09-22,8,PT1H,MC-BajoPutumayo,8789.21,8792.3
2024-09-22,9,PT1H,MC-BajoPutumayo,9781.89,10108.6
2024-09-22,10,PT1H,MC-BajoPutumayo,7987.43,10713.4
2024-09-22,11,PT1H,MC-BajoPutumayo,10718.69,11481.6
2024-09-22,12,PT1H,MC-BajoPutumayo,11105.94,11893.7
2024-09-22,13,PT1H,MC-BajoPutumayo,11685.67,11965.4
2024-09-22,14,PT1H,MC-BajoPutumayo,12041.76,12090.2
2024-09-22,15,PT1H,MC-BajoPutumayo,12321.39,12219.4
2024-09-22,16,PT1H,MC-BajoPutumayo,12238.98,12119.7
2024-09-22,17,PT1H,MC-BajoPutumayo,12119.35,11656.3
2024-09-22,18,PT1H,MC-BajoPutumayo,12182.48,11696.1
2024-09-22,19,PT1H,MC-BajoPutumayo,13690.78,12843.9
2024-09-22,20,PT1H,MC-BajoPutumayo,13458.83,13033.2
2024-09-22,21,PT1H,MC-BajoPutumayo,12637.03,12502.6
2024-09-22,22,PT1H,MC-BajoPutumayo,11672.94,11343.2
2024-09-22,23,PT1H,MC-BajoPutumayo,9960.88,9929.0
2024-09-22,24,PT1H,MC-BajoPutumayo,8775.05,8810.0
2023-12-16,1,PT1H,MC-BajoPutumayo,7696.94,7969.63
2023-12-16,2,PT1H,MC-BajoPutumayo,7080.56,7424.46
2023-12-16,3,PT1H,MC-BajoPutumayo,6713.85,7065.66
2023-12-16,4,PT1H,MC-BajoPutumayo,6490.84,6867.86
2023-12-16,5,PT1H,MC-BajoPutumayo,6483.08,6737.07
2023-12-16,6,PT1H,MC-BajoPutumayo,6671.52,6975.66
2023-12-16,7,PT1H,MC-BajoPutumayo,7017.65,7382.81
2023-12-16,8,PT1H,MC-BajoPutumayo,8168.38,8376.02
2023-12-16,9,PT1H,MC-BajoPutumayo,9569.31,9720.55
2023-12-16,10,PT1H,MC-BajoPutumayo,10717.94,10885.58
2023-12-16,11,PT1H,MC-BajoPutumayo,11264.27,11612.0
2023-12-16,12,PT1H,MC-BajoPutumayo,12067.82,11921.43
2023-12-16,13,PT1H,MC-BajoPutumayo,12250.01,11822.74
2023-12-16,14,PT1H,MC-BajoPutumayo,12270.38,11770.24
2023-12-16,15,PT1H,MC-BajoPutumayo,12959.14,11865.16
2023-12-16,16,PT1H,MC-BajoPutumayo,13152.92,11820.81
2023-12-16,17,PT1H,MC-BajoPutumayo,12591.68,11860.17
2023-12-16,18,PT1H,MC-BajoPutumayo,12332.05,11857.31
2023-12-16,19,PT1H,MC-BajoPutumayo,13769.31,13191.03
2023-12-16,20,PT1H,MC-BajoPutumayo,14059.41,13161.63
2023-12-16,21,PT1H,MC-BajoPutumayo,13424.27,12511.47
2023-12-16,22,PT1H,MC-BajoPutumayo,12128.8,11559.28
2023-12-16,23,PT1H,MC-BajoPutumayo,10660.54,10251.3
2023-12-16,24,PT1H,MC-BajoPutumayo,9494.3,8645.97
2022-09-03,1,PT1H,MC-BajoPutumayo,7716.15,7052.88
2022-09-03,2,PT1H,MC-BajoPutumayo,7247.65,6574.39
2022-09-03,3,PT1H,MC-BajoPutumayo,6922.9,6295.63
2022-09-03,4,PT1H,MC-BajoPutumayo,6735.35,6119.29
2022-09-03,5,PT1H,MC-BajoPutumayo,6671.12,6049.75
2022-09-03,6,PT1H,MC-BajoPutumayo,7020.97,6360.98
2022-09-03,7,PT1H,MC-BajoPutumayo,7572.39,6798.12
2022-09-03,8,PT1H,MC-BajoPutumayo,8676.14,7911.51
2022-09-03,9,PT1H,MC-BajoPutumayo,9907.26,9177.69
2022-09-03,10,PT1H,MC-BajoPutumayo,10704.79,10046.82
2022-09-03,11,PT1H,MC-BajoPutumayo,11025.47,10546.28
2022-09-03,12,PT1H,MC-BajoPutumayo,11382.32,11114.63
2022-09-03,13,PT1H,MC-BajoPutumayo,11050.16,11218.48
2022-09-03,14,PT1H,MC-BajoPutumayo,10665.04,11154.87
2022-09-03,15,PT1H,MC-BajoPutumayo,10296.95,11468.7
2022-09-03,16,PT1H,MC-BajoPutumayo,10190.0,11519.11
2022-09-03,17,PT1H,MC-BajoPutumayo,10364.24,11429.63
2022-09-03,18,PT1H,MC-BajoPutumayo,10946.24,11253.53
2022-09-03,19,PT1H,MC-BajoPutumayo,11869.63,12235.22
2022-09-03,20,PT1H,MC-BajoPutumayo,11721.65,12845.54
2022-09-03,21,PT1H,MC-BajoPutumayo,10817.99,12071.58
2022-09-03,22,PT1H,MC-BajoPutumayo,9741.62,11040.97
2022-09-03,23,PT1H,MC-BajoPutumayo,8493.91,9728.09
2022-09-03,24,PT1H,MC-BajoPutumayo,7507.59,8550.4
2022-02-07,1,PT1H,MC-BajoPutumayo,7227.33,6907.07
2022-02-07,2,PT1H,MC-BajoPutumayo,6811.95,6296.7
2022-02-07,3,PT1H,MC-BajoPutumayo,6509.84,5956.69
2022-02-07,4,PT1H,MC-BajoPutumayo,6382.83,5878.49
2022-02-07,5,PT1H,MC-BajoPutumayo,6390.01,5998.41
2022-02-07,6,PT1H,MC-BajoPutumayo,5852.18,6208.4
2022-02-07,7,PT1H,MC-BajoPutumayo,6859.29,6532.79
2022-02-07,8,PT1H,MC-BajoPutumayo,7934.91,7262.66
2022-02-07,9,PT1H,MC-BajoPutumayo,9647.95,8114.3
2022-02-07,10,PT1H,MC-BajoPutumayo,10014.28,8653.73
2022-02-07,11,PT1H,MC-BajoPutumayo,9135.45,9865.17
2022-02-07,12,PT1H,MC-BajoPutumayo,9741.07,10659.18
2022-02-07,13,PT1H,MC-BajoPutumayo,9328.9,10293.87
2022-02-07,14,PT1H,MC-BajoPutumayo,9254.65,10618.5
2022-02-07,15,PT1H,MC-BajoPutumayo,8890.67,10862.37
2022-02-07,16,PT1H,MC-BajoPutumayo,9593.32,10963.98
2022-02-07,17,PT1H,MC-BajoPutumayo,11025.74,10618.5
2022-02-07,18,PT1H,MC-BajoPutumayo,10768.78,10614.01
2022-02-07,19,PT1H,MC-BajoPutumayo,12230.5,11471.57
2022-02-07,20,PT1H,MC-BajoPutumayo,12262.5,11874.42
2022-02-07,21,PT1H,MC-BajoPutumayo,10414.15,11075.4
2022-02-07,22,PT1H,MC-BajoPutumayo,9320.27,10202.79
2022-02-07,23,PT1H,MC-BajoPutumayo,7933.13,8975.22
2022-02-07,24,PT1H,MC-BajoPutumayo,6387.98,7658.09
2022-07-22,1,PT1H,MC-BajoPutumayo,6656.95,6857.77
2022-07-22,2,PT1H,MC-BajoPutumayo,6272.0,6451.92
2022-07-22,3,PT1H,MC-BajoPutumayo,6084.7,6160.67
2022-07-22,4,PT1H,MC-BajoPutumayo,6004.98,5980.73
2022-07-22,5,PT1H,MC-BajoPutumayo,6063.62,6005.15
2022-07-22,6,PT1H,MC-BajoPutumayo,6637.37,6374.01
2022-07-22,7,PT1H,MC-BajoPutumayo,7333.68,6985.95
2022-07-22,8,PT1H,MC-BajoPutumayo,8039.38,8094.93
2022-07-22,9,PT1H,MC-BajoPutumayo,9026.69,9234.23
2022-07-22,10,PT1H,MC-BajoPutumayo,9546.0,9922.27
2022-07-22,11,PT1H,MC-BajoPutumayo,9913.59,10428.02
2022-07-22,12,PT1H,MC-BajoPutumayo,10491.96,11033.04
2022-07-22,13,PT1H,MC-BajoPutumayo,10235.14,10884.52
2022-07-22,14,PT1H,MC-BajoPutumayo,10576.8,10717.36
2022-07-22,15,PT1H,MC-BajoPutumayo,11281.55,10916.33
2022-07-22,16,PT1H,MC-BajoPutumayo,11757.68,11070.13
2022-07-22,17,PT1H,MC-BajoPutumayo,11712.8,11208.7
2022-07-22,18,PT1H,MC-BajoPutumayo,11245.05,11129.43
2022-07-22,19,PT1H,MC-BajoPutumayo,12185.32,12042.38
2022-07-22,20,PT1H,MC-BajoPutumayo,12751.85,12534.73
2022-07-22,21,PT1H,MC-BajoPutumayo,12012.37,11828.51
2022-07-22,22,PT1H,MC-BajoPutumayo,10773.16,10699.96
2022-07-22,23,PT1H,MC-BajoPutumayo,9126.37,9143.16
2022-07-22,24,PT1H,MC-BajoPutumayo,7732.08,7820.65
2025-09-01,1,PT1H,MC-BajoPutumayo,7478.39,8757.5
2025-09-01,2,PT1H,MC-BajoPutumayo,6926.74,8224.4
2025-09-01,3,PT1H,MC-BajoPutumayo,6670.64,7893.3
2025-09-01,4,PT1H,MC-BajoPutumayo,6581.43,7716.4
2025-09-01,5,PT1H,MC-BajoPutumayo,6702.64,7713.2
2025-09-01,6,PT1H,MC-BajoPutumayo,7473.11,8180.4
2025-09-01,7,PT1H,MC-BajoPutumayo,8314.96,8830.2
2025-09-01,8,PT1H,MC-BajoPutumayo,8999.61,9535.8
2025-09-01,9,PT1H,MC-BajoPutumayo,10114.52,10729.3
2025-09-01,10,PT1H,MC-BajoPutumayo,10711.03,11567.0
2025-09-01,11,PT1H,MC-BajoPutumayo,11396.05,12039.5
2025-09-01,12,PT1H,MC-BajoPutumayo,12041.03,12527.8
2025-09-01,13,PT1H,MC-BajoPutumayo,11693.81,12517.2
2025-09-01,14,PT1H,MC-BajoPutumayo,11502.37,12574.9
2025-09-01,15,PT1H,MC-BajoPutumayo,12215.12,13309.3
2025-09-01,16,PT1H,MC-BajoPutumayo,12664.4,13642.8
2025-09-01,17,PT1H,MC-BajoPutumayo,12873.05,13759.8
2025-09-01,18,PT1H,MC-BajoPutumayo,12843.64,13539.0
2025-09-01,19,PT1H,MC-BajoPutumayo,14237.9,14762.2
2025-09-01,20,PT1H,MC-BajoPutumayo,14525.57,15297.1
2025-09-01,21,PT1H,MC-BajoPutumayo,13732.93,14319.5
2025-09-01,22,PT1H,MC-BajoPutumayo,12312.41,12762.2
2025-09-01,23,PT1H,MC-BajoPutumayo,10495.65,10732.1
2025-09-01,24,PT1H,MC-BajoPutumayo,9068.73,9192.5
2025-08-07,1,PT1H,MC-BajoPutumayo,8421.0,7941.2
2025-08-07,2,PT1H,MC-BajoPutumayo,7870.2,7408.3
2025-08-07,3,PT1H,MC-BajoPutumayo,7623.64,6953.6
2025-08-07,4,PT1H,MC-BajoPutumayo,7425.13,6981.0
2025-08-07,5,PT1H,MC-BajoPutumayo,7324.28,7011.0
2025-08-07,6,PT1H,MC-BajoPutumayo,7586.57,7700.8
2025-08-07,7,PT1H,MC-BajoPutumayo,7895.0,8654.7
2025-08-07,8,PT1H,MC-BajoPutumayo,8923.12,9401.5
2025-08-07,9,PT1H,MC-BajoPutumayo,10226.9,10404.4
2025-08-07,10,PT1H,MC-BajoPutumayo,11350.89,10915.6
2025-08-07,11,PT1H,MC-BajoPutumayo,12380.95,11393.3
2025-08-07,12,PT1H,MC-BajoPutumayo,13080.08,11896.6
2025-08-07,13,PT1H,MC-BajoPutumayo,12899.28,11652.8
2025-08-07,14,PT1H,MC-BajoPutumayo,12763.07,11698.9
2025-08-07,15,PT1H,MC-BajoPutumayo,13028.96,12087.8
2025-08-07,16,PT1H,MC-BajoPutumayo,13172.9,12273.8
2025-08-07,17,PT1H,MC-BajoPutumayo,13097.14,12495.7
2025-08-07,18,PT1H,MC-BajoPutumayo,12899.24,12842.1
2025-08-07,19,PT1H,MC-BajoPutumayo,14192.36,14156.8
2025-08-07,20,PT1H,MC-BajoPutumayo,14945.03,14582.7
2025-08-07,21,PT1H,MC-BajoPutumayo,14265.46,13620.4
2025-08-07,22,PT1H,MC-BajoPutumayo,13004.21,12123.4
2025-08-07,23,PT1H,MC-BajoPutumayo,11280.99,10184.8
2025-08-07,24,PT1H,MC-BajoPutumayo,9737.34,8751.8
2022-10-10,1,PT1H,MC-BajoPutumayo,8194.46,7607.87
2022-10-10,2,PT1H,MC-BajoPutumayo,7597.94,7129.7
2022-10-10,3,PT1H,MC-BajoPutumayo,7350.43,6851.92
2022-10-10,4,PT1H,MC-BajoPutumayo,7172.33,6671.55
2022-10-10,5,PT1H,MC-BajoPutumayo,7139.48,6563.99
2022-10-10,6,PT1H,MC-BajoPutumayo,7386.74,7088.41
2022-10-10,7,PT1H,MC-BajoPutumayo,7911.56,7840.29
2022-10-10,8,PT1H,MC-BajoPutumayo,9106.76,8778.91
2022-10-10,9,PT1H,MC-BajoPutumayo,10493.47,10102.52
2022-10-10,10,PT1H,MC-BajoPutumayo,11607.24,11328.54
2022-10-10,11,PT1H,MC-BajoPutumayo,12333.79,12285.64
2022-10-10,12,PT1H,MC-BajoPutumayo,13184.23,12985.59
2022-10-10,13,PT1H,MC-BajoPutumayo,12918.22,12619.59
2022-10-10,14,PT1H,MC-BajoPutumayo,13241.25,12945.69
2022-10-10,15,PT1H,MC-BajoPutumayo,13979.24,13848.61
2022-10-10,16,PT1H,MC-BajoPutumayo,13794.01,14063.38
2022-10-10,17,PT1H,MC-BajoPutumayo,13297.69,13951.14
2022-10-10,18,PT1H,MC-BajoPutumayo,13394.7,13850.2
2022-10-10,19,PT1H,MC-BajoPutumayo,14436.99,14899.92
2022-10-10,20,PT1H,MC-BajoPutumayo,13531.26,15060.94
2022-10-10,21,PT1H,MC-BajoPutumayo,12765.23,14113.26
2022-10-10,22,PT1H,MC-BajoPutumayo,11587.72,12535.33
2022-10-10,23,PT1H,MC-BajoPutumayo,10106.57,10760.65
2022-10-10,24,PT1H,MC-BajoPutumayo,8773.25,9184.74
2023-10-07,1,PT1H,MC-BajoPutumayo,9703.42,8937.74
2023-10-07,2,PT1H,MC-BajoPutumayo,9045.14,8317.06
2023-10-07,3,PT1H,MC-BajoPutumayo,8590.66,7885.76
2023-10-07,4,PT1H,MC-BajoPutumayo,8226.68,7639.21
2023-10-07,5,PT1H,MC-BajoPutumayo,8187.3,7570.28
2023-10-07,6,PT1H,MC-BajoPutumayo,8105.99,7705.54
2023-10-07,7,PT1H,MC-BajoPutumayo,8356.93,8138.85
2023-10-07,8,PT1H,MC-BajoPutumayo,9518.09,9432.07
2023-10-07,9,PT1H,MC-BajoPutumayo,11300.26,10659.24
2023-10-07,10,PT1H,MC-BajoPutumayo,12669.84,11695.23
2023-10-07,11,PT1H,MC-BajoPutumayo,13504.92,12775.76
2023-10-07,12,PT1H,MC-BajoPutumayo,14220.85,13573.76
2023-10-07,13,PT1H,MC-BajoPutumayo,14031.1,13576.58
2023-10-07,14,PT1H,MC-BajoPutumayo,13647.68,13887.08
2023-10-07,15,PT1H,MC-BajoPutumayo,13285.53,14167.35
2023-10-07,16,PT1H,MC-BajoPutumayo,13373.18,14249.14
2023-10-07,17,PT1H,MC-BajoPutumayo,12443.17,13820.59
2023-10-07,18,PT1H,MC-BajoPutumayo,11723.24,13570.37
2023-10-07,19,PT1H,MC-BajoPutumayo,12555.33,14623.91
2023-10-07,20,PT1H,MC-BajoPutumayo,12753.55,14709.93
2023-10-07,21,PT1H,MC-BajoPutumayo,12184.8,13969.14
2023-10-07,22,PT1H,MC-BajoPutumayo,11274.68,12809.89
2023-10-07,23,PT1H,MC-BajoPutumayo,9909.0,11381.59
2023-10-07,24,PT1H,MC-BajoPutumayo,8767.64,10166.25
2025-02-23,1,PT1H,MC-BajoPutumayo,7760.33,8772.3
2025-02-23,2,PT1H,MC-BajoPutumayo,7293.4,8244.8
2025-02-23,3,PT1H,MC-BajoPutumayo,7059.1,7843.3
2025-02-23,4,PT1H,MC-BajoPutumayo,6977.77,7661.6
2025-02-23,5,PT1H,MC-BajoPutumayo,6951.72,7568.3
2025-02-23,6,PT1H,MC-BajoPutumayo,7120.38,7650.4
2025-02-23,7,PT1H,MC-BajoPutumayo,7475.75,7792.0
2025-02-23,8,PT1H,MC-BajoPutumayo,8050.38,8656.8
2025-02-23,9,PT1H,MC-BajoPutumayo,8944.08,9673.2
2025-02-23,10,PT1H,MC-BajoPutumayo,9578.45,10314.3
2025-02-23,11,PT1H,MC-BajoPutumayo,10066.25,11054.3
2025-02-23,12,PT1H,MC-BajoPutumayo,10514.93,11669.4
2025-02-23,13,PT1H,MC-BajoPutumayo,11038.81,12091.6
2025-02-23,14,PT1H,MC-BajoPutumayo,11218.35,12010.2
2025-02-23,15,PT1H,MC-BajoPutumayo,11393.69,12106.7
2025-02-23,16,PT1H,MC-BajoPutumayo,11499.71,12119.7
2025-02-23,17,PT1H,MC-BajoPutumayo,11491.44,12053.5
2025-02-23,18,PT1H,MC-BajoPutumayo,11418.49,12042.5
2025-02-23,19,PT1H,MC-BajoPutumayo,12327.96,13180.1
2025-02-23,20,PT1H,MC-BajoPutumayo,13285.89,14004.5
2025-02-23,21,PT1H,MC-BajoPutumayo,12749.47,13572.8
2025-02-23,22,PT1H,MC-BajoPutumayo,11688.35,12551.8
2025-02-23,23,PT1H,MC-BajoPutumayo,10225.89,10953.3
2025-02-23,24,PT1H,MC-BajoPutumayo,8966.91,9625.9
2024-06-06,1,PT1H,MC-BajoPutumayo,6431.94,7334.2
2024-06-06,2,PT1H,MC-BajoPutumayo,6066.02,6882.6
2024-06-06,3,PT1H,MC-BajoPutumayo,5980.28,6713.2
2024-06-06,4,PT1H,MC-BajoPutumayo,5966.01,6600.8
2024-06-06,5,PT1H,MC-BajoPutumayo,5950.7,6688.2
2024-06-06,6,PT1H,MC-BajoPutumayo,6750.68,7328.6
2024-06-06,7,PT1H,MC-BajoPutumayo,7541.67,8041.5
2024-06-06,8,PT1H,MC-BajoPutumayo,8249.59,8712.2
2024-06-06,9,PT1H,MC-BajoPutumayo,9024.95,9677.6
2024-06-06,10,PT1H,MC-BajoPutumayo,9590.18,10248.9
2024-06-06,11,PT1H,MC-BajoPutumayo,10002.5,10677.4
2024-06-06,12,PT1H,MC-BajoPutumayo,9703.54,10952.0
2024-06-06,13,PT1H,MC-BajoPutumayo,10098.92,10712.8
2024-06-06,14,PT1H,MC-BajoPutumayo,10122.44,10879.4
2024-06-06,15,PT1H,MC-BajoPutumayo,10748.22,11659.9
2024-06-06,16,PT1H,MC-BajoPutumayo,10767.77,11977.2
2024-06-06,17,PT1H,MC-BajoPutumayo,10967.54,12200.2
2024-06-06,18,PT1H,MC-BajoPutumayo,11176.77,12170.1
2024-06-06,19,PT1H,MC-BajoPutumayo,12355.66,13203.4
2024-06-06,20,PT1H,MC-BajoPutumayo,12395.3,13290.1
2024-06-06,21,PT1H,MC-BajoPutumayo,11644.07,12574.7
2024-06-06,22,PT1H,MC-BajoPutumayo,10299.1,11502.6
2024-06-06,23,PT1H,MC-BajoPutumayo,8814.75,9855.7
2024-06-06,24,PT1H,MC-BajoPutumayo,7651.98,8533.9
2025-07-08,1,PT1H,MC-BajoPutumayo,7341.22,8003.0
2025-07-08,2,PT1H,MC-BajoPutumayo,6955.7,7548.7
2025-07-08,3,PT1H,MC-BajoPutumayo,6707.36,7316.7
2025-07-08,4,PT1H,MC-BajoPutumayo,6625.56,7170.6
2025-07-08,5,PT1H,MC-BajoPutumayo,6671.74,7157.8
2025-07-08,6,PT1H,MC-BajoPutumayo,7352.48,7668.6
2025-07-08,7,PT1H,MC-BajoPutumayo,8186.86,8364.2
2025-07-08,8,PT1H,MC-BajoPutumayo,8715.92,9110.6
2025-07-08,9,PT1H,MC-BajoPutumayo,9608.56,10246.4
2025-07-08,10,PT1H,MC-BajoPutumayo,10110.02,11071.6
2025-07-08,11,PT1H,MC-BajoPutumayo,10524.0,11924.5
2025-07-08,12,PT1H,MC-BajoPutumayo,10937.79,12347.7
2025-07-08,13,PT1H,MC-BajoPutumayo,10601.27,11874.9
2025-07-08,14,PT1H,MC-BajoPutumayo,10576.92,11772.6
2025-07-08,15,PT1H,MC-BajoPutumayo,10945.37,12016.3
2025-07-08,16,PT1H,MC-BajoPutumayo,10889.52,12500.0
2025-07-08,17,PT1H,MC-BajoPutumayo,10809.67,12786.9
2025-07-08,18,PT1H,MC-BajoPutumayo,11172.78,12782.2
2025-07-08,19,PT1H,MC-BajoPutumayo,12401.93,13926.8
2025-07-08,20,PT1H,MC-BajoPutumayo,12821.71,14356.4
2025-07-08,21,PT1H,MC-BajoPutumayo,11958.78,13287.1
2025-07-08,22,PT1H,MC-BajoPutumayo,10607.1,11740.1
2025-07-08,23,PT1H,MC-BajoPutumayo,8895.79,10005.7
2025-07-08,24,PT1H,MC-BajoPutumayo,7642.24,8675.4
2023-05-24,1,PT1H,MC-BajoPutumayo,6934.06,7151.57
2023-05-24,2,PT1H,MC-BajoPutumayo,6574.38,6703.21
2023-05-24,3,PT1H,MC-BajoPutumayo,6406.25,6472.06
2023-05-24,4,PT1H,MC-BajoPutumayo,6320.08,6330.26
2023-05-24,5,PT1H,MC-BajoPutumayo,6405.22,6312.81
2023-05-24,6,PT1H,MC-BajoPutumayo,7042.73,6907.98
2023-05-24,7,PT1H,MC-BajoPutumayo,7739.08,7709.05
2023-05-24,8,PT1H,MC-BajoPutumayo,8442.63,8431.59
2023-05-24,9,PT1H,MC-BajoPutumayo,9401.83,9263.33
2023-05-24,10,PT1H,MC-BajoPutumayo,10131.5,9996.18
2023-05-24,11,PT1H,MC-BajoPutumayo,10672.8,10707.45
2023-05-24,12,PT1H,MC-BajoPutumayo,11308.61,11188.53
2023-05-24,13,PT1H,MC-BajoPutumayo,11047.05,10889.32
2023-05-24,14,PT1H,MC-BajoPutumayo,11382.15,11196.07
2023-05-24,15,PT1H,MC-BajoPutumayo,11898.37,12139.64
2023-05-24,16,PT1H,MC-BajoPutumayo,12160.88,12373.53
2023-05-24,17,PT1H,MC-BajoPutumayo,12359.08,12335.35
2023-05-24,18,PT1H,MC-BajoPutumayo,12465.18,12034.97
2023-05-24,19,PT1H,MC-BajoPutumayo,13667.37,13143.78
2023-05-24,20,PT1H,MC-BajoPutumayo,13729.5,13452.69
2023-05-24,21,PT1H,MC-BajoPutumayo,12876.87,12638.75
2023-05-24,22,PT1H,MC-BajoPutumayo,11750.73,11429.46
2023-05-24,23,PT1H,MC-BajoPutumayo,9911.13,9703.59
2023-05-24,24,PT1H,MC-BajoPutumayo,8364.65,8358.09
2023-09-09,1,PT1H,MC-BajoPutumayo,9090.41,8885.28
2023-09-09,2,PT1H,MC-BajoPutumayo,8479.62,8382.26
2023-09-09,3,PT1H,MC-BajoPutumayo,8032.55,8103.99
2023-09-09,4,PT1H,MC-BajoPutumayo,7745.9,7892.14
2023-09-09,5,PT1H,MC-BajoPutumayo,7605.74,7580.88
2023-09-09,6,PT1H,MC-BajoPutumayo,7709.37,7647.98
2023-09-09,7,PT1H,MC-BajoPutumayo,8078.81,8357.34
2023-09-09,8,PT1H,MC-BajoPutumayo,9257.05,9534.64
2023-09-09,9,PT1H,MC-BajoPutumayo,10322.39,10807.04
2023-09-09,10,PT1H,MC-BajoPutumayo,11233.47,12043.04
2023-09-09,11,PT1H,MC-BajoPutumayo,12189.23,12836.5
2023-09-09,12,PT1H,MC-BajoPutumayo,12694.58,13472.72
2023-09-09,13,PT1H,MC-BajoPutumayo,9830.52,13294.72
2023-09-09,14,PT1H,MC-BajoPutumayo,13543.75,13273.75
2023-09-09,15,PT1H,MC-BajoPutumayo,14361.36,13416.41
2023-09-09,16,PT1H,MC-BajoPutumayo,13485.41,13062.03
2023-09-09,17,PT1H,MC-BajoPutumayo,12848.34,13137.47
2023-09-09,18,PT1H,MC-BajoPutumayo,13094.87,12944.34
2023-09-09,19,PT1H,MC-BajoPutumayo,14207.97,14215.0
2023-09-09,20,PT1H,MC-BajoPutumayo,14348.58,14665.91
2023-09-09,21,PT1H,MC-BajoPutumayo,13520.2,13785.1
2023-09-09,22,PT1H,MC-BajoPutumayo,12587.03,12646.15
2023-09-09,23,PT1H,MC-BajoPutumayo,11417.23,11229.67
2023-09-09,24,PT1H,MC-BajoPutumayo,10134.16,10044.34
2023-11-03,1,PT1H,MC-BajoPutumayo,7863.18,8501.97
2023-11-03,2,PT1H,MC-BajoPutumayo,7323.66,8032.55
2023-11-03,3,PT1H,MC-BajoPutumayo,7105.43,7717.6
2023-11-03,4,PT1H,MC-BajoPutumayo,6961.75,7496.26
2023-11-03,5,PT1H,MC-BajoPutumayo,7006.4,7472.86
2023-11-03,6,PT1H,MC-BajoPutumayo,7570.17,7849.81
2023-11-03,7,PT1H,MC-BajoPutumayo,8541.68,8412.02
2023-11-03,8,PT1H,MC-BajoPutumayo,9390.78,9338.5
2023-11-03,9,PT1H,MC-BajoPutumayo,10781.67,10728.0
2023-11-03,10,PT1H,MC-BajoPutumayo,11712.61,11824.83
2023-11-03,11,PT1H,MC-BajoPutumayo,12423.49,12694.81
2023-11-03,12,PT1H,MC-BajoPutumayo,13458.05,13412.88
2023-11-03,13,PT1H,MC-BajoPutumayo,13390.8,13154.68
2023-11-03,14,PT1H,MC-BajoPutumayo,13553.89,13276.92
2023-11-03,15,PT1H,MC-BajoPutumayo,14405.01,13851.95
2023-11-03,16,PT1H,MC-BajoPutumayo,14487.42,13710.38
2023-11-03,17,PT1H,MC-BajoPutumayo,14048.01,13534.79
2023-11-03,18,PT1H,MC-BajoPutumayo,13758.52,13635.94
2023-11-03,19,PT1H,MC-BajoPutumayo,14657.27,14806.96
2023-11-03,20,PT1H,MC-BajoPutumayo,14336.46,14567.58
2023-11-03,21,PT1H,MC-BajoPutumayo,13520.37,13443.96
2023-11-03,22,PT1H,MC-BajoPutumayo,12309.45,12292.67
2023-11-03,23,PT1H,MC-BajoPutumayo,10837.24,10839.07
2023-11-03,24,PT1H,MC-BajoPutumayo,9542.91,9670.42
2025-12-12,1,PT1H,MC-BajoPutumayo,9881.5,9489.2
2025-12-12,2,PT1H,MC-BajoPutumayo,9475.48,8939.3
2025-12-12,3,PT1H,MC-BajoPutumayo,9126.27,8538.7
2025-12-12,4,PT1H,MC-BajoPutumayo,8944.57,8246.5
2025-12-12,5,PT1H,MC-BajoPutumayo,8995.39,8341.8
2025-12-12,6,PT1H,MC-BajoPutumayo,9260.36,8851.7
2025-12-12,7,PT1H,MC-BajoPutumayo,9577.86,9556.6
2025-12-12,8,PT1H,MC-BajoPutumayo,11070.6,10958.5
2025-12-12,9,PT1H,MC-BajoPutumayo,12688.69,12175.6
2025-12-12,10,PT1H,MC-BajoPutumayo,13411.6,13110.9
2025-12-12,11,PT1H,MC-BajoPutumayo,14290.17,13769.1
2025-12-12,12,PT1H,MC-BajoPutumayo,14836.75,14201.9
2025-12-12,13,PT1H,MC-BajoPutumayo,14951.19,13811.5
2025-12-12,14,PT1H,MC-BajoPutumayo,15410.15,14033.0
2025-12-12,15,PT1H,MC-BajoPutumayo,16239.79,14818.9
2025-12-12,16,PT1H,MC-BajoPutumayo,16171.53,15128.3
2025-12-12,17,PT1H,MC-BajoPutumayo,16019.87,14458.1
2025-12-12,18,PT1H,MC-BajoPutumayo,15980.09,15156.0
2025-12-12,19,PT1H,MC-BajoPutumayo,16913.4,16267.9
2025-12-12,20,PT1H,MC-BajoPutumayo,14198.12,16028.4
2025-12-12,21,PT1H,MC-BajoPutumayo,14272.62,15034.6
2025-12-12,22,PT1H,MC-BajoPutumayo,13250.23,13573.3
2025-12-12,23,PT1H,MC-BajoPutumayo,11851.36,11699.2
2025-12-12,24,PT1H,MC-BajoPutumayo,10584.08,10331.3
2025-02-25,1,PT1H,MC-BajoPutumayo,7721.61,7869.6
2025-02-25,2,PT1H,MC-BajoPutumayo,6979.73,7456.8
2025-02-25,3,PT1H,MC-BajoPutumayo,6705.63,7232.9
2025-02-25,4,PT1H,MC-BajoPutumayo,6634.46,7118.3
2025-02-25,5,PT1H,MC-BajoPutumayo,6944.23,7206.2
2025-02-25,6,PT1H,MC-BajoPutumayo,7496.06,7838.0
2025-02-25,7,PT1H,MC-BajoPutumayo,8261.05,8406.8
2025-02-25,8,PT1H,MC-BajoPutumayo,8793.27,9086.6
2025-02-25,9,PT1H,MC-BajoPutumayo,9918.78,10071.1
2025-02-25,10,PT1H,MC-BajoPutumayo,10745.99,10919.6
2025-02-25,11,PT1H,MC-BajoPutumayo,11439.13,11773.8
2025-02-25,12,PT1H,MC-BajoPutumayo,12087.82,12359.3
2025-02-25,13,PT1H,MC-BajoPutumayo,11900.34,12099.2
2025-02-25,14,PT1H,MC-BajoPutumayo,12435.07,12436.6
2025-02-25,15,PT1H,MC-BajoPutumayo,13822.25,13286.3
2025-02-25,16,PT1H,MC-BajoPutumayo,14267.63,13442.4
2025-02-25,17,PT1H,MC-BajoPutumayo,14130.64,13269.5
2025-02-25,18,PT1H,MC-BajoPutumayo,13758.63,12880.8
2025-02-25,19,PT1H,MC-BajoPutumayo,14416.41,13496.1
2025-02-25,20,PT1H,MC-BajoPutumayo,15200.48,14175.3
2025-02-25,21,PT1H,MC-BajoPutumayo,14349.6,13395.8
2025-02-25,22,PT1H,MC-BajoPutumayo,13158.46,12133.3
2025-02-25,23,PT1H,MC-BajoPutumayo,11024.47,10480.1
2025-02-25,24,PT1H,MC-BajoPutumayo,9589.39,9145.4
2022-01-20,1,PT1H,MC-BajoPutumayo,6317.65,6531.79
2022-01-20,2,PT1H,MC-BajoPutumayo,5884.76,6127.16
2022-01-20,3,PT1H,MC-BajoPutumayo,5717.8,5857.48
2022-01-20,4,PT1H,MC-BajoPutumayo,6186.1,5698.96
2022-01-20,5,PT1H,MC-BajoPutumayo,6223.09,5684.25
2022-01-20,6,PT1H,MC-BajoPutumayo,5918.48,6067.25
2022-01-20,7,PT1H,MC-BajoPutumayo,6299.35,6175.38
2022-01-20,8,PT1H,MC-BajoPutumayo,7646.54,7197.01
2022-01-20,9,PT1H,MC-BajoPutumayo,8350.81,8370.02
2022-01-20,10,PT1H,MC-BajoPutumayo,9194.66,9189.44
2022-01-20,11,PT1H,MC-BajoPutumayo,9973.29,10036.54
2022-01-20,12,PT1H,MC-BajoPutumayo,10653.42,10735.72
2022-01-20,13,PT1H,MC-BajoPutumayo,9684.81,10460.63
2022-01-20,14,PT1H,MC-BajoPutumayo,10042.34,10494.59
2022-01-20,15,PT1H,MC-BajoPutumayo,11238.13,11131.48
2022-01-20,16,PT1H,MC-BajoPutumayo,11052.26,11358.77
2022-01-20,17,PT1H,MC-BajoPutumayo,11043.26,11362.66
2022-01-20,18,PT1H,MC-BajoPutumayo,10950.26,11011.89
2022-01-20,19,PT1H,MC-BajoPutumayo,12188.81,11898.56
2022-01-20,20,PT1H,MC-BajoPutumayo,13109.94,12404.62
2022-01-20,21,PT1H,MC-BajoPutumayo,12199.3,11556.44
2022-01-20,22,PT1H,MC-BajoPutumayo,10928.06,10456.96
2022-01-20,23,PT1H,MC-BajoPutumayo,9426.92,8894.67
2022-01-20,24,PT1H,MC-BajoPutumayo,7830.28,7557.74
2022-02-24,1,PT1H,MC-BajoPutumayo,6637.69,7112.4
2022-02-24,2,PT1H,MC-BajoPutumayo,6236.52,6726.04
2022-02-24,3,PT1H,MC-BajoPutumayo,6008.93,6540.59
2022-02-24,4,PT1H,MC-BajoPutumayo,5983.5,6362.16
2022-02-24,5,PT1H,MC-BajoPutumayo,6109.5,6508.42
2022-02-24,6,PT1H,MC-BajoPutumayo,6685.18,7004.18
2022-02-24,7,PT1H,MC-BajoPutumayo,7479.16,7338.3
2022-02-24,8,PT1H,MC-BajoPutumayo,8052.56,7909.69
2022-02-24,9,PT1H,MC-BajoPutumayo,9110.45,8732.04
2022-02-24,10,PT1H,MC-BajoPutumayo,9363.58,9618.98
2022-02-24,11,PT1H,MC-BajoPutumayo,9798.98,10687.39
2022-02-24,12,PT1H,MC-BajoPutumayo,10053.69,11194.07
2022-02-24,13,PT1H,MC-BajoPutumayo,9722.12,10927.86
2022-02-24,14,PT1H,MC-BajoPutumayo,9766.5,10819.16
2022-02-24,15,PT1H,MC-BajoPutumayo,10055.82,11403.79
2022-02-24,16,PT1H,MC-BajoPutumayo,9921.35,11574.5
2022-02-24,17,PT1H,MC-BajoPutumayo,9962.44,11454.8
2022-02-24,18,PT1H,MC-BajoPutumayo,9983.75,11195.15
2022-02-24,19,PT1H,MC-BajoPutumayo,10877.31,12145.7
2022-02-24,20,PT1H,MC-BajoPutumayo,11735.08,12954.06
2022-02-24,21,PT1H,MC-BajoPutumayo,11004.53,12216.15
2022-02-24,22,PT1H,MC-BajoPutumayo,9985.94,11166.19
2022-02-24,23,PT1H,MC-BajoPutumayo,8523.99,9647.02
2022-02-24,24,PT1H,MC-BajoPutumayo,7185.45,8111.92
2026-01-27,1,PT1H,MC-BajoPutumayo,8734.06,8587.3
2026-01-27,2,PT1H,MC-BajoPutumayo,7896.35,8116.4
2026-01-27,3,PT1H,MC-BajoPutumayo,7472.09,7827.5
2026-01-27,4,PT1H,MC-BajoPutumayo,7043.4,7633.1
2026-01-27,5,PT1H,MC-BajoPutumayo,6806.07,7662.5
2026-01-27,6,PT1H,MC-BajoPutumayo,7355.12,7910.1
2026-01-27,7,PT1H,MC-BajoPutumayo,8710.6,8581.9
2026-01-27,8,PT1H,MC-BajoPutumayo,8360.26,9809.2
2026-01-27,9,PT1H,MC-BajoPutumayo,9785.33,10939.1
2026-01-27,10,PT1H,MC-BajoPutumayo,10242.12,11840.4
2026-01-27,11,PT1H,MC-BajoPutumayo,11225.58,12815.7
2026-01-27,12,PT1H,MC-BajoPutumayo,11058.52,13386.9
2026-01-27,13,PT1H,MC-BajoPutumayo,11202.27,13248.5
2026-01-27,14,PT1H,MC-BajoPutumayo,11383.64,13845.0
2026-01-27,15,PT1H,MC-BajoPutumayo,12523.33,14051.2
2026-01-27,16,PT1H,MC-BajoPutumayo,13458.03,13855.3
2026-01-27,17,PT1H,MC-BajoPutumayo,13518.01,13673.9
2026-01-27,18,PT1H,MC-BajoPutumayo,13581.55,13792.1
2026-01-27,19,PT1H,MC-BajoPutumayo,15414.34,13906.2
2026-01-27,20,PT1H,MC-BajoPutumayo,15183.75,13478.9
2026-01-27,21,PT1H,MC-BajoPutumayo,14194.35,12734.6
2026-01-27,22,PT1H,MC-BajoPutumayo,12526.81,11736.5
2026-01-27,23,PT1H,MC-BajoPutumayo,10739.57,10479.8
2026-01-27,24,PT1H,MC-BajoPutumayo,9362.58,9172.0
2023-05-04,1,PT1H,MC-BajoPutumayo,7591.58,7618.46
2023-05-04,2,PT1H,MC-BajoPutumayo,7197.17,7049.23
2023-05-04,3,PT1H,MC-BajoPutumayo,6984.06,6903.32
2023-05-04,4,PT1H,MC-BajoPutumayo,6874.48,6667.21
2023-05-04,5,PT1H,MC-BajoPutumayo,6923.5,6569.81
2023-05-04,6,PT1H,MC-BajoPutumayo,7541.07,7138.24
2023-05-04,7,PT1H,MC-BajoPutumayo,8143.19,7822.6
2023-05-04,8,PT1H,MC-BajoPutumayo,8688.19,8534.08
2023-05-04,9,PT1H,MC-BajoPutumayo,9760.35,9425.64
2023-05-04,10,PT1H,MC-BajoPutumayo,10449.05,10239.82
2023-05-04,11,PT1H,MC-BajoPutumayo,11378.5,10835.8
2023-05-04,12,PT1H,MC-BajoPutumayo,11894.0,11241.3
2023-05-04,13,PT1H,MC-BajoPutumayo,11293.06,10914.29
2023-05-04,14,PT1H,MC-BajoPutumayo,8535.02,11227.62
2023-05-04,15,PT1H,MC-BajoPutumayo,6566.5,11495.7
2023-05-04,16,PT1H,MC-BajoPutumayo,6322.88,11532.95
2023-05-04,17,PT1H,MC-BajoPutumayo,7481.28,11469.22
2023-05-04,18,PT1H,MC-BajoPutumayo,10326.45,11432.33
2023-05-04,19,PT1H,MC-BajoPutumayo,11938.34,12599.34
2023-05-04,20,PT1H,MC-BajoPutumayo,12340.15,12988.08
2023-05-04,21,PT1H,MC-BajoPutumayo,11452.18,12357.46
2023-05-04,22,PT1H,MC-BajoPutumayo,10226.58,10906.19
2023-05-04,23,PT1H,MC-BajoPutumayo,8588.22,9726.93
2023-05-04,24,PT1H,MC-BajoPutumayo,7482.09,8414.41
2022-03-04,1,PT1H,MC-BajoPutumayo,7287.53,6821.29
2022-03-04,2,PT1H,MC-BajoPutumayo,6785.04,6386.76
2022-03-04,3,PT1H,MC-BajoPutumayo,6734.07,6172.12
2022-03-04,4,PT1H,MC-BajoPutumayo,6410.14,5977.61
2022-03-04,5,PT1H,MC-BajoPutumayo,6386.43,6032.15
2022-03-04,6,PT1H,MC-BajoPutumayo,7114.92,6542.78
2022-03-04,7,PT1H,MC-BajoPutumayo,8114.38,7063.54
2022-03-04,8,PT1H,MC-BajoPutumayo,8701.05,7649.68
2022-03-04,9,PT1H,MC-BajoPutumayo,9525.06,8575.74
2022-03-04,10,PT1H,MC-BajoPutumayo,10026.32,9232.52
2022-03-04,11,PT1H,MC-BajoPutumayo,10773.61,9859.98
2022-03-04,12,PT1H,MC-BajoPutumayo,11399.01,10236.54
2022-03-04,13,PT1H,MC-BajoPutumayo,11236.46,10014.21
2022-03-04,14,PT1H,MC-BajoPutumayo,11576.23,10190.24
2022-03-04,15,PT1H,MC-BajoPutumayo,12462.13,10797.65
2022-03-04,16,PT1H,MC-BajoPutumayo,12631.66,11045.13
2022-03-04,17,PT1H,MC-BajoPutumayo,12457.61,10973.8
2022-03-04,18,PT1H,MC-BajoPutumayo,12081.92,10918.07
2022-03-04,19,PT1H,MC-BajoPutumayo,12819.26,11575.47
2022-03-04,20,PT1H,MC-BajoPutumayo,13444.43,12016.71
2022-03-04,21,PT1H,MC-BajoPutumayo,12780.51,11271.82
2022-03-04,22,PT1H,MC-BajoPutumayo,11772.21,10290.11
2022-03-04,23,PT1H,MC-BajoPutumayo,10296.54,8946.85
2022-03-04,24,PT1H,MC-BajoPutumayo,8754.74,7643.41
2025-02-17,1,PT1H,MC-BajoPutumayo,9082.08,9213.6
2025-02-17,2,PT1H,MC-BajoPutumayo,8489.91,8646.3
2025-02-17,3,PT1H,MC-BajoPutumayo,8102.56,8313.7
2025-02-17,4,PT1H,MC-BajoPutumayo,7892.71,8133.6
2025-02-17,5,PT1H,MC-BajoPutumayo,7865.39,8139.3
2025-02-17,6,PT1H,MC-BajoPutumayo,8442.56,8595.5
2025-02-17,7,PT1H,MC-BajoPutumayo,9079.34,9040.7
2025-02-17,8,PT1H,MC-BajoPutumayo,9695.02,10103.7
2025-02-17,9,PT1H,MC-BajoPutumayo,11020.34,11695.9
2025-02-17,10,PT1H,MC-BajoPutumayo,11621.87,12810.9
2025-02-17,11,PT1H,MC-BajoPutumayo,12397.67,13754.2
2025-02-17,12,PT1H,MC-BajoPutumayo,13074.2,14438.1
2025-02-17,13,PT1H,MC-BajoPutumayo,12930.32,14024.7
2025-02-17,14,PT1H,MC-BajoPutumayo,13341.52,14234.3
2025-02-17,15,PT1H,MC-BajoPutumayo,14332.15,14915.7
2025-02-17,16,PT1H,MC-BajoPutumayo,14441.3,14815.3
2025-02-17,17,PT1H,MC-BajoPutumayo,14209.04,14904.7
2025-02-17,18,PT1H,MC-BajoPutumayo,13836.03,14600.2
2025-02-17,19,PT1H,MC-BajoPutumayo,14424.06,15158.7
2025-02-17,20,PT1H,MC-BajoPutumayo,15214.11,15809.5
2025-02-17,21,PT1H,MC-BajoPutumayo,14485.0,14961.9
2025-02-17,22,PT1H,MC-BajoPutumayo,13287.43,13687.6
2025-02-17,23,PT1H,MC-BajoPutumayo,11509.63,11971.7
2025-02-17,24,PT1H,MC-BajoPutumayo,10016.27,10410.1
2022-03-28,1,PT1H,MC-BajoPutumayo,5870.99,6160.12
2022-03-28,2,PT1H,MC-BajoPutumayo,5853.85,5812.22
2022-03-28,3,PT1H,MC-BajoPutumayo,5620.54,5609.49
2022-03-28,4,PT1H,MC-BajoPutumayo,5500.12,5474.44
2022-03-28,5,PT1H,MC-BajoPutumayo,5545.02,5439.53
2022-03-28,6,PT1H,MC-BajoPutumayo,6271.06,5992.92
2022-03-28,7,PT1H,MC-BajoPutumayo,7215.16,6663.21
2022-03-28,8,PT1H,MC-BajoPutumayo,7789.36,7141.54
2022-03-28,9,PT1H,MC-BajoPutumayo,8699.08,8083.71
2022-03-28,10,PT1H,MC-BajoPutumayo,9355.59,8844.76
2022-03-28,11,PT1H,MC-BajoPutumayo,10063.37,9722.6
2022-03-28,12,PT1H,MC-BajoPutumayo,10559.28,10378.51
2022-03-28,13,PT1H,MC-BajoPutumayo,10163.41,10273.8
2022-03-28,14,PT1H,MC-BajoPutumayo,10463.83,10544.34
2022-03-28,15,PT1H,MC-BajoPutumayo,11304.1,11148.73
2022-03-28,16,PT1H,MC-BajoPutumayo,11342.08,11236.07
2022-03-28,17,PT1H,MC-BajoPutumayo,11214.48,11047.89
2022-03-28,18,PT1H,MC-BajoPutumayo,11088.58,10798.12
2022-03-28,19,PT1H,MC-BajoPutumayo,12146.19,11547.92
2022-03-28,20,PT1H,MC-BajoPutumayo,12545.59,12143.0
2022-03-28,21,PT1H,MC-BajoPutumayo,11659.8,11482.79
2022-03-28,22,PT1H,MC-BajoPutumayo,10548.29,10411.45
2022-03-28,23,PT1H,MC-BajoPutumayo,8938.59,8826.18
2022-03-28,24,PT1H,MC-BajoPutumayo,7565.43,7377.73
2024-12-08,1,PT1H,MC-BajoPutumayo,8468.04,8883.5
2024-12-08,2,PT1H,MC-BajoPutumayo,7907.79,8370.5
2024-12-08,3,PT1H,MC-BajoPutumayo,7620.57,7850.6
2024-12-08,4,PT1H,MC-BajoPutumayo,7449.43,7734.7
2024-12-08,5,PT1H,MC-BajoPutumayo,7334.45,7769.8
2024-12-08,6,PT1H,MC-BajoPutumayo,7453.68,7966.0
2024-12-08,7,PT1H,MC-BajoPutumayo,8063.09,8496.4
2024-12-08,8,PT1H,MC-BajoPutumayo,9044.06,9702.6
2024-12-08,9,PT1H,MC-BajoPutumayo,9884.85,10903.1
2024-12-08,10,PT1H,MC-BajoPutumayo,11221.78,11557.5
2024-12-08,11,PT1H,MC-BajoPutumayo,12394.46,12053.7
2024-12-08,12,PT1H,MC-BajoPutumayo,10931.1,12548.7
2024-12-08,13,PT1H,MC-BajoPutumayo,11918.29,12518.6
2024-12-08,14,PT1H,MC-BajoPutumayo,12047.42,12793.9
2024-12-08,15,PT1H,MC-BajoPutumayo,12383.89,12818.1
2024-12-08,16,PT1H,MC-BajoPutumayo,12314.2,12487.2
2024-12-08,17,PT1H,MC-BajoPutumayo,12319.68,12743.0
2024-12-08,18,PT1H,MC-BajoPutumayo,12718.42,13441.4
2024-12-08,19,PT1H,MC-BajoPutumayo,13892.68,14559.2
2024-12-08,20,PT1H,MC-BajoPutumayo,11843.62,14241.9
2024-12-08,21,PT1H,MC-BajoPutumayo,12358.51,13500.3
2024-12-08,22,PT1H,MC-BajoPutumayo,11538.96,12101.9
2024-12-08,23,PT1H,MC-BajoPutumayo,10462.76,10715.3
2024-12-08,24,PT1H,MC-BajoPutumayo,9054.67,9596.7
2025-01-07,1,PT1H,MC-BajoPutumayo,7251.29,8354.9
2025-01-07,2,PT1H,MC-BajoPutumayo,5663.18,7904.6
2025-01-07,3,PT1H,MC-BajoPutumayo,5798.98,7412.6
2025-01-07,4,PT1H,MC-BajoPutumayo,4929.64,7359.1
2025-01-07,5,PT1H,MC-BajoPutumayo,5010.58,7584.6
2025-01-07,6,PT1H,MC-BajoPutumayo,4959.37,7888.3
2025-01-07,7,PT1H,MC-BajoPutumayo,5009.85,8127.4
2025-01-07,8,PT1H,MC-BajoPutumayo,5661.58,9123.9
2025-01-07,9,PT1H,MC-BajoPutumayo,6654.66,10485.1
2025-01-07,10,PT1H,MC-BajoPutumayo,11414.88,11205.7
2025-01-07,11,PT1H,MC-BajoPutumayo,12979.88,11657.2
2025-01-07,12,PT1H,MC-BajoPutumayo,13352.65,12097.9
2025-01-07,13,PT1H,MC-BajoPutumayo,12988.21,11992.3
2025-01-07,14,PT1H,MC-BajoPutumayo,12899.76,12046.7
2025-01-07,15,PT1H,MC-BajoPutumayo,13317.37,12265.2
2025-01-07,16,PT1H,MC-BajoPutumayo,12850.56,12491.2
2025-01-07,17,PT1H,MC-BajoPutumayo,12381.34,12424.7
2025-01-07,18,PT1H,MC-BajoPutumayo,12031.04,12627.8
2025-01-07,19,PT1H,MC-BajoPutumayo,12998.11,13844.4
2025-01-07,20,PT1H,MC-BajoPutumayo,13263.05,13852.0
2025-01-07,21,PT1H,MC-BajoPutumayo,12552.42,13000.9
2025-01-07,22,PT1H,MC-BajoPutumayo,11564.1,11732.8
2025-01-07,23,PT1H,MC-BajoPutumayo,10221.41,10277.0
2025-01-07,24,PT1H,MC-BajoPutumayo,9152.11,9200.0
2024-10-01,1,PT1H,MC-BajoPutumayo,7693.89,7554.1
2024-10-01,2,PT1H,MC-BajoPutumayo,7348.25,7122.4
2024-10-01,3,PT1H,MC-BajoPutumayo,7119.95,6915.3
2024-10-01,4,PT1H,MC-BajoPutumayo,7074.73,6841.1
2024-10-01,5,PT1H,MC-BajoPutumayo,7422.32,6996.5
2024-10-01,6,PT1H,MC-BajoPutumayo,8070.36,7714.3
2024-10-01,7,PT1H,MC-BajoPutumayo,8629.63,8178.8
2024-10-01,8,PT1H,MC-BajoPutumayo,9810.18,9035.9
2024-10-01,9,PT1H,MC-BajoPutumayo,11344.37,9971.7
2024-10-01,10,PT1H,MC-BajoPutumayo,12048.09,10957.8
2024-10-01,11,PT1H,MC-BajoPutumayo,12945.33,11732.0
2024-10-01,12,PT1H,MC-BajoPutumayo,13533.1,12322.6
2024-10-01,13,PT1H,MC-BajoPutumayo,12982.05,12095.0
2024-10-01,14,PT1H,MC-BajoPutumayo,14036.34,12802.0
2024-10-01,15,PT1H,MC-BajoPutumayo,14724.04,13678.0
2024-10-01,16,PT1H,MC-BajoPutumayo,14606.82,13796.4
2024-10-01,17,PT1H,MC-BajoPutumayo,14162.26,13643.9
2024-10-01,18,PT1H,MC-BajoPutumayo,14304.43,13568.3
2024-10-01,19,PT1H,MC-BajoPutumayo,15723.54,14983.0
2024-10-01,20,PT1H,MC-BajoPutumayo,15232.94,14523.9
2024-10-01,21,PT1H,MC-BajoPutumayo,14281.96,13507.1
2024-10-01,22,PT1H,MC-BajoPutumayo,12789.48,11970.3
2024-10-01,23,PT1H,MC-BajoPutumayo,10908.41,10200.1
2024-10-01,24,PT1H,MC-BajoPutumayo,9610.96,8793.7
2025-01-11,1,PT1H,MC-BajoPutumayo,9058.77,8849.9
2025-01-11,2,PT1H,MC-BajoPutumayo,8452.28,8177.6
2025-01-11,3,PT1H,MC-BajoPutumayo,8145.47,7759.3
2025-01-11,4,PT1H,MC-BajoPutumayo,7922.9,7629.2
2025-01-11,5,PT1H,MC-BajoPutumayo,7943.28,7822.7
2025-01-11,6,PT1H,MC-BajoPutumayo,8106.04,8005.5
2025-01-11,7,PT1H,MC-BajoPutumayo,8235.37,8382.8
2025-01-11,8,PT1H,MC-BajoPutumayo,9160.77,9385.6
2025-01-11,9,PT1H,MC-BajoPutumayo,10521.06,10663.1
2025-01-11,10,PT1H,MC-BajoPutumayo,11859.54,11522.3
2025-01-11,11,PT1H,MC-BajoPutumayo,12962.14,12173.1
2025-01-11,12,PT1H,MC-BajoPutumayo,13488.7,12585.3
2025-01-11,13,PT1H,MC-BajoPutumayo,13368.65,12439.3
2025-01-11,14,PT1H,MC-BajoPutumayo,13323.83,12452.9
2025-01-11,15,PT1H,MC-BajoPutumayo,13616.52,12612.4
2025-01-11,16,PT1H,MC-BajoPutumayo,13710.21,12090.4
2025-01-11,17,PT1H,MC-BajoPutumayo,13466.85,12055.3
2025-01-11,18,PT1H,MC-BajoPutumayo,13361.99,12425.4
2025-01-11,19,PT1H,MC-BajoPutumayo,14511.27,13631.5
2025-01-11,20,PT1H,MC-BajoPutumayo,14992.48,13767.0
2025-01-11,21,PT1H,MC-BajoPutumayo,14136.89,13154.4
2025-01-11,22,PT1H,MC-BajoPutumayo,13137.23,12077.7
2025-01-11,23,PT1H,MC-BajoPutumayo,11713.61,10823.1
2025-01-11,24,PT1H,MC-BajoPutumayo,10434.31,9763.1
2023-07-16,1,PT1H,MC-BajoPutumayo,8152.11,7562.9
2023-07-16,2,PT1H,MC-BajoPutumayo,7614.61,7040.26
2023-07-16,3,PT1H,MC-BajoPutumayo,7274.31,6701.35
2023-07-16,4,PT1H,MC-BajoPutumayo,7049.51,6505.47
2023-07-16,5,PT1H,MC-BajoPutumayo,6864.6,6449.32
2023-07-16,6,PT1H,MC-BajoPutumayo,6862.68,6401.63
2023-07-16,7,PT1H,MC-BajoPutumayo,7004.97,6838.38
2023-07-16,8,PT1H,MC-BajoPutumayo,7903.31,7794.09
2023-07-16,9,PT1H,MC-BajoPutumayo,9029.78,8938.67
2023-07-16,10,PT1H,MC-BajoPutumayo,10054.37,9690.52
2023-07-16,11,PT1H,MC-BajoPutumayo,10267.19,10283.04
2023-07-16,12,PT1H,MC-BajoPutumayo,10917.02,10791.47
2023-07-16,13,PT1H,MC-BajoPutumayo,11334.94,11196.34
2023-07-16,14,PT1H,MC-BajoPutumayo,11249.53,11254.54
2023-07-16,15,PT1H,MC-BajoPutumayo,10836.99,11077.06
2023-07-16,16,PT1H,MC-BajoPutumayo,10207.88,10965.98
2023-07-16,17,PT1H,MC-BajoPutumayo,10080.15,11093.49
2023-07-16,18,PT1H,MC-BajoPutumayo,10011.25,11284.79
2023-07-16,19,PT1H,MC-BajoPutumayo,10944.78,12221.05
2023-07-16,20,PT1H,MC-BajoPutumayo,11519.82,12634.97
2023-07-16,21,PT1H,MC-BajoPutumayo,10990.94,12038.76
2023-07-16,22,PT1H,MC-BajoPutumayo,10127.3,11145.24
2023-07-16,23,PT1H,MC-BajoPutumayo,8830.43,9777.8
2023-07-16,24,PT1H,MC-BajoPutumayo,7769.05,8527.65
2024-09-05,1,PT1H,MC-BajoPutumayo,8902.78,8151.8
2024-09-05,2,PT1H,MC-BajoPutumayo,8405.16,7622.2
2024-09-05,3,PT1H,MC-BajoPutumayo,8153.17,7391.6
2024-09-05,4,PT1H,MC-BajoPutumayo,7930.47,7215.8
2024-09-05,5,PT1H,MC-BajoPutumayo,8019.84,7346.5
2024-09-05,6,PT1H,MC-BajoPutumayo,7429.75,5722.2
2024-09-05,7,PT1H,MC-BajoPutumayo,9269.45,8773.2
2024-09-05,8,PT1H,MC-BajoPutumayo,9734.97,9666.8
2024-09-05,9,PT1H,MC-BajoPutumayo,7966.02,10652.4
2024-09-05,10,PT1H,MC-BajoPutumayo,7404.77,11632.7
2024-09-05,11,PT1H,MC-BajoPutumayo,9941.88,12497.7
2024-09-05,12,PT1H,MC-BajoPutumayo,9739.66,12811.1
2024-09-05,13,PT1H,MC-BajoPutumayo,9592.4,12655.3
2024-09-05,14,PT1H,MC-BajoPutumayo,10399.92,13009.0
2024-09-05,15,PT1H,MC-BajoPutumayo,11367.81,13874.8
2024-09-05,16,PT1H,MC-BajoPutumayo,11735.07,13666.1
2024-09-05,17,PT1H,MC-BajoPutumayo,11854.22,13516.5
2024-09-05,18,PT1H,MC-BajoPutumayo,12255.46,13591.7
2024-09-05,19,PT1H,MC-BajoPutumayo,13571.52,14868.8
2024-09-05,20,PT1H,MC-BajoPutumayo,13340.56,14863.2
2024-09-05,21,PT1H,MC-BajoPutumayo,12280.06,14006.6
2024-09-05,22,PT1H,MC-BajoPutumayo,10718.29,12539.4
2024-09-05,23,PT1H,MC-BajoPutumayo,9077.75,10597.3
2024-09-05,24,PT1H,MC-BajoPutumayo,7783.08,9210.5
2022-04-05,1,PT1H,MC-BajoPutumayo,6467.23,7187.29
2022-04-05,2,PT1H,MC-BajoPutumayo,6148.98,6767.47
2022-04-05,3,PT1H,MC-BajoPutumayo,5952.25,6527.8
2022-04-05,4,PT1H,MC-BajoPutumayo,6014.66,6446.05
2022-04-05,5,PT1H,MC-BajoPutumayo,5998.5,6537.0
2022-04-05,6,PT1H,MC-BajoPutumayo,6694.99,7212.4
2022-04-05,7,PT1H,MC-BajoPutumayo,7532.27,8073.95
2022-04-05,8,PT1H,MC-BajoPutumayo,7955.02,8790.08
2022-04-05,9,PT1H,MC-BajoPutumayo,8813.61,9431.6
2022-04-05,10,PT1H,MC-BajoPutumayo,9692.8,10130.66
2022-04-05,11,PT1H,MC-BajoPutumayo,10620.62,10527.54
2022-04-05,12,PT1H,MC-BajoPutumayo,11789.41,10703.16
2022-04-05,13,PT1H,MC-BajoPutumayo,11342.23,10143.44
2022-04-05,14,PT1H,MC-BajoPutumayo,11602.55,10159.22
2022-04-05,15,PT1H,MC-BajoPutumayo,12263.13,10601.75
2022-04-05,16,PT1H,MC-BajoPutumayo,11801.28,10869.14
2022-04-05,17,PT1H,MC-BajoPutumayo,12391.34,10906.36
2022-04-05,18,PT1H,MC-BajoPutumayo,12004.79,10855.51
2022-04-05,19,PT1H,MC-BajoPutumayo,13228.95,12144.8
2022-04-05,20,PT1H,MC-BajoPutumayo,13272.79,12799.24
2022-04-05,21,PT1H,MC-BajoPutumayo,12422.59,12046.56
2022-04-05,22,PT1H,MC-BajoPutumayo,10801.2,10665.12
2022-04-05,23,PT1H,MC-BajoPutumayo,8952.56,9055.92
2022-04-05,24,PT1H,MC-BajoPutumayo,7555.38,7580.84
2025-12-16,1,PT1H,MC-BajoPutumayo,10175.06,9621.0
2025-12-16,2,PT1H,MC-BajoPutumayo,9583.41,8961.9
2025-12-16,3,PT1H,MC-BajoPutumayo,9200.04,8743.3
2025-12-16,4,PT1H,MC-BajoPutumayo,9050.14,8619.1
2025-12-16,5,PT1H,MC-BajoPutumayo,9152.26,8672.1
2025-12-16,6,PT1H,MC-BajoPutumayo,9285.65,9139.1
2025-12-16,7,PT1H,MC-BajoPutumayo,9800.96,10164.1
2025-12-16,8,PT1H,MC-BajoPutumayo,11393.85,11265.3
2025-12-16,9,PT1H,MC-BajoPutumayo,13111.09,12660.9
2025-12-16,10,PT1H,MC-BajoPutumayo,14252.32,13285.9
2025-12-16,11,PT1H,MC-BajoPutumayo,15268.32,13961.8
2025-12-16,12,PT1H,MC-BajoPutumayo,15610.0,14301.3
2025-12-16,13,PT1H,MC-BajoPutumayo,15213.4,13719.6
2025-12-16,14,PT1H,MC-BajoPutumayo,15744.75,14192.9
2025-12-16,15,PT1H,MC-BajoPutumayo,16538.45,15111.9
2025-12-16,16,PT1H,MC-BajoPutumayo,16525.86,15315.3
2025-12-16,17,PT1H,MC-BajoPutumayo,16285.33,15012.2
2025-12-16,18,PT1H,MC-BajoPutumayo,16170.54,15378.6
2025-12-16,19,PT1H,MC-BajoPutumayo,17677.21,16885.6
2025-12-16,20,PT1H,MC-BajoPutumayo,17145.2,16680.8
2025-12-16,21,PT1H,MC-BajoPutumayo,16229.41,15808.4
2025-12-16,22,PT1H,MC-BajoPutumayo,14704.53,14567.3
2025-12-16,23,PT1H,MC-BajoPutumayo,13098.21,12648.3
2025-12-16,24,PT1H,MC-BajoPutumayo,11629.8,10648.7
2025-09-10,1,PT1H,MC-BajoPutumayo,8170.44,8155.9
2025-09-10,2,PT1H,MC-BajoPutumayo,7828.43,7735.0
2025-09-10,3,PT1H,MC-BajoPutumayo,7549.97,7489.1
2025-09-10,4,PT1H,MC-BajoPutumayo,7421.06,7419.7
2025-09-10,5,PT1H,MC-BajoPutumayo,7539.44,7430.7
2025-09-10,6,PT1H,MC-BajoPutumayo,8257.25,8128.0
2025-09-10,7,PT1H,MC-BajoPutumayo,8935.31,8985.7
2025-09-10,8,PT1H,MC-BajoPutumayo,9694.78,9430.2
2025-09-10,9,PT1H,MC-BajoPutumayo,10741.39,10590.2
2025-09-10,10,PT1H,MC-BajoPutumayo,11289.48,11708.0
2025-09-10,11,PT1H,MC-BajoPutumayo,12055.9,12573.6
2025-09-10,12,PT1H,MC-BajoPutumayo,12682.98,13084.2
2025-09-10,13,PT1H,MC-BajoPutumayo,12349.08,12459.0
2025-09-10,14,PT1H,MC-BajoPutumayo,12522.25,12399.0
2025-09-10,15,PT1H,MC-BajoPutumayo,13317.13,12969.2
2025-09-10,16,PT1H,MC-BajoPutumayo,13271.97,13121.5
2025-09-10,17,PT1H,MC-BajoPutumayo,13215.8,13221.7
2025-09-10,18,PT1H,MC-BajoPutumayo,13047.71,13225.1
2025-09-10,19,PT1H,MC-BajoPutumayo,14593.12,14353.8
2025-09-10,20,PT1H,MC-BajoPutumayo,14761.16,14502.4
2025-09-10,21,PT1H,MC-BajoPutumayo,13387.91,13531.8
2025-09-10,22,PT1H,MC-BajoPutumayo,11726.32,11847.9
2025-09-10,23,PT1H,MC-BajoPutumayo,9652.59,10012.0
2025-09-10,24,PT1H,MC-BajoPutumayo,8449.6,8647.7
2023-05-23,1,PT1H,MC-BajoPutumayo,8170.68,7492.28
2023-05-23,2,PT1H,MC-BajoPutumayo,7657.83,6935.26
2023-05-23,3,PT1H,MC-BajoPutumayo,7107.84,6713.09
2023-05-23,4,PT1H,MC-BajoPutumayo,6420.44,6618.94
2023-05-23,5,PT1H,MC-BajoPutumayo,6227.77,6535.82
2023-05-23,6,PT1H,MC-BajoPutumayo,6531.09,6888.57
2023-05-23,7,PT1H,MC-BajoPutumayo,7926.56,7488.46
2023-05-23,8,PT1H,MC-BajoPutumayo,8707.77,8311.88
2023-05-23,9,PT1H,MC-BajoPutumayo,9668.2,9193.07
2023-05-23,10,PT1H,MC-BajoPutumayo,10096.1,9987.38
2023-05-23,11,PT1H,MC-BajoPutumayo,10396.39,10563.46
2023-05-23,12,PT1H,MC-BajoPutumayo,10607.8,10972.03
2023-05-23,13,PT1H,MC-BajoPutumayo,10037.65,10650.26
2023-05-23,14,PT1H,MC-BajoPutumayo,9748.77,10629.33
2023-05-23,15,PT1H,MC-BajoPutumayo,10126.87,11188.5
2023-05-23,16,PT1H,MC-BajoPutumayo,10655.46,11407.81
2023-05-23,17,PT1H,MC-BajoPutumayo,11028.93,11224.83
2023-05-23,18,PT1H,MC-BajoPutumayo,11002.06,10969.97
2023-05-23,19,PT1H,MC-BajoPutumayo,12293.91,12023.92
2023-05-23,20,PT1H,MC-BajoPutumayo,12566.53,12773.73
2023-05-23,21,PT1H,MC-BajoPutumayo,11809.42,12201.67
2023-05-23,22,PT1H,MC-BajoPutumayo,10537.97,10776.61
2023-05-23,23,PT1H,MC-BajoPutumayo,8940.96,9233.48
2023-05-23,24,PT1H,MC-BajoPutumayo,7783.8,8018.0
2024-06-16,1,PT1H,MC-BajoPutumayo,7962.37,7694.5
2024-06-16,2,PT1H,MC-BajoPutumayo,7395.76,7223.0
2024-06-16,3,PT1H,MC-BajoPutumayo,7004.24,6891.3
2024-06-16,4,PT1H,MC-BajoPutumayo,6807.72,6681.0
2024-06-16,5,PT1H,MC-BajoPutumayo,6705.66,6577.2
2024-06-16,6,PT1H,MC-BajoPutumayo,6728.06,6593.9
2024-06-16,7,PT1H,MC-BajoPutumayo,6883.41,6944.5
2024-06-16,8,PT1H,MC-BajoPutumayo,7839.4,7925.5
2024-06-16,9,PT1H,MC-BajoPutumayo,8966.78,8902.6
2024-06-16,10,PT1H,MC-BajoPutumayo,9577.52,9584.3
2024-06-16,11,PT1H,MC-BajoPutumayo,10013.02,10156.6
2024-06-16,12,PT1H,MC-BajoPutumayo,10527.74,10708.4
2024-06-16,13,PT1H,MC-BajoPutumayo,10581.25,10985.9
2024-06-16,14,PT1H,MC-BajoPutumayo,10340.37,11063.6
2024-06-16,15,PT1H,MC-BajoPutumayo,10176.88,11201.8
2024-06-16,16,PT1H,MC-BajoPutumayo,10250.92,11462.8
2024-06-16,17,PT1H,MC-BajoPutumayo,10317.52,11273.1
2024-06-16,18,PT1H,MC-BajoPutumayo,10503.69,11118.4
2024-06-16,19,PT1H,MC-BajoPutumayo,11636.34,12490.0
2024-06-16,20,PT1H,MC-BajoPutumayo,11870.35,12877.0
2024-06-16,21,PT1H,MC-BajoPutumayo,11247.47,12274.4
2024-06-16,22,PT1H,MC-BajoPutumayo,10461.24,11328.0
2024-06-16,23,PT1H,MC-BajoPutumayo,9180.37,9907.4
2024-06-16,24,PT1H,MC-BajoPutumayo,8122.04,8671.0
2026-01-05,10,PT1H,MC-BajoPutumayo,11498.06,10418.6
2026-01-05,11,PT1H,MC-BajoPutumayo,12907.98,11351.0
2026-01-05,12,PT1H,MC-BajoPutumayo,13421.55,11715.0
2026-01-05,13,PT1H,MC-BajoPutumayo,13456.91,12021.8
2026-01-05,14,PT1H,MC-BajoPutumayo,12914.73,11875.9
2026-01-05,15,PT1H,MC-BajoPutumayo,13079.29,12055.4
2026-01-05,16,PT1H,MC-BajoPutumayo,12941.38,11986.4
2026-01-05,17,PT1H,MC-BajoPutumayo,12751.46,11865.0
2026-01-05,18,PT1H,MC-BajoPutumayo,14490.41,12056.2
2026-01-05,19,PT1H,MC-BajoPutumayo,14378.75,13411.5
2026-01-05,20,PT1H,MC-BajoPutumayo,14098.09,13416.0
2026-01-05,21,PT1H,MC-BajoPutumayo,13441.17,12832.2
2026-01-05,22,PT1H,MC-BajoPutumayo,12578.27,11700.6
2026-01-05,23,PT1H,MC-BajoPutumayo,11124.18,10550.4
2026-01-05,24,PT1H,MC-BajoPutumayo,9934.73,9090.5
2026-01-05,1,PT1H,MC-BajoPutumayo,10031.11,8256.1
2026-01-05,2,PT1H,MC-BajoPutumayo,8872.57,7681.1
2026-01-05,3,PT1H,MC-BajoPutumayo,8662.03,7432.2
2026-01-05,4,PT1H,MC-BajoPutumayo,8456.82,7250.2
2026-01-05,5,PT1H,MC-BajoPutumayo,8246.69,7154.6
2026-01-05,6,PT1H,MC-BajoPutumayo,8294.41,7095.8
2026-01-05,7,PT1H,MC-BajoPutumayo,8738.86,7646.2
2026-01-05,8,PT1H,MC-BajoPutumayo,9898.63,8501.0
2026-01-05,9,PT1H,MC-BajoPutumayo,11193.1,9717.8
2024-10-07,1,PT1H,MC-BajoPutumayo,8238.35,8514.1
2024-10-07,2,PT1H,MC-BajoPutumayo,7785.32,8027.7
2024-10-07,3,PT1H,MC-BajoPutumayo,7462.25,7701.1
2024-10-07,4,PT1H,MC-BajoPutumayo,7344.58,7396.2
2024-10-07,5,PT1H,MC-BajoPutumayo,7658.35,7573.8
2024-10-07,6,PT1H,MC-BajoPutumayo,7589.02,8239.1
2024-10-07,7,PT1H,MC-BajoPutumayo,8488.36,8726.5
2024-10-07,8,PT1H,MC-BajoPutumayo,10236.86,9283.8
2024-10-07,9,PT1H,MC-BajoPutumayo,11793.84,10265.7
2024-10-07,10,PT1H,MC-BajoPutumayo,12846.43,10774.0
2024-10-07,11,PT1H,MC-BajoPutumayo,14012.52,11092.5
2024-10-07,12,PT1H,MC-BajoPutumayo,14127.7,11291.8
2024-10-07,13,PT1H,MC-BajoPutumayo,13849.81,11278.7
2024-10-07,14,PT1H,MC-BajoPutumayo,14442.59,11928.4
2024-10-07,15,PT1H,MC-BajoPutumayo,15124.44,12944.4
2024-10-07,16,PT1H,MC-BajoPutumayo,15161.78,13120.5
2024-10-07,17,PT1H,MC-BajoPutumayo,14836.1,12921.4
2024-10-07,18,PT1H,MC-BajoPutumayo,14991.91,12840.9
2024-10-07,19,PT1H,MC-BajoPutumayo,16019.31,14435.1
2024-10-07,20,PT1H,MC-BajoPutumayo,15199.91,14069.0
2024-10-07,21,PT1H,MC-BajoPutumayo,13811.43,12852.7
2024-10-07,22,PT1H,MC-BajoPutumayo,10621.6,11489.0
2024-10-07,23,PT1H,MC-BajoPutumayo,9581.62,9611.1
2024-10-07,24,PT1H,MC-BajoPutumayo,8465.56,8450.9
2022-09-24,1,PT1H,MC-BajoPutumayo,8889.58,7599.99
2022-09-24,2,PT1H,MC-BajoPutumayo,8260.43,7458.38
2022-09-24,3,PT1H,MC-BajoPutumayo,7526.0,7334.92
2022-09-24,4,PT1H,MC-BajoPutumayo,5997.95,7137.11
2022-09-24,5,PT1H,MC-BajoPutumayo,6280.03,6939.29
2022-09-24,6,PT1H,MC-BajoPutumayo,6224.48,6985.68
2022-09-24,7,PT1H,MC-BajoPutumayo,6286.21,7453.96
2022-09-24,8,PT1H,MC-BajoPutumayo,7498.33,8652.39
2022-09-24,9,PT1H,MC-BajoPutumayo,9689.37,9245.6
2022-09-24,10,PT1H,MC-BajoPutumayo,10357.95,10664.18
2022-09-24,11,PT1H,MC-BajoPutumayo,10918.03,11561.72
2022-09-24,12,PT1H,MC-BajoPutumayo,11222.14,11891.33
2022-09-24,13,PT1H,MC-BajoPutumayo,11117.19,11719.78
2022-09-24,14,PT1H,MC-BajoPutumayo,10747.84,11523.44
2022-09-24,15,PT1H,MC-BajoPutumayo,10743.75,11657.93
2022-09-24,16,PT1H,MC-BajoPutumayo,10881.56,11547.24
2022-09-24,17,PT1H,MC-BajoPutumayo,10953.35,12010.61
2022-09-24,18,PT1H,MC-BajoPutumayo,11175.81,12279.36
2022-09-24,19,PT1H,MC-BajoPutumayo,12691.16,13380.36
2022-09-24,20,PT1H,MC-BajoPutumayo,12815.72,13763.48
2022-09-24,21,PT1H,MC-BajoPutumayo,12033.41,12879.19
2022-09-24,22,PT1H,MC-BajoPutumayo,10906.07,11751.19
2022-09-24,23,PT1H,MC-BajoPutumayo,9591.32,10399.61
2022-09-24,24,PT1H,MC-BajoPutumayo,8555.54,9219.83
2022-02-14,1,PT1H,MC-BajoPutumayo,7748.95,7210.61
2022-02-14,2,PT1H,MC-BajoPutumayo,7230.04,6753.48
2022-02-14,3,PT1H,MC-BajoPutumayo,6972.23,6489.0
2022-02-14,4,PT1H,MC-BajoPutumayo,6816.9,6241.86
2022-02-14,5,PT1H,MC-BajoPutumayo,6808.11,6328.55
2022-02-14,6,PT1H,MC-BajoPutumayo,7261.0,6728.16
2022-02-14,7,PT1H,MC-BajoPutumayo,8206.54,7094.33
2022-02-14,8,PT1H,MC-BajoPutumayo,8476.22,7794.05
2022-02-14,9,PT1H,MC-BajoPutumayo,9584.4,8574.21
2022-02-14,10,PT1H,MC-BajoPutumayo,10170.38,9396.18
2022-02-14,11,PT1H,MC-BajoPutumayo,10511.59,9820.02
2022-02-14,12,PT1H,MC-BajoPutumayo,10366.65,10152.34
2022-02-14,13,PT1H,MC-BajoPutumayo,9674.2,10314.36
2022-02-14,14,PT1H,MC-BajoPutumayo,9527.9,10562.69
2022-02-14,15,PT1H,MC-BajoPutumayo,9815.77,10776.41
2022-02-14,16,PT1H,MC-BajoPutumayo,10037.54,11015.88
2022-02-14,17,PT1H,MC-BajoPutumayo,10217.08,10789.11
2022-02-14,18,PT1H,MC-BajoPutumayo,10282.73,10563.88
2022-02-14,19,PT1H,MC-BajoPutumayo,11113.2,11769.82
2022-02-14,20,PT1H,MC-BajoPutumayo,11778.92,12312.29
2022-02-14,21,PT1H,MC-BajoPutumayo,11077.27,11590.51
2022-02-14,22,PT1H,MC-BajoPutumayo,9948.13,10697.93
2022-02-14,23,PT1H,MC-BajoPutumayo,8523.84,9397.11
2022-02-14,24,PT1H,MC-BajoPutumayo,7080.47,7850.62
2023-03-18,1,PT1H,MC-BajoPutumayo,8325.38,8056.64
2023-03-18,2,PT1H,MC-BajoPutumayo,7784.84,7458.29
2023-03-18,3,PT1H,MC-BajoPutumayo,7413.47,6882.83
2023-03-18,4,PT1H,MC-BajoPutumayo,7155.2,7002.55
2023-03-18,5,PT1H,MC-BajoPutumayo,7059.15,6850.97
2023-03-18,6,PT1H,MC-BajoPutumayo,7339.76,7040.14
2023-03-18,7,PT1H,MC-BajoPutumayo,7777.89,7415.73
2023-03-18,8,PT1H,MC-BajoPutumayo,9060.26,8521.34
2023-03-18,9,PT1H,MC-BajoPutumayo,10495.5,9939.32
2023-03-18,10,PT1H,MC-BajoPutumayo,11462.15,10835.61
2023-03-18,11,PT1H,MC-BajoPutumayo,12255.75,11623.63
2023-03-18,12,PT1H,MC-BajoPutumayo,12970.75,12236.42
2023-03-18,13,PT1H,MC-BajoPutumayo,13020.11,12083.84
2023-03-18,14,PT1H,MC-BajoPutumayo,13025.29,11936.25
2023-03-18,15,PT1H,MC-BajoPutumayo,13210.49,12158.76
2023-03-18,16,PT1H,MC-BajoPutumayo,13071.93,12315.07
2023-03-18,17,PT1H,MC-BajoPutumayo,13033.65,12314.83
2023-03-18,18,PT1H,MC-BajoPutumayo,12827.17,12068.91
2023-03-18,19,PT1H,MC-BajoPutumayo,13858.67,12991.09
2023-03-18,20,PT1H,MC-BajoPutumayo,14297.14,13818.68
2023-03-18,21,PT1H,MC-BajoPutumayo,13198.77,13062.77
2023-03-18,22,PT1H,MC-BajoPutumayo,12136.89,12047.01
2023-03-18,23,PT1H,MC-BajoPutumayo,10581.84,10724.6
2023-03-18,24,PT1H,MC-BajoPutumayo,9256.1,9511.71
2025-09-23,1,PT1H,MC-BajoPutumayo,10960.1,9424.9
2025-09-23,2,PT1H,MC-BajoPutumayo,9175.36,8755.8
2025-09-23,3,PT1H,MC-BajoPutumayo,8874.98,8418.5
2025-09-23,4,PT1H,MC-BajoPutumayo,8698.12,8172.7
2025-09-23,5,PT1H,MC-BajoPutumayo,8901.34,8204.1
2025-09-23,6,PT1H,MC-BajoPutumayo,9820.88,9111.6
2025-09-23,7,PT1H,MC-BajoPutumayo,10334.42,9751.9
2025-09-23,8,PT1H,MC-BajoPutumayo,11168.48,10866.1
2025-09-23,9,PT1H,MC-BajoPutumayo,12024.04,11742.8
2025-09-23,10,PT1H,MC-BajoPutumayo,12714.53,12445.1
2025-09-23,11,PT1H,MC-BajoPutumayo,13837.54,13139.3
2025-09-23,12,PT1H,MC-BajoPutumayo,14481.56,13707.5
2025-09-23,13,PT1H,MC-BajoPutumayo,14428.82,13437.0
2025-09-23,14,PT1H,MC-BajoPutumayo,14412.89,13600.4
2025-09-23,15,PT1H,MC-BajoPutumayo,15341.83,14302.3
2025-09-23,16,PT1H,MC-BajoPutumayo,15569.9,14354.0
2025-09-23,17,PT1H,MC-BajoPutumayo,15451.53,14264.1
2025-09-23,18,PT1H,MC-BajoPutumayo,14103.31,14531.1
2025-09-23,19,PT1H,MC-BajoPutumayo,15368.83,15894.8
2025-09-23,20,PT1H,MC-BajoPutumayo,15282.05,15920.8
2025-09-23,21,PT1H,MC-BajoPutumayo,14322.91,14750.2
2025-09-23,22,PT1H,MC-BajoPutumayo,12826.7,13140.7
2025-09-23,23,PT1H,MC-BajoPutumayo,10790.98,11064.1
2025-09-23,24,PT1H,MC-BajoPutumayo,9347.27,9524.9
2023-04-08,1,PT1H,MC-BajoPutumayo,7001.67,7184.14
2023-04-08,2,PT1H,MC-BajoPutumayo,6521.28,6761.2
2023-04-08,3,PT1H,MC-BajoPutumayo,6234.56,6431.59
2023-04-08,4,PT1H,MC-BajoPutumayo,6113.73,6235.78
2023-04-08,5,PT1H,MC-BajoPutumayo,6042.91,6138.17
2023-04-08,6,PT1H,MC-BajoPutumayo,6190.69,6341.58
2023-04-08,7,PT1H,MC-BajoPutumayo,6475.93,6702.17
2023-04-08,8,PT1H,MC-BajoPutumayo,7399.8,7648.84
2023-04-08,9,PT1H,MC-BajoPutumayo,8742.79,8855.09
2023-04-08,10,PT1H,MC-BajoPutumayo,9406.58,9569.0
2023-04-08,11,PT1H,MC-BajoPutumayo,9764.71,10168.95
2023-04-08,12,PT1H,MC-BajoPutumayo,10022.64,10505.6
2023-04-08,13,PT1H,MC-BajoPutumayo,9894.87,10499.26
2023-04-08,14,PT1H,MC-BajoPutumayo,9577.37,10337.71
2023-04-08,15,PT1H,MC-BajoPutumayo,9561.79,10336.83
2023-04-08,16,PT1H,MC-BajoPutumayo,9592.07,10282.87
2023-04-08,17,PT1H,MC-BajoPutumayo,9573.13,10335.79
2023-04-08,18,PT1H,MC-BajoPutumayo,9751.58,10690.34
2023-04-08,19,PT1H,MC-BajoPutumayo,11071.01,11603.4
2023-04-08,20,PT1H,MC-BajoPutumayo,11263.37,11856.48
2023-04-08,21,PT1H,MC-BajoPutumayo,10517.01,11010.77
2023-04-08,22,PT1H,MC-BajoPutumayo,9671.1,10024.04
2023-04-08,23,PT1H,MC-BajoPutumayo,8510.12,8867.11
2023-04-08,24,PT1H,MC-BajoPutumayo,7533.36,7810.67
2023-11-05,1,PT1H,MC-BajoPutumayo,7607.4,8355.13
2023-11-05,2,PT1H,MC-BajoPutumayo,7225.32,7860.24
2023-11-05,3,PT1H,MC-BajoPutumayo,6889.69,7567.87
2023-11-05,4,PT1H,MC-BajoPutumayo,6758.98,7321.48
2023-11-05,5,PT1H,MC-BajoPutumayo,6644.38,7214.93
2023-11-05,6,PT1H,MC-BajoPutumayo,6677.95,7160.56
2023-11-05,7,PT1H,MC-BajoPutumayo,7088.83,7330.5
2023-11-05,8,PT1H,MC-BajoPutumayo,8015.3,8400.64
2023-11-05,9,PT1H,MC-BajoPutumayo,9251.42,9388.3
2023-11-05,10,PT1H,MC-BajoPutumayo,10170.19,10198.07
2023-11-05,11,PT1H,MC-BajoPutumayo,10624.02,10956.67
2023-11-05,12,PT1H,MC-BajoPutumayo,11555.17,11580.31
2023-11-05,13,PT1H,MC-BajoPutumayo,12020.42,11902.1
2023-11-05,14,PT1H,MC-BajoPutumayo,11601.39,12023.14
2023-11-05,15,PT1H,MC-BajoPutumayo,11546.3,11879.56
2023-11-05,16,PT1H,MC-BajoPutumayo,11539.52,11831.79
2023-11-05,17,PT1H,MC-BajoPutumayo,11405.9,11760.59
2023-11-05,18,PT1H,MC-BajoPutumayo,11389.88,11886.4
2023-11-05,19,PT1H,MC-BajoPutumayo,12805.56,13643.31
2023-11-05,20,PT1H,MC-BajoPutumayo,12762.44,12738.57
2023-11-05,21,PT1H,MC-BajoPutumayo,12170.91,12319.88
2023-11-05,22,PT1H,MC-BajoPutumayo,11155.24,11777.86
2023-11-05,23,PT1H,MC-BajoPutumayo,9992.54,10708.25
2023-11-05,24,PT1H,MC-BajoPutumayo,8788.81,9420.3
2025-10-01,1,PT1H,MC-BajoPutumayo,17711.1,15224.6
2025-10-01,2,PT1H,MC-BajoPutumayo,16737.98,14343.1
2025-10-01,3,PT1H,MC-BajoPutumayo,16411.16,13854.1
2025-10-01,4,PT1H,MC-BajoPutumayo,15884.6,13649.7
2025-10-01,5,PT1H,MC-BajoPutumayo,15721.96,13789.1
2025-10-01,6,PT1H,MC-BajoPutumayo,16628.02,15141.6
2025-10-01,7,PT1H,MC-BajoPutumayo,18148.86,16548.5
2025-10-01,8,PT1H,MC-BajoPutumayo,18935.36,17739.9
2025-10-01,9,PT1H,MC-BajoPutumayo,21010.34,19896.6
2025-10-01,10,PT1H,MC-BajoPutumayo,22039.24,21451.7
2025-10-01,11,PT1H,MC-BajoPutumayo,23929.5,23133.7
2025-10-01,12,PT1H,MC-BajoPutumayo,24677.9,24716.8
2025-10-01,13,PT1H,MC-BajoPutumayo,24568.58,24196.2
2025-10-01,14,PT1H,MC-BajoPutumayo,25623.88,24596.0
2025-10-01,15,PT1H,MC-BajoPutumayo,28093.92,26031.2
2025-10-01,16,PT1H,MC-BajoPutumayo,28344.08,26445.4
2025-10-01,17,PT1H,MC-BajoPutumayo,28201.56,26240.6
2025-10-01,18,PT1H,MC-BajoPutumayo,28226.56,25700.4
2025-10-01,19,PT1H,MC-BajoPutumayo,30387.64,28326.6
2025-10-01,20,PT1H,MC-BajoPutumayo,30816.38,28593.5
2025-10-01,21,PT1H,MC-BajoPutumayo,28209.18,26456.1
2025-10-01,22,PT1H,MC-BajoPutumayo,25505.74,23673.6
2025-10-01,23,PT1H,MC-BajoPutumayo,21299.42,19981.8
2025-10-01,24,PT1H,MC-BajoPutumayo,19687.48,17171.6
2023-12-08,1,PT1H,MC-BajoPutumayo,8233.88,7523.78
2023-12-08,2,PT1H,MC-BajoPutumayo,7495.38,7038.83
2023-12-08,3,PT1H,MC-BajoPutumayo,7173.69,6776.51
2023-12-08,4,PT1H,MC-BajoPutumayo,7019.28,6628.71
2023-12-08,5,PT1H,MC-BajoPutumayo,7052.03,6643.72
2023-12-08,6,PT1H,MC-BajoPutumayo,7193.82,7060.41
2023-12-08,7,PT1H,MC-BajoPutumayo,7471.11,7606.57
2023-12-08,8,PT1H,MC-BajoPutumayo,8326.93,8465.29
2023-12-08,9,PT1H,MC-BajoPutumayo,9520.17,9681.52
2023-12-08,10,PT1H,MC-BajoPutumayo,10419.27,10448.41
2023-12-08,11,PT1H,MC-BajoPutumayo,10885.85,11129.21
2023-12-08,12,PT1H,MC-BajoPutumayo,11215.65,11628.6
2023-12-08,13,PT1H,MC-BajoPutumayo,11120.58,11279.44
2023-12-08,14,PT1H,MC-BajoPutumayo,11142.37,11387.55
2023-12-08,15,PT1H,MC-BajoPutumayo,11249.97,12085.57
2023-12-08,16,PT1H,MC-BajoPutumayo,11224.66,12365.63
2023-12-08,17,PT1H,MC-BajoPutumayo,11121.45,12335.92
2023-12-08,18,PT1H,MC-BajoPutumayo,11242.89,11613.42
2023-12-08,19,PT1H,MC-BajoPutumayo,12611.79,13252.72
2023-12-08,20,PT1H,MC-BajoPutumayo,12620.3,13135.54
2023-12-08,21,PT1H,MC-BajoPutumayo,11910.42,12318.82
2023-12-08,22,PT1H,MC-BajoPutumayo,10868.33,11243.17
2023-12-08,23,PT1H,MC-BajoPutumayo,9685.47,9919.61
2023-12-08,24,PT1H,MC-BajoPutumayo,8624.69,8684.67
2026-02-03,1,PT1H,MC-BajoPutumayo,7989.89,8146.7
2026-02-03,2,PT1H,MC-BajoPutumayo,7853.84,7543.1
2026-02-03,3,PT1H,MC-BajoPutumayo,7586.27,7286.0
2026-02-03,4,PT1H,MC-BajoPutumayo,7458.7,7148.0
2026-02-03,5,PT1H,MC-BajoPutumayo,7623.76,7220.5
2026-02-03,6,PT1H,MC-BajoPutumayo,8475.11,7853.0
2026-02-03,7,PT1H,MC-BajoPutumayo,8464.57,8525.5
2026-02-03,8,PT1H,MC-BajoPutumayo,9633.36,9429.4
2026-02-03,9,PT1H,MC-BajoPutumayo,10796.89,10463.1
2026-02-03,10,PT1H,MC-BajoPutumayo,12540.72,11198.3
2026-02-03,11,PT1H,MC-BajoPutumayo,13583.4,11971.2
2026-02-03,12,PT1H,MC-BajoPutumayo,13640.78,12492.8
2026-02-03,13,PT1H,MC-BajoPutumayo,13710.84,12258.2
2026-02-03,14,PT1H,MC-BajoPutumayo,14435.45,12525.2
2026-02-03,15,PT1H,MC-BajoPutumayo,15255.18,13234.2
2026-02-03,16,PT1H,MC-BajoPutumayo,15219.66,13391.4
2026-02-03,17,PT1H,MC-BajoPutumayo,14713.8,13377.8
2026-02-03,18,PT1H,MC-BajoPutumayo,14353.21,13416.5
2026-02-03,19,PT1H,MC-BajoPutumayo,15598.28,14725.7
2026-02-03,20,PT1H,MC-BajoPutumayo,15218.86,14848.4
2026-02-03,21,PT1H,MC-BajoPutumayo,14153.99,13823.0
2026-02-03,22,PT1H,MC-BajoPutumayo,12571.53,12385.1
2026-02-03,23,PT1H,MC-BajoPutumayo,10703.45,10545.5
2026-02-03,24,PT1H,MC-BajoPutumayo,9409.49,9059.7
2023-02-12,1,PT1H,MC-BajoPutumayo,7917.54,6771.95
2023-02-12,2,PT1H,MC-BajoPutumayo,7397.63,6336.47
2023-02-12,3,PT1H,MC-BajoPutumayo,7050.17,5996.63
2023-02-12,4,PT1H,MC-BajoPutumayo,6825.47,5768.3
2023-02-12,5,PT1H,MC-BajoPutumayo,6687.07,5700.34
2023-02-12,6,PT1H,MC-BajoPutumayo,6786.34,5813.07
2023-02-12,7,PT1H,MC-BajoPutumayo,6957.5,5984.82
2023-02-12,8,PT1H,MC-BajoPutumayo,7533.1,6857.62
2023-02-12,9,PT1H,MC-BajoPutumayo,8588.87,7935.13
2023-02-12,10,PT1H,MC-BajoPutumayo,9190.79,8639.03
2023-02-12,11,PT1H,MC-BajoPutumayo,9744.97,9366.12
2023-02-12,12,PT1H,MC-BajoPutumayo,10371.16,9781.66
2023-02-12,13,PT1H,MC-BajoPutumayo,10647.25,10032.98
2023-02-12,14,PT1H,MC-BajoPutumayo,10738.94,9862.45
2023-02-12,15,PT1H,MC-BajoPutumayo,10961.96,9747.47
2023-02-12,16,PT1H,MC-BajoPutumayo,11043.97,9630.05
2023-02-12,17,PT1H,MC-BajoPutumayo,11058.75,9684.79
2023-02-12,18,PT1H,MC-BajoPutumayo,10947.49,9670.34
2023-02-12,19,PT1H,MC-BajoPutumayo,11729.6,10640.62
2023-02-12,20,PT1H,MC-BajoPutumayo,12598.56,11425.7
2023-02-12,21,PT1H,MC-BajoPutumayo,12244.24,10901.09
2023-02-12,22,PT1H,MC-BajoPutumayo,11326.12,10141.03
2023-02-12,23,PT1H,MC-BajoPutumayo,9875.23,8961.16
2023-02-12,24,PT1H,MC-BajoPutumayo,8653.81,7844.78
2025-11-23,1,PT1H,MC-BajoPutumayo,9907.85,8936.4
2025-11-23,2,PT1H,MC-BajoPutumayo,9113.85,8392.4
2025-11-23,3,PT1H,MC-BajoPutumayo,8452.32,7977.2
2025-11-23,4,PT1H,MC-BajoPutumayo,8317.73,7733.7
2025-11-23,5,PT1H,MC-BajoPutumayo,8062.45,7591.7
2025-11-23,6,PT1H,MC-BajoPutumayo,7940.96,7530.6
2025-11-23,7,PT1H,MC-BajoPutumayo,8360.44,7849.5
2025-11-23,8,PT1H,MC-BajoPutumayo,9095.14,8872.5
2025-11-23,9,PT1H,MC-BajoPutumayo,10350.5,9903.5
2025-11-23,10,PT1H,MC-BajoPutumayo,11136.72,10734.4
2025-11-23,11,PT1H,MC-BajoPutumayo,12106.68,11337.0
2025-11-23,12,PT1H,MC-BajoPutumayo,12468.91,11804.8
2025-11-23,13,PT1H,MC-BajoPutumayo,12479.94,12158.7
2025-11-23,14,PT1H,MC-BajoPutumayo,12538.0,12017.6
2025-11-23,15,PT1H,MC-BajoPutumayo,12347.29,12032.4
2025-11-23,16,PT1H,MC-BajoPutumayo,12379.69,11735.0
2025-11-23,17,PT1H,MC-BajoPutumayo,11938.42,11682.3
2025-11-23,18,PT1H,MC-BajoPutumayo,12791.57,12155.0
2025-11-23,19,PT1H,MC-BajoPutumayo,14561.08,13319.6
2025-11-23,20,PT1H,MC-BajoPutumayo,13929.48,13240.2
2025-11-23,21,PT1H,MC-BajoPutumayo,13589.92,12545.1
2025-11-23,22,PT1H,MC-BajoPutumayo,12437.0,11415.3
2025-11-23,23,PT1H,MC-BajoPutumayo,10987.52,9956.7
2025-11-23,24,PT1H,MC-BajoPutumayo,9847.56,8989.3
2024-02-15,1,PT1H,MC-BajoPutumayo,0.0,8418.62
2024-02-15,2,PT1H,MC-BajoPutumayo,0.0,7877.94
2024-02-15,3,PT1H,MC-BajoPutumayo,0.0,7594.28
2024-02-15,4,PT1H,MC-BajoPutumayo,0.0,7402.65
2024-02-15,5,PT1H,MC-BajoPutumayo,0.0,7385.56
2024-02-15,6,PT1H,MC-BajoPutumayo,0.0,7622.17
2024-02-15,7,PT1H,MC-BajoPutumayo,0.0,7936.12
2024-02-15,8,PT1H,MC-BajoPutumayo,0.0,8975.36
2024-02-15,9,PT1H,MC-BajoPutumayo,0.0,9732.3
2024-02-15,10,PT1H,MC-BajoPutumayo,0.0,10772.67
2024-02-15,11,PT1H,MC-BajoPutumayo,0.0,11521.89
2024-02-15,12,PT1H,MC-BajoPutumayo,0.0,12098.77
2024-02-15,13,PT1H,MC-BajoPutumayo,10023.23,11517.56
2024-02-15,14,PT1H,MC-BajoPutumayo,14481.62,11682.48
2024-02-15,15,PT1H,MC-BajoPutumayo,14997.65,12635.62
2024-02-15,16,PT1H,MC-BajoPutumayo,15053.87,12883.57
2024-02-15,17,PT1H,MC-BajoPutumayo,14760.94,12817.41
2024-02-15,18,PT1H,MC-BajoPutumayo,14519.56,12417.17
2024-02-15,19,PT1H,MC-BajoPutumayo,14895.34,13005.12
2024-02-15,20,PT1H,MC-BajoPutumayo,15281.85,13569.8
2024-02-15,21,PT1H,MC-BajoPutumayo,14257.38,12811.37
2024-02-15,22,PT1H,MC-BajoPutumayo,12911.23,11772.85
2024-02-15,23,PT1H,MC-BajoPutumayo,10698.29,10344.93
2024-02-15,24,PT1H,MC-BajoPutumayo,10161.96,9103.8
2022-03-20,1,PT1H,MC-BajoPutumayo,7291.43,7336.14
2022-03-20,2,PT1H,MC-BajoPutumayo,6822.61,6860.67
2022-03-20,3,PT1H,MC-BajoPutumayo,6450.78,6516.93
2022-03-20,4,PT1H,MC-BajoPutumayo,6202.62,6293.66
2022-03-20,5,PT1H,MC-BajoPutumayo,6057.35,6105.96
2022-03-20,6,PT1H,MC-BajoPutumayo,6127.76,6096.7
2022-03-20,7,PT1H,MC-BajoPutumayo,6237.72,6375.19
2022-03-20,8,PT1H,MC-BajoPutumayo,7058.51,7041.55
2022-03-20,9,PT1H,MC-BajoPutumayo,8036.37,7961.11
2022-03-20,10,PT1H,MC-BajoPutumayo,8646.05,8712.9
2022-03-20,11,PT1H,MC-BajoPutumayo,8971.3,9139.79
2022-03-20,12,PT1H,MC-BajoPutumayo,9345.84,9361.75
2022-03-20,13,PT1H,MC-BajoPutumayo,9696.18,9717.6
2022-03-20,14,PT1H,MC-BajoPutumayo,9941.75,9725.39
2022-03-20,15,PT1H,MC-BajoPutumayo,10034.27,9478.99
2022-03-20,16,PT1H,MC-BajoPutumayo,9844.39,9742.99
2022-03-20,17,PT1H,MC-BajoPutumayo,9805.56,9638.57
2022-03-20,18,PT1H,MC-BajoPutumayo,9698.38,9926.35
2022-03-20,19,PT1H,MC-BajoPutumayo,10713.43,10873.28
2022-03-20,20,PT1H,MC-BajoPutumayo,11504.64,11533.27
2022-03-20,21,PT1H,MC-BajoPutumayo,10865.41,11137.14
2022-03-20,22,PT1H,MC-BajoPutumayo,9983.98,10176.59
2022-03-20,23,PT1H,MC-BajoPutumayo,8787.71,8909.06
2022-03-20,24,PT1H,MC-BajoPutumayo,7670.27,7764.36
2023-09-04,1,PT1H,MC-BajoPutumayo,7970.54,7736.87
2023-09-04,2,PT1H,MC-BajoPutumayo,7461.82,7178.49
2023-09-04,3,PT1H,MC-BajoPutumayo,7202.14,6884.06
2023-09-04,4,PT1H,MC-BajoPutumayo,7018.0,6704.71
2023-09-04,5,PT1H,MC-BajoPutumayo,7001.4,6651.36
2023-09-04,6,PT1H,MC-BajoPutumayo,7425.2,6959.8
2023-09-04,7,PT1H,MC-BajoPutumayo,7991.92,7390.83
2023-09-04,8,PT1H,MC-BajoPutumayo,9332.44,8310.78
2023-09-04,9,PT1H,MC-BajoPutumayo,10552.82,9360.53
2023-09-04,10,PT1H,MC-BajoPutumayo,11452.97,10045.9
2023-09-04,11,PT1H,MC-BajoPutumayo,12519.16,10841.11
2023-09-04,12,PT1H,MC-BajoPutumayo,12036.51,11472.73
2023-09-04,13,PT1H,MC-BajoPutumayo,12263.87,11151.02
2023-09-04,14,PT1H,MC-BajoPutumayo,12774.0,10956.99
2023-09-04,15,PT1H,MC-BajoPutumayo,13564.53,11078.77
2023-09-04,16,PT1H,MC-BajoPutumayo,13432.39,10986.24
2023-09-04,17,PT1H,MC-BajoPutumayo,12828.44,10976.05
2023-09-04,18,PT1H,MC-BajoPutumayo,12538.48,10917.04
2023-09-04,19,PT1H,MC-BajoPutumayo,13248.59,12101.51
2023-09-04,20,PT1H,MC-BajoPutumayo,13639.76,12688.96
2023-09-04,21,PT1H,MC-BajoPutumayo,12885.77,11924.77
2023-09-04,22,PT1H,MC-BajoPutumayo,11296.75,10655.68
2023-09-04,23,PT1H,MC-BajoPutumayo,9631.65,9205.86
2023-09-04,24,PT1H,MC-BajoPutumayo,8330.02,8014.19
2022-07-13,1,PT1H,MC-BajoPutumayo,6072.66,6679.58
2022-07-13,2,PT1H,MC-BajoPutumayo,5752.18,6266.06
2022-07-13,3,PT1H,MC-BajoPutumayo,5555.78,5957.08
2022-07-13,4,PT1H,MC-BajoPutumayo,5494.26,5941.42
2022-07-13,5,PT1H,MC-BajoPutumayo,5534.31,5972.44
2022-07-13,6,PT1H,MC-BajoPutumayo,5934.37,6358.8
2022-07-13,7,PT1H,MC-BajoPutumayo,6651.9,6807.87
2022-07-13,8,PT1H,MC-BajoPutumayo,7782.02,7911.23
2022-07-13,9,PT1H,MC-BajoPutumayo,8739.38,8896.28
2022-07-13,10,PT1H,MC-BajoPutumayo,9299.02,9828.9
2022-07-13,11,PT1H,MC-BajoPutumayo,9180.93,10589.1
2022-07-13,12,PT1H,MC-BajoPutumayo,9048.02,10687.25
2022-07-13,13,PT1H,MC-BajoPutumayo,9218.72,10536.44
2022-07-13,14,PT1H,MC-BajoPutumayo,9246.58,10498.44
2022-07-13,15,PT1H,MC-BajoPutumayo,9955.59,10647.29
2022-07-13,16,PT1H,MC-BajoPutumayo,10062.0,11176.83
2022-07-13,17,PT1H,MC-BajoPutumayo,10287.76,10977.92
2022-07-13,18,PT1H,MC-BajoPutumayo,9530.58,10675.78
2022-07-13,19,PT1H,MC-BajoPutumayo,10695.97,11189.64
2022-07-13,20,PT1H,MC-BajoPutumayo,11628.5,11873.95
2022-07-13,21,PT1H,MC-BajoPutumayo,10923.28,11278.63
2022-07-13,22,PT1H,MC-BajoPutumayo,10321.24,10159.37
2022-07-13,23,PT1H,MC-BajoPutumayo,8291.26,8507.54
2022-07-13,24,PT1H,MC-BajoPutumayo,8071.11,7146.94
2024-04-11,1,PT1H,MC-BajoPutumayo,8384.6,9237.79
2024-04-11,2,PT1H,MC-BajoPutumayo,7887.76,8836.48
2024-04-11,3,PT1H,MC-BajoPutumayo,7644.42,8578.33
2024-04-11,4,PT1H,MC-BajoPutumayo,7433.06,8400.22
2024-04-11,5,PT1H,MC-BajoPutumayo,7439.04,8375.75
2024-04-11,6,PT1H,MC-BajoPutumayo,8036.81,8704.93
2024-04-11,7,PT1H,MC-BajoPutumayo,8520.62,9162.68
2024-04-11,8,PT1H,MC-BajoPutumayo,9147.25,9783.71
2024-04-11,9,PT1H,MC-BajoPutumayo,10301.96,10722.41
2024-04-11,10,PT1H,MC-BajoPutumayo,11117.93,11342.24
2024-04-11,11,PT1H,MC-BajoPutumayo,11887.39,11641.09
2024-04-11,12,PT1H,MC-BajoPutumayo,12595.84,11976.25
2024-04-11,13,PT1H,MC-BajoPutumayo,12469.65,11955.58
2024-04-11,14,PT1H,MC-BajoPutumayo,12993.85,12082.75
2024-04-11,15,PT1H,MC-BajoPutumayo,14031.95,12574.05
2024-04-11,16,PT1H,MC-BajoPutumayo,14233.79,12899.55
2024-04-11,17,PT1H,MC-BajoPutumayo,14243.52,13017.31
2024-04-11,18,PT1H,MC-BajoPutumayo,14051.48,12959.28
2024-04-11,19,PT1H,MC-BajoPutumayo,14898.64,13992.18
2024-04-11,20,PT1H,MC-BajoPutumayo,15122.77,14580.44
2024-04-11,21,PT1H,MC-BajoPutumayo,14410.26,13863.39
2024-04-11,22,PT1H,MC-BajoPutumayo,13361.74,12786.28
2024-04-11,23,PT1H,MC-BajoPutumayo,11587.3,11316.22
2024-04-11,24,PT1H,MC-BajoPutumayo,10139.93,10042.83
2024-04-14,6,PT1H,MC-BajoPutumayo,7877.23,7913.81
2024-04-14,7,PT1H,MC-BajoPutumayo,7891.65,8223.53
2024-04-14,8,PT1H,MC-BajoPutumayo,8731.4,8946.98
2024-04-14,9,PT1H,MC-BajoPutumayo,9869.07,10072.58
2024-04-14,10,PT1H,MC-BajoPutumayo,11084.44,11016.85
2024-04-14,11,PT1H,MC-BajoPutumayo,12076.85,11843.97
2024-04-14,12,PT1H,MC-BajoPutumayo,12793.4,11961.13
2024-04-14,13,PT1H,MC-BajoPutumayo,13022.14,11668.3
2024-04-14,14,PT1H,MC-BajoPutumayo,12983.92,12345.57
2024-04-14,15,PT1H,MC-BajoPutumayo,12994.95,13072.84
2024-04-14,16,PT1H,MC-BajoPutumayo,12921.23,13285.67
2024-04-14,17,PT1H,MC-BajoPutumayo,12817.84,13327.89
2024-04-14,18,PT1H,MC-BajoPutumayo,12777.64,13055.0
2024-04-14,19,PT1H,MC-BajoPutumayo,13989.05,13962.79
2024-04-14,20,PT1H,MC-BajoPutumayo,14743.23,14343.65
2024-04-14,21,PT1H,MC-BajoPutumayo,14230.61,13585.04
2024-04-14,22,PT1H,MC-BajoPutumayo,13411.01,12563.42
2024-04-14,23,PT1H,MC-BajoPutumayo,12062.85,10731.69
2024-04-14,24,PT1H,MC-BajoPutumayo,10582.59,9201.33
2024-04-14,1,PT1H,MC-BajoPutumayo,9901.31,8472.33
2024-04-14,2,PT1H,MC-BajoPutumayo,9196.11,8020.82
2024-04-14,3,PT1H,MC-BajoPutumayo,8552.36,7708.72
2024-04-14,4,PT1H,MC-BajoPutumayo,8138.64,7451.46
2024-04-14,5,PT1H,MC-BajoPutumayo,7939.53,7505.75
2023-05-08,1,PT1H,MC-BajoPutumayo,7995.62,6890.14
2023-05-08,2,PT1H,MC-BajoPutumayo,7440.25,6509.5
2023-05-08,3,PT1H,MC-BajoPutumayo,7086.54,6387.86
2023-05-08,4,PT1H,MC-BajoPutumayo,6853.64,6152.38
2023-05-08,5,PT1H,MC-BajoPutumayo,5979.62,6327.33
2023-05-08,6,PT1H,MC-BajoPutumayo,6793.1,6266.05
2023-05-08,7,PT1H,MC-BajoPutumayo,8200.96,7310.76
2023-05-08,8,PT1H,MC-BajoPutumayo,8802.35,8401.12
2023-05-08,9,PT1H,MC-BajoPutumayo,10262.33,9180.15
2023-05-08,10,PT1H,MC-BajoPutumayo,9543.09,9885.07
2023-05-08,11,PT1H,MC-BajoPutumayo,11791.05,10301.22
2023-05-08,12,PT1H,MC-BajoPutumayo,12829.17,10794.29
2023-05-08,13,PT1H,MC-BajoPutumayo,12403.12,10829.41
2023-05-08,14,PT1H,MC-BajoPutumayo,12222.74,11109.06
2023-05-08,15,PT1H,MC-BajoPutumayo,12472.78,11697.89
2023-05-08,16,PT1H,MC-BajoPutumayo,12580.53,12131.35
2023-05-08,17,PT1H,MC-BajoPutumayo,12603.96,11712.32
2023-05-08,18,PT1H,MC-BajoPutumayo,12644.11,11346.96
2023-05-08,19,PT1H,MC-BajoPutumayo,13763.39,13228.0
2023-05-08,20,PT1H,MC-BajoPutumayo,13842.73,13949.01
2023-05-08,21,PT1H,MC-BajoPutumayo,12918.79,13197.12
2023-05-08,22,PT1H,MC-BajoPutumayo,11570.75,11766.76
2023-05-08,23,PT1H,MC-BajoPutumayo,9984.77,9775.73
2023-05-08,24,PT1H,MC-BajoPutumayo,8530.44,8251.83
2025-04-15,1,PT1H,MC-BajoPutumayo,8208.22,8052.0
2025-04-15,2,PT1H,MC-BajoPutumayo,7676.68,7620.8
2025-04-15,3,PT1H,MC-BajoPutumayo,7408.0,7432.7
2025-04-15,4,PT1H,MC-BajoPutumayo,7151.7,7348.6
2025-04-15,5,PT1H,MC-BajoPutumayo,7188.56,7452.4
2025-04-15,6,PT1H,MC-BajoPutumayo,7512.18,8065.5
2025-04-15,7,PT1H,MC-BajoPutumayo,7891.6,9032.8
2025-04-15,8,PT1H,MC-BajoPutumayo,9170.43,9675.2
2025-04-15,9,PT1H,MC-BajoPutumayo,10526.42,10855.4
2025-04-15,10,PT1H,MC-BajoPutumayo,11408.83,11719.4
2025-04-15,11,PT1H,MC-BajoPutumayo,12482.98,12397.4
2025-04-15,12,PT1H,MC-BajoPutumayo,13175.75,13020.8
2025-04-15,13,PT1H,MC-BajoPutumayo,12984.12,13213.3
2025-04-15,14,PT1H,MC-BajoPutumayo,13114.25,13351.2
2025-04-15,15,PT1H,MC-BajoPutumayo,13827.72,13675.8
2025-04-15,16,PT1H,MC-BajoPutumayo,13953.46,13530.2
2025-04-15,17,PT1H,MC-BajoPutumayo,13995.25,13314.1
2025-04-15,18,PT1H,MC-BajoPutumayo,13671.9,13412.3
2025-04-15,19,PT1H,MC-BajoPutumayo,14750.3,14593.8
2025-04-15,20,PT1H,MC-BajoPutumayo,14962.05,14985.5
2025-04-15,21,PT1H,MC-BajoPutumayo,13928.35,13970.9
2025-04-15,22,PT1H,MC-BajoPutumayo,12820.28,12349.5
2025-04-15,23,PT1H,MC-BajoPutumayo,11315.27,10618.7
2025-04-15,24,PT1H,MC-BajoPutumayo,9764.99,9010.3
2023-06-26,1,PT1H,MC-BajoPutumayo,7578.35,7229.25
2023-06-26,2,PT1H,MC-BajoPutumayo,7098.92,6744.8
2023-06-26,3,PT1H,MC-BajoPutumayo,6795.91,6447.16
2023-06-26,4,PT1H,MC-BajoPutumayo,6631.85,6290.75
2023-06-26,5,PT1H,MC-BajoPutumayo,6626.67,6189.57
2023-06-26,6,PT1H,MC-BajoPutumayo,6953.02,6485.94
2023-06-26,7,PT1H,MC-BajoPutumayo,7398.76,7246.28
2023-06-26,8,PT1H,MC-BajoPutumayo,8472.0,7930.21
2023-06-26,9,PT1H,MC-BajoPutumayo,9734.89,9064.9
2023-06-26,10,PT1H,MC-BajoPutumayo,10376.87,9928.2
2023-06-26,11,PT1H,MC-BajoPutumayo,10833.3,10593.68
2023-06-26,12,PT1H,MC-BajoPutumayo,11230.06,11265.93
2023-06-26,13,PT1H,MC-BajoPutumayo,11191.46,11004.11
2023-06-26,14,PT1H,MC-BajoPutumayo,11070.95,10975.25
2023-06-26,15,PT1H,MC-BajoPutumayo,11610.99,11412.73
2023-06-26,16,PT1H,MC-BajoPutumayo,11708.42,11488.33
2023-06-26,17,PT1H,MC-BajoPutumayo,11485.76,11082.28
2023-06-26,18,PT1H,MC-BajoPutumayo,11394.0,11065.51
2023-06-26,19,PT1H,MC-BajoPutumayo,12245.42,12356.98
2023-06-26,20,PT1H,MC-BajoPutumayo,12619.38,12485.08
2023-06-26,21,PT1H,MC-BajoPutumayo,11794.23,11697.96
2023-06-26,22,PT1H,MC-BajoPutumayo,10599.99,10569.56
2023-06-26,23,PT1H,MC-BajoPutumayo,9100.08,9089.07
2023-06-26,24,PT1H,MC-BajoPutumayo,7777.37,7854.27
2023-07-24,1,PT1H,MC-BajoPutumayo,7757.21,7386.55
2023-07-24,2,PT1H,MC-BajoPutumayo,7044.59,6913.74
2023-07-24,3,PT1H,MC-BajoPutumayo,6695.9,6621.38
2023-07-24,4,PT1H,MC-BajoPutumayo,6591.0,6434.97
2023-07-24,5,PT1H,MC-BajoPutumayo,6708.56,6429.26
2023-07-24,6,PT1H,MC-BajoPutumayo,7226.31,6776.8
2023-07-24,7,PT1H,MC-BajoPutumayo,7938.84,7164.81
2023-07-24,8,PT1H,MC-BajoPutumayo,8711.78,8046.88
2023-07-24,9,PT1H,MC-BajoPutumayo,9820.63,9183.36
2023-07-24,10,PT1H,MC-BajoPutumayo,10434.86,10030.15
2023-07-24,11,PT1H,MC-BajoPutumayo,11021.05,10940.42
2023-07-24,12,PT1H,MC-BajoPutumayo,11494.37,11474.09
2023-07-24,13,PT1H,MC-BajoPutumayo,11195.95,11477.25
2023-07-24,14,PT1H,MC-BajoPutumayo,11277.1,11525.4
2023-07-24,15,PT1H,MC-BajoPutumayo,11769.52,12044.5
2023-07-24,16,PT1H,MC-BajoPutumayo,11858.31,12067.13
2023-07-24,17,PT1H,MC-BajoPutumayo,11765.7,12003.58
2023-07-24,18,PT1H,MC-BajoPutumayo,11808.17,11713.24
2023-07-24,19,PT1H,MC-BajoPutumayo,12769.8,12529.59
2023-07-24,20,PT1H,MC-BajoPutumayo,13086.72,13033.96
2023-07-24,21,PT1H,MC-BajoPutumayo,12304.18,12333.72
2023-07-24,22,PT1H,MC-BajoPutumayo,11167.51,11183.87
2023-07-24,23,PT1H,MC-BajoPutumayo,9684.43,9608.95
2023-07-24,24,PT1H,MC-BajoPutumayo,8081.82,8289.78
2022-01-23,1,PT1H,MC-BajoPutumayo,8280.44,7086.28
2022-01-23,2,PT1H,MC-BajoPutumayo,7388.51,6695.83
2022-01-23,3,PT1H,MC-BajoPutumayo,7260.94,6462.71
2022-01-23,4,PT1H,MC-BajoPutumayo,7126.53,6217.48
2022-01-23,5,PT1H,MC-BajoPutumayo,6794.7,6120.86
2022-01-23,6,PT1H,MC-BajoPutumayo,6644.71,6212.32
2022-01-23,7,PT1H,MC-BajoPutumayo,6667.34,6321.64
2022-01-23,8,PT1H,MC-BajoPutumayo,7677.11,7105.33
2022-01-23,9,PT1H,MC-BajoPutumayo,8901.34,7906.67
2022-01-23,10,PT1H,MC-BajoPutumayo,9739.3,8590.16
2022-01-23,11,PT1H,MC-BajoPutumayo,9961.89,8958.19
2022-01-23,12,PT1H,MC-BajoPutumayo,9886.55,9215.71
2022-01-23,13,PT1H,MC-BajoPutumayo,10053.87,9257.38
2022-01-23,14,PT1H,MC-BajoPutumayo,9910.18,9138.54
2022-01-23,15,PT1H,MC-BajoPutumayo,9656.34,8920.49
2022-01-23,16,PT1H,MC-BajoPutumayo,9469.53,8911.96
2022-01-23,17,PT1H,MC-BajoPutumayo,9397.46,8812.17
2022-01-23,18,PT1H,MC-BajoPutumayo,9553.46,8865.14
2022-01-23,19,PT1H,MC-BajoPutumayo,10593.98,10313.66
2022-01-23,20,PT1H,MC-BajoPutumayo,11303.94,11190.2
2022-01-23,21,PT1H,MC-BajoPutumayo,11020.08,10651.54
2022-01-23,22,PT1H,MC-BajoPutumayo,10278.07,9680.37
2022-01-23,23,PT1H,MC-BajoPutumayo,8984.48,8330.85
2022-01-23,24,PT1H,MC-BajoPutumayo,7771.69,7432.88
2022-04-28,1,PT1H,MC-BajoPutumayo,9137.89,7315.68
2022-04-28,2,PT1H,MC-BajoPutumayo,7012.03,6731.58
2022-04-28,3,PT1H,MC-BajoPutumayo,6696.23,6430.01
2022-04-28,4,PT1H,MC-BajoPutumayo,6607.15,6341.15
2022-04-28,5,PT1H,MC-BajoPutumayo,6542.42,6280.59
2022-04-28,6,PT1H,MC-BajoPutumayo,7050.7,6551.68
2022-04-28,7,PT1H,MC-BajoPutumayo,7434.25,7393.83
2022-04-28,8,PT1H,MC-BajoPutumayo,8184.46,7897.56
2022-04-28,9,PT1H,MC-BajoPutumayo,9112.98,8800.16
2022-04-28,10,PT1H,MC-BajoPutumayo,9665.06,9506.55
2022-04-28,11,PT1H,MC-BajoPutumayo,10082.48,10156.62
2022-04-28,12,PT1H,MC-BajoPutumayo,9996.4,10698.55
2022-04-28,13,PT1H,MC-BajoPutumayo,10345.63,10445.21
2022-04-28,14,PT1H,MC-BajoPutumayo,9793.57,10564.77
2022-04-28,15,PT1H,MC-BajoPutumayo,10344.08,11288.23
2022-04-28,16,PT1H,MC-BajoPutumayo,11173.85,11362.42
2022-04-28,17,PT1H,MC-BajoPutumayo,11303.08,11264.99
2022-04-28,18,PT1H,MC-BajoPutumayo,11233.22,11196.61
2022-04-28,19,PT1H,MC-BajoPutumayo,12425.41,12239.82
2022-04-28,20,PT1H,MC-BajoPutumayo,12850.27,12778.21
2022-04-28,21,PT1H,MC-BajoPutumayo,12064.87,12128.36
2022-04-28,22,PT1H,MC-BajoPutumayo,10958.62,11143.05
2022-04-28,23,PT1H,MC-BajoPutumayo,9395.01,9813.64
2022-04-28,24,PT1H,MC-BajoPutumayo,8086.12,8126.73
2025-03-26,1,PT1H,MC-BajoPutumayo,8071.37,8516.7
2025-03-26,2,PT1H,MC-BajoPutumayo,7669.45,8054.4
2025-03-26,3,PT1H,MC-BajoPutumayo,7439.7,7726.2
2025-03-26,4,PT1H,MC-BajoPutumayo,7326.68,7631.7
2025-03-26,5,PT1H,MC-BajoPutumayo,7279.68,7720.9
2025-03-26,6,PT1H,MC-BajoPutumayo,8036.03,8409.0
2025-03-26,7,PT1H,MC-BajoPutumayo,8657.27,8815.9
2025-03-26,8,PT1H,MC-BajoPutumayo,9497.42,9650.1
2025-03-26,9,PT1H,MC-BajoPutumayo,10671.0,10796.8
2025-03-26,10,PT1H,MC-BajoPutumayo,11205.49,11306.0
2025-03-26,11,PT1H,MC-BajoPutumayo,11864.23,12095.3
2025-03-26,12,PT1H,MC-BajoPutumayo,13291.77,12583.7
2025-03-26,13,PT1H,MC-BajoPutumayo,12867.34,12244.5
2025-03-26,14,PT1H,MC-BajoPutumayo,13278.06,12596.3
2025-03-26,15,PT1H,MC-BajoPutumayo,13917.92,13884.2
2025-03-26,16,PT1H,MC-BajoPutumayo,14056.66,13963.6
2025-03-26,17,PT1H,MC-BajoPutumayo,13915.12,13909.8
2025-03-26,18,PT1H,MC-BajoPutumayo,13617.92,13596.1
2025-03-26,19,PT1H,MC-BajoPutumayo,14364.27,14288.7
2025-03-26,20,PT1H,MC-BajoPutumayo,14837.38,14126.7
2025-03-26,21,PT1H,MC-BajoPutumayo,13992.35,13534.6
2025-03-26,22,PT1H,MC-BajoPutumayo,12744.22,12250.5
2025-03-26,23,PT1H,MC-BajoPutumayo,11068.15,10516.7
2025-03-26,24,PT1H,MC-BajoPutumayo,9626.7,9146.9
2024-01-12,5,PT1H,MC-BajoPutumayo,7456.94,7141.52
2024-01-12,6,PT1H,MC-BajoPutumayo,6763.71,7382.01
2024-01-12,7,PT1H,MC-BajoPutumayo,7261.61,7819.61
2024-01-12,8,PT1H,MC-BajoPutumayo,7632.58,9057.98
2024-01-12,9,PT1H,MC-BajoPutumayo,8877.16,10442.6
2024-01-12,10,PT1H,MC-BajoPutumayo,10716.19,11431.79
2024-01-12,11,PT1H,MC-BajoPutumayo,11835.91,12362.86
2024-01-12,12,PT1H,MC-BajoPutumayo,12790.39,12988.78
2024-01-12,13,PT1H,MC-BajoPutumayo,12727.61,12733.72
2024-01-12,14,PT1H,MC-BajoPutumayo,12571.55,12559.31
2024-01-12,15,PT1H,MC-BajoPutumayo,12483.86,12776.06
2024-01-12,16,PT1H,MC-BajoPutumayo,12127.58,13124.81
2024-01-12,17,PT1H,MC-BajoPutumayo,11898.55,13009.65
2024-01-12,18,PT1H,MC-BajoPutumayo,11754.82,12770.67
2024-01-12,19,PT1H,MC-BajoPutumayo,12583.39,13919.46
2024-01-12,20,PT1H,MC-BajoPutumayo,13037.04,14109.55
2024-01-12,21,PT1H,MC-BajoPutumayo,12379.9,13461.51
2024-01-12,22,PT1H,MC-BajoPutumayo,11134.96,12387.8
2024-01-12,23,PT1H,MC-BajoPutumayo,9813.53,10862.99
2024-01-12,24,PT1H,MC-BajoPutumayo,8691.22,9548.44
2024-01-12,1,PT1H,MC-BajoPutumayo,9091.23,8209.04
2024-01-12,2,PT1H,MC-BajoPutumayo,8493.95,7636.94
2024-01-12,3,PT1H,MC-BajoPutumayo,8100.12,7331.0
2024-01-12,4,PT1H,MC-BajoPutumayo,7459.68,7154.19
2024-07-26,1,PT1H,MC-BajoPutumayo,7131.59,6931.0
2024-07-26,2,PT1H,MC-BajoPutumayo,6776.53,6540.0
2024-07-26,3,PT1H,MC-BajoPutumayo,6615.67,6349.5
2024-07-26,4,PT1H,MC-BajoPutumayo,6557.94,6308.1
2024-07-26,5,PT1H,MC-BajoPutumayo,6764.13,6409.2
2024-07-26,6,PT1H,MC-BajoPutumayo,7679.49,6739.0
2024-07-26,7,PT1H,MC-BajoPutumayo,8046.14,7221.2
2024-07-26,8,PT1H,MC-BajoPutumayo,9038.06,8310.6
2024-07-26,9,PT1H,MC-BajoPutumayo,10049.12,9401.5
2024-07-26,10,PT1H,MC-BajoPutumayo,10911.04,10084.0
2024-07-26,11,PT1H,MC-BajoPutumayo,11837.38,10683.4
2024-07-26,12,PT1H,MC-BajoPutumayo,12205.55,11097.8
2024-07-26,13,PT1H,MC-BajoPutumayo,11795.93,11318.6
2024-07-26,14,PT1H,MC-BajoPutumayo,12188.74,11686.1
2024-07-26,15,PT1H,MC-BajoPutumayo,12871.36,12543.1
2024-07-26,16,PT1H,MC-BajoPutumayo,13173.83,12671.0
2024-07-26,17,PT1H,MC-BajoPutumayo,13189.29,12680.7
2024-07-26,18,PT1H,MC-BajoPutumayo,13047.51,12465.5
2024-07-26,19,PT1H,MC-BajoPutumayo,14241.21,13412.3
2024-07-26,20,PT1H,MC-BajoPutumayo,14231.82,13352.6
2024-07-26,21,PT1H,MC-BajoPutumayo,13498.02,12502.3
2024-07-26,22,PT1H,MC-BajoPutumayo,12195.58,11309.7
2024-07-26,23,PT1H,MC-BajoPutumayo,10561.21,9879.5
2024-07-26,24,PT1H,MC-BajoPutumayo,9216.94,8668.0
2024-10-15,1,PT1H,MC-BajoPutumayo,7172.83,7384.3
2024-10-15,2,PT1H,MC-BajoPutumayo,7237.26,7020.3
2024-10-15,3,PT1H,MC-BajoPutumayo,7106.18,6832.0
2024-10-15,4,PT1H,MC-BajoPutumayo,7054.87,6755.5
2024-10-15,5,PT1H,MC-BajoPutumayo,7334.87,6774.2
2024-10-15,6,PT1H,MC-BajoPutumayo,8078.33,7363.1
2024-10-15,7,PT1H,MC-BajoPutumayo,8633.65,8239.2
2024-10-15,8,PT1H,MC-BajoPutumayo,10213.02,8924.1
2024-10-15,9,PT1H,MC-BajoPutumayo,11416.21,9765.5
2024-10-15,10,PT1H,MC-BajoPutumayo,12178.56,10471.5
2024-10-15,11,PT1H,MC-BajoPutumayo,13268.33,11196.9
2024-10-15,12,PT1H,MC-BajoPutumayo,13424.38,11642.9
2024-10-15,13,PT1H,MC-BajoPutumayo,13295.76,11498.6
2024-10-15,14,PT1H,MC-BajoPutumayo,14142.84,11570.2
2024-10-15,15,PT1H,MC-BajoPutumayo,14683.32,12263.3
2024-10-15,16,PT1H,MC-BajoPutumayo,14949.81,12366.1
2024-10-15,17,PT1H,MC-BajoPutumayo,14445.39,11974.6
2024-10-15,18,PT1H,MC-BajoPutumayo,15169.92,11792.8
2024-10-15,19,PT1H,MC-BajoPutumayo,15977.14,13882.2
2024-10-15,20,PT1H,MC-BajoPutumayo,14790.21,13858.5
2024-10-15,21,PT1H,MC-BajoPutumayo,14026.02,13234.5
2024-10-15,22,PT1H,MC-BajoPutumayo,12201.35,11972.2
2024-10-15,23,PT1H,MC-BajoPutumayo,10322.63,10268.2
2024-10-15,24,PT1H,MC-BajoPutumayo,9157.81,8694.4
2025-05-19,1,PT1H,MC-BajoPutumayo,9129.1,7900.9
2025-05-19,2,PT1H,MC-BajoPutumayo,8475.34,7436.1
2025-05-19,3,PT1H,MC-BajoPutumayo,7923.5,7145.2
2025-05-19,4,PT1H,MC-BajoPutumayo,7721.96,6962.0
2025-05-19,5,PT1H,MC-BajoPutumayo,7689.75,7022.5
2025-05-19,6,PT1H,MC-BajoPutumayo,8253.79,7300.8
2025-05-19,7,PT1H,MC-BajoPutumayo,8853.35,7935.1
2025-05-19,8,PT1H,MC-BajoPutumayo,9351.53,8609.7
2025-05-19,9,PT1H,MC-BajoPutumayo,10021.42,9860.2
2025-05-19,10,PT1H,MC-BajoPutumayo,10245.38,10558.2
2025-05-19,11,PT1H,MC-BajoPutumayo,10544.69,10910.8
2025-05-19,12,PT1H,MC-BajoPutumayo,10838.86,11422.6
2025-05-19,13,PT1H,MC-BajoPutumayo,10512.92,11191.5
2025-05-19,14,PT1H,MC-BajoPutumayo,10280.23,11322.1
2025-05-19,15,PT1H,MC-BajoPutumayo,10783.92,12233.7
2025-05-19,16,PT1H,MC-BajoPutumayo,11022.66,12559.1
2025-05-19,17,PT1H,MC-BajoPutumayo,11091.93,12584.3
2025-05-19,18,PT1H,MC-BajoPutumayo,11139.93,12416.0
2025-05-19,19,PT1H,MC-BajoPutumayo,12477.93,13500.1
2025-05-19,20,PT1H,MC-BajoPutumayo,12833.32,13879.2
2025-05-19,21,PT1H,MC-BajoPutumayo,11985.4,13035.3
2025-05-19,22,PT1H,MC-BajoPutumayo,10695.23,11736.3
2025-05-19,23,PT1H,MC-BajoPutumayo,9085.82,10064.5
2025-05-19,24,PT1H,MC-BajoPutumayo,7805.62,8630.1
2022-11-30,1,PT1H,MC-BajoPutumayo,8291.52,8260.17
2022-11-30,2,PT1H,MC-BajoPutumayo,7614.87,7525.09
2022-11-30,3,PT1H,MC-BajoPutumayo,7925.25,7326.98
2022-11-30,4,PT1H,MC-BajoPutumayo,6811.83,7089.13
2022-11-30,5,PT1H,MC-BajoPutumayo,7664.71,7050.47
2022-11-30,6,PT1H,MC-BajoPutumayo,7866.3,7577.92
2022-11-30,7,PT1H,MC-BajoPutumayo,8213.21,8521.62
2022-11-30,8,PT1H,MC-BajoPutumayo,9385.71,9334.54
2022-11-30,9,PT1H,MC-BajoPutumayo,10952.16,10483.58
2022-11-30,10,PT1H,MC-BajoPutumayo,12062.97,11317.44
2022-11-30,11,PT1H,MC-BajoPutumayo,13041.84,12000.35
2022-11-30,12,PT1H,MC-BajoPutumayo,14019.71,12352.01
2022-11-30,13,PT1H,MC-BajoPutumayo,13546.49,12149.65
2022-11-30,14,PT1H,MC-BajoPutumayo,13142.13,12551.35
2022-11-30,15,PT1H,MC-BajoPutumayo,15308.48,13230.41
2022-11-30,16,PT1H,MC-BajoPutumayo,14636.74,13377.64
2022-11-30,17,PT1H,MC-BajoPutumayo,14477.91,13260.32
2022-11-30,18,PT1H,MC-BajoPutumayo,14539.78,13254.13
2022-11-30,19,PT1H,MC-BajoPutumayo,15451.43,14361.71
2022-11-30,20,PT1H,MC-BajoPutumayo,15402.29,14270.0
2022-11-30,21,PT1H,MC-BajoPutumayo,14439.72,13418.29
2022-11-30,22,PT1H,MC-BajoPutumayo,13042.74,12248.73
2022-11-30,23,PT1H,MC-BajoPutumayo,11386.36,10490.72
2022-11-30,24,PT1H,MC-BajoPutumayo,9858.24,9072.06
2024-03-15,1,PT1H,MC-BajoPutumayo,7658.99,8107.48
2024-03-15,2,PT1H,MC-BajoPutumayo,7294.3,8137.54
2024-03-15,3,PT1H,MC-BajoPutumayo,7064.46,7635.28
2024-03-15,4,PT1H,MC-BajoPutumayo,6929.06,7442.07
2024-03-15,5,PT1H,MC-BajoPutumayo,6972.3,7348.8
2024-03-15,6,PT1H,MC-BajoPutumayo,7659.19,7553.43
2024-03-15,7,PT1H,MC-BajoPutumayo,8429.47,7818.36
2024-03-15,8,PT1H,MC-BajoPutumayo,9094.19,8484.39
2024-03-15,9,PT1H,MC-BajoPutumayo,9936.52,9863.36
2024-03-15,10,PT1H,MC-BajoPutumayo,10747.14,10943.96
2024-03-15,11,PT1H,MC-BajoPutumayo,11366.89,11682.03
2024-03-15,12,PT1H,MC-BajoPutumayo,11679.3,12430.83
2024-03-15,13,PT1H,MC-BajoPutumayo,10975.59,12260.95
2024-03-15,14,PT1H,MC-BajoPutumayo,10692.64,12087.63
2024-03-15,15,PT1H,MC-BajoPutumayo,11025.81,12003.15
2024-03-15,16,PT1H,MC-BajoPutumayo,11364.93,12284.17
2024-03-15,17,PT1H,MC-BajoPutumayo,11498.84,12449.9
2024-03-15,18,PT1H,MC-BajoPutumayo,11535.07,12387.04
2024-03-15,19,PT1H,MC-BajoPutumayo,12467.35,13350.59
2024-03-15,20,PT1H,MC-BajoPutumayo,13040.84,14088.21
2024-03-15,21,PT1H,MC-BajoPutumayo,12368.21,13372.71
2024-03-15,22,PT1H,MC-BajoPutumayo,11130.65,12448.99
2024-03-15,23,PT1H,MC-BajoPutumayo,9772.32,11176.66
2024-03-15,24,PT1H,MC-BajoPutumayo,8480.51,9891.2
2024-09-13,1,PT1H,MC-BajoPutumayo,8745.92,7921.2
2024-09-13,2,PT1H,MC-BajoPutumayo,8277.43,7469.9
2024-09-13,3,PT1H,MC-BajoPutumayo,8043.58,7288.9
2024-09-13,4,PT1H,MC-BajoPutumayo,7849.52,7146.1
2024-09-13,5,PT1H,MC-BajoPutumayo,7985.87,7258.2
2024-09-13,6,PT1H,MC-BajoPutumayo,8598.44,7895.8
2024-09-13,7,PT1H,MC-BajoPutumayo,8930.1,8430.1
2024-09-13,8,PT1H,MC-BajoPutumayo,10247.72,9423.7
2024-09-13,9,PT1H,MC-BajoPutumayo,11651.65,10539.1
2024-09-13,10,PT1H,MC-BajoPutumayo,11790.64,10197.3
2024-09-13,11,PT1H,MC-BajoPutumayo,12601.35,11116.9
2024-09-13,12,PT1H,MC-BajoPutumayo,12885.9,11441.1
2024-09-13,13,PT1H,MC-BajoPutumayo,13397.39,12448.9
2024-09-13,14,PT1H,MC-BajoPutumayo,14438.61,13056.2
2024-09-13,15,PT1H,MC-BajoPutumayo,15390.63,13845.7
2024-09-13,16,PT1H,MC-BajoPutumayo,15342.72,14048.2
2024-09-13,17,PT1H,MC-BajoPutumayo,14712.1,13850.4
2024-09-13,18,PT1H,MC-BajoPutumayo,14602.01,13582.0
2024-09-13,19,PT1H,MC-BajoPutumayo,16042.06,14776.0
2024-09-13,20,PT1H,MC-BajoPutumayo,15572.44,14757.1
2024-09-13,21,PT1H,MC-BajoPutumayo,14591.67,13740.4
2024-09-13,22,PT1H,MC-BajoPutumayo,13405.73,12069.6
2024-09-13,23,PT1H,MC-BajoPutumayo,11754.72,10221.1
2024-09-13,24,PT1H,MC-BajoPutumayo,10211.57,9161.5
2024-02-10,1,PT1H,MC-BajoPutumayo,8812.53,8693.26
2024-02-10,2,PT1H,MC-BajoPutumayo,7524.72,8070.44
2024-02-10,3,PT1H,MC-BajoPutumayo,7138.38,7388.91
2024-02-10,4,PT1H,MC-BajoPutumayo,6993.77,7352.43
2024-02-10,5,PT1H,MC-BajoPutumayo,7151.63,7144.08
2024-02-10,6,PT1H,MC-BajoPutumayo,7245.87,7061.92
2024-02-10,7,PT1H,MC-BajoPutumayo,7560.37,7079.62
2024-02-10,8,PT1H,MC-BajoPutumayo,8676.36,7878.74
2024-02-10,9,PT1H,MC-BajoPutumayo,10160.63,9059.88
2024-02-10,10,PT1H,MC-BajoPutumayo,11099.64,9900.92
2024-02-10,11,PT1H,MC-BajoPutumayo,11872.68,10776.95
2024-02-10,12,PT1H,MC-BajoPutumayo,12150.86,11328.34
2024-02-10,13,PT1H,MC-BajoPutumayo,11865.08,11696.74
2024-02-10,14,PT1H,MC-BajoPutumayo,11123.61,11660.66
2024-02-10,15,PT1H,MC-BajoPutumayo,11020.71,11640.05
2024-02-10,16,PT1H,MC-BajoPutumayo,11064.07,11530.37
2024-02-10,17,PT1H,MC-BajoPutumayo,11070.46,11500.2
2024-02-10,18,PT1H,MC-BajoPutumayo,11011.85,11343.22
2024-02-10,19,PT1H,MC-BajoPutumayo,12008.88,12129.8
2024-02-10,20,PT1H,MC-BajoPutumayo,12678.05,13015.17
2024-02-10,21,PT1H,MC-BajoPutumayo,11984.78,12447.54
2024-02-10,22,PT1H,MC-BajoPutumayo,10962.03,11657.41
2024-02-10,23,PT1H,MC-BajoPutumayo,9574.61,10511.04
2024-02-10,24,PT1H,MC-BajoPutumayo,8519.64,9369.78
2025-03-03,1,PT1H,MC-BajoPutumayo,7841.03,7579.4
2025-03-03,2,PT1H,MC-BajoPutumayo,7364.14,7097.9
2025-03-03,3,PT1H,MC-BajoPutumayo,7117.74,6869.0
2025-03-03,4,PT1H,MC-BajoPutumayo,6989.81,6772.1
2025-03-03,5,PT1H,MC-BajoPutumayo,7065.65,6929.4
2025-03-03,6,PT1H,MC-BajoPutumayo,7734.95,7789.6
2025-03-03,7,PT1H,MC-BajoPutumayo,8423.41,8653.9
2025-03-03,8,PT1H,MC-BajoPutumayo,9065.64,9034.0
2025-03-03,9,PT1H,MC-BajoPutumayo,10053.06,10013.6
2025-03-03,10,PT1H,MC-BajoPutumayo,10565.95,10550.1
2025-03-03,11,PT1H,MC-BajoPutumayo,10520.62,11286.9
2025-03-03,12,PT1H,MC-BajoPutumayo,11477.01,11337.6
2025-03-03,13,PT1H,MC-BajoPutumayo,11120.59,10940.9
2025-03-03,14,PT1H,MC-BajoPutumayo,11493.47,11393.5
2025-03-03,15,PT1H,MC-BajoPutumayo,12677.54,12130.0
2025-03-03,16,PT1H,MC-BajoPutumayo,13171.53,12494.2
2025-03-03,17,PT1H,MC-BajoPutumayo,12988.01,12018.4
2025-03-03,18,PT1H,MC-BajoPutumayo,12668.77,11768.9
2025-03-03,19,PT1H,MC-BajoPutumayo,13624.81,13021.3
2025-03-03,20,PT1H,MC-BajoPutumayo,14123.18,14368.4
2025-03-03,21,PT1H,MC-BajoPutumayo,13365.45,13767.0
2025-03-03,22,PT1H,MC-BajoPutumayo,12101.3,12465.1
2025-03-03,23,PT1H,MC-BajoPutumayo,10319.47,10497.4
2025-03-03,24,PT1H,MC-BajoPutumayo,9028.0,8786.1
2022-02-26,1,PT1H,MC-BajoPutumayo,7138.13,6670.15
2022-02-26,2,PT1H,MC-BajoPutumayo,6708.28,6271.03
2022-02-26,3,PT1H,MC-BajoPutumayo,6401.11,6064.25
2022-02-26,4,PT1H,MC-BajoPutumayo,6206.42,5888.96
2022-02-26,5,PT1H,MC-BajoPutumayo,6127.15,5952.61
2022-02-26,6,PT1H,MC-BajoPutumayo,6410.75,6231.72
2022-02-26,7,PT1H,MC-BajoPutumayo,6707.36,6484.63
2022-02-26,8,PT1H,MC-BajoPutumayo,7664.04,7152.11
2022-02-26,9,PT1H,MC-BajoPutumayo,8864.47,8134.77
2022-02-26,10,PT1H,MC-BajoPutumayo,9582.06,9125.87
2022-02-26,11,PT1H,MC-BajoPutumayo,9243.35,9677.15
2022-02-26,12,PT1H,MC-BajoPutumayo,9894.72,10017.68
2022-02-26,13,PT1H,MC-BajoPutumayo,9359.73,10070.43
2022-02-26,14,PT1H,MC-BajoPutumayo,9109.39,10096.23
2022-02-26,15,PT1H,MC-BajoPutumayo,9260.94,10022.38
2022-02-26,16,PT1H,MC-BajoPutumayo,9567.46,10048.77
2022-02-26,17,PT1H,MC-BajoPutumayo,9496.0,9908.51
2022-02-26,18,PT1H,MC-BajoPutumayo,9475.64,9984.59
2022-02-26,19,PT1H,MC-BajoPutumayo,10382.84,11163.23
2022-02-26,20,PT1H,MC-BajoPutumayo,11347.67,11968.09
2022-02-26,21,PT1H,MC-BajoPutumayo,10736.01,11237.15
2022-02-26,22,PT1H,MC-BajoPutumayo,9815.88,10372.96
2022-02-26,23,PT1H,MC-BajoPutumayo,8645.95,9062.07
2022-02-26,24,PT1H,MC-BajoPutumayo,7610.4,7824.66
2023-06-01,1,PT1H,MC-BajoPutumayo,6807.58,7229.77
2023-06-01,2,PT1H,MC-BajoPutumayo,6430.59,6767.16
2023-06-01,3,PT1H,MC-BajoPutumayo,6257.64,6565.23
2023-06-01,4,PT1H,MC-BajoPutumayo,6175.34,6432.02
2023-06-01,5,PT1H,MC-BajoPutumayo,6285.16,6465.61
2023-06-01,6,PT1H,MC-BajoPutumayo,6837.12,7018.33
2023-06-01,7,PT1H,MC-BajoPutumayo,6561.91,6516.54
2023-06-01,8,PT1H,MC-BajoPutumayo,6454.0,7127.85
2023-06-01,9,PT1H,MC-BajoPutumayo,7813.15,8073.18
2023-06-01,10,PT1H,MC-BajoPutumayo,9467.26,8698.35
2023-06-01,11,PT1H,MC-BajoPutumayo,8611.06,9271.05
2023-06-01,12,PT1H,MC-BajoPutumayo,8599.5,9803.89
2023-06-01,13,PT1H,MC-BajoPutumayo,8092.78,9427.04
2023-06-01,14,PT1H,MC-BajoPutumayo,8052.19,9448.69
2023-06-01,15,PT1H,MC-BajoPutumayo,8548.22,10100.84
2023-06-01,16,PT1H,MC-BajoPutumayo,8806.58,10255.06
2023-06-01,17,PT1H,MC-BajoPutumayo,8919.69,10127.49
2023-06-01,18,PT1H,MC-BajoPutumayo,10596.66,11563.48
2023-06-01,19,PT1H,MC-BajoPutumayo,11745.62,12507.84
2023-06-01,20,PT1H,MC-BajoPutumayo,12075.28,12773.58
2023-06-01,21,PT1H,MC-BajoPutumayo,11450.52,12122.53
2023-06-01,22,PT1H,MC-BajoPutumayo,10288.52,11141.49
2023-06-01,23,PT1H,MC-BajoPutumayo,8777.2,9770.32
2023-06-01,24,PT1H,MC-BajoPutumayo,7486.38,8597.14
2023-10-25,1,PT1H,MC-BajoPutumayo,8355.85,8114.65
2023-10-25,2,PT1H,MC-BajoPutumayo,7961.3,7611.1
2023-10-25,3,PT1H,MC-BajoPutumayo,7681.46,7196.8
2023-10-25,4,PT1H,MC-BajoPutumayo,7480.99,7075.94
2023-10-25,5,PT1H,MC-BajoPutumayo,7481.16,7134.61
2023-10-25,6,PT1H,MC-BajoPutumayo,8013.95,7432.12
2023-10-25,7,PT1H,MC-BajoPutumayo,8692.02,7935.38
2023-10-25,8,PT1H,MC-BajoPutumayo,9577.21,9000.67
2023-10-25,9,PT1H,MC-BajoPutumayo,10766.11,10305.7
2023-10-25,10,PT1H,MC-BajoPutumayo,11685.14,11508.95
2023-10-25,11,PT1H,MC-BajoPutumayo,12689.03,12372.65
2023-10-25,12,PT1H,MC-BajoPutumayo,13653.77,13142.88
2023-10-25,13,PT1H,MC-BajoPutumayo,13491.17,13182.17
2023-10-25,14,PT1H,MC-BajoPutumayo,13935.04,13294.84
2023-10-25,15,PT1H,MC-BajoPutumayo,15087.46,13728.19
2023-10-25,16,PT1H,MC-BajoPutumayo,14850.3,14059.33
2023-10-25,17,PT1H,MC-BajoPutumayo,14255.94,14052.05
2023-10-25,18,PT1H,MC-BajoPutumayo,13988.73,13736.06
2023-10-25,19,PT1H,MC-BajoPutumayo,15092.53,14809.2
2023-10-25,20,PT1H,MC-BajoPutumayo,14571.03,14902.67
2023-10-25,21,PT1H,MC-BajoPutumayo,13658.09,13937.1
2023-10-25,22,PT1H,MC-BajoPutumayo,12530.52,12762.95
2023-10-25,23,PT1H,MC-BajoPutumayo,10851.18,11192.54
2023-10-25,24,PT1H,MC-BajoPutumayo,9209.72,9787.62
2025-06-12,1,PT1H,MC-BajoPutumayo,8574.4,7599.3
2025-06-12,2,PT1H,MC-BajoPutumayo,8081.59,7151.4
2025-06-12,3,PT1H,MC-BajoPutumayo,7775.14,6892.1
2025-06-12,4,PT1H,MC-BajoPutumayo,7524.38,6713.9
2025-06-12,5,PT1H,MC-BajoPutumayo,7551.67,6791.9
2025-06-12,6,PT1H,MC-BajoPutumayo,8127.06,7368.0
2025-06-12,7,PT1H,MC-BajoPutumayo,8852.54,8046.9
2025-06-12,8,PT1H,MC-BajoPutumayo,9513.12,8863.0
2025-06-12,9,PT1H,MC-BajoPutumayo,10531.52,9963.6
2025-06-12,10,PT1H,MC-BajoPutumayo,11336.42,10743.0
2025-06-12,11,PT1H,MC-BajoPutumayo,10924.67,11516.0
2025-06-12,12,PT1H,MC-BajoPutumayo,8779.12,12154.2
2025-06-12,13,PT1H,MC-BajoPutumayo,7300.67,11772.0
2025-06-12,14,PT1H,MC-BajoPutumayo,7540.93,12087.1
2025-06-12,15,PT1H,MC-BajoPutumayo,12660.74,13096.8
2025-06-12,16,PT1H,MC-BajoPutumayo,14191.12,13229.9
2025-06-12,17,PT1H,MC-BajoPutumayo,13424.37,12942.0
2025-06-12,18,PT1H,MC-BajoPutumayo,13165.75,12725.6
2025-06-12,19,PT1H,MC-BajoPutumayo,14645.89,13650.2
2025-06-12,20,PT1H,MC-BajoPutumayo,15269.31,13818.9
2025-06-12,21,PT1H,MC-BajoPutumayo,14090.37,13037.5
2025-06-12,22,PT1H,MC-BajoPutumayo,12600.43,11809.0
2025-06-12,23,PT1H,MC-BajoPutumayo,10850.86,10128.3
2025-06-12,24,PT1H,MC-BajoPutumayo,9404.3,8790.4
2022-04-12,1,PT1H,MC-BajoPutumayo,7064.2,6615.83
2022-04-12,2,PT1H,MC-BajoPutumayo,6588.23,6245.08
2022-04-12,3,PT1H,MC-BajoPutumayo,6530.19,6023.34
2022-04-12,4,PT1H,MC-BajoPutumayo,6369.17,5937.86
2022-04-12,5,PT1H,MC-BajoPutumayo,6369.63,5995.64
2022-04-12,6,PT1H,MC-BajoPutumayo,6974.86,6642.53
2022-04-12,7,PT1H,MC-BajoPutumayo,7559.79,7422.72
2022-04-12,8,PT1H,MC-BajoPutumayo,8394.41,8042.72
2022-04-12,9,PT1H,MC-BajoPutumayo,9352.84,9001.5
2022-04-12,10,PT1H,MC-BajoPutumayo,9424.63,9561.35
2022-04-12,11,PT1H,MC-BajoPutumayo,9828.45,10102.02
2022-04-12,12,PT1H,MC-BajoPutumayo,10378.34,10423.6
2022-04-12,13,PT1H,MC-BajoPutumayo,10049.24,10038.95
2022-04-12,14,PT1H,MC-BajoPutumayo,9832.56,10069.41
2022-04-12,15,PT1H,MC-BajoPutumayo,10476.75,10527.71
2022-04-12,16,PT1H,MC-BajoPutumayo,9710.1,10670.12
2022-04-12,17,PT1H,MC-BajoPutumayo,11743.42,10654.63
2022-04-12,18,PT1H,MC-BajoPutumayo,11664.15,10582.13
2022-04-12,19,PT1H,MC-BajoPutumayo,12845.26,11636.97
2022-04-12,20,PT1H,MC-BajoPutumayo,12759.33,12105.52
2022-04-12,21,PT1H,MC-BajoPutumayo,11999.12,11375.18
2022-04-12,22,PT1H,MC-BajoPutumayo,10693.08,10104.84
2022-04-12,23,PT1H,MC-BajoPutumayo,9036.32,8575.44
2022-04-12,24,PT1H,MC-BajoPutumayo,7715.27,7209.73
2022-01-01,1,PT1H,MC-BajoPutumayo,9577.19,8487.26
2022-01-01,2,PT1H,MC-BajoPutumayo,9198.83,8324.69
2022-01-01,3,PT1H,MC-BajoPutumayo,8664.41,7651.43
2022-01-01,4,PT1H,MC-BajoPutumayo,8300.33,7056.44
2022-01-01,5,PT1H,MC-BajoPutumayo,7930.88,6322.26
2022-01-01,6,PT1H,MC-BajoPutumayo,7528.58,6434.47
2022-01-01,7,PT1H,MC-BajoPutumayo,6806.9,6241.33
2022-01-01,8,PT1H,MC-BajoPutumayo,7139.74,6371.22
2022-01-01,9,PT1H,MC-BajoPutumayo,8158.69,6635.08
2022-01-01,10,PT1H,MC-BajoPutumayo,9349.35,7363.89
2022-01-01,11,PT1H,MC-BajoPutumayo,9826.01,8072.83
2022-01-01,12,PT1H,MC-BajoPutumayo,9384.19,7824.32
2022-01-01,13,PT1H,MC-BajoPutumayo,9323.66,8422.87
2022-01-01,14,PT1H,MC-BajoPutumayo,9140.68,8400.72
2022-01-01,15,PT1H,MC-BajoPutumayo,9335.19,8503.93
2022-01-01,16,PT1H,MC-BajoPutumayo,9302.83,8971.04
2022-01-01,17,PT1H,MC-BajoPutumayo,9168.24,8689.31
2022-01-01,18,PT1H,MC-BajoPutumayo,9525.43,8600.07
2022-01-01,19,PT1H,MC-BajoPutumayo,10950.01,10044.26
2022-01-01,20,PT1H,MC-BajoPutumayo,12001.44,11284.38
2022-01-01,21,PT1H,MC-BajoPutumayo,11594.99,10522.17
2022-01-01,22,PT1H,MC-BajoPutumayo,10776.21,9671.52
2022-01-01,23,PT1H,MC-BajoPutumayo,9692.67,8777.27
2022-01-01,24,PT1H,MC-BajoPutumayo,9176.25,7657.23
2022-02-05,1,PT1H,MC-BajoPutumayo,7293.8,7038.95
2022-02-05,2,PT1H,MC-BajoPutumayo,6779.4,6583.75
2022-02-05,3,PT1H,MC-BajoPutumayo,6482.61,6343.82
2022-02-05,4,PT1H,MC-BajoPutumayo,6392.35,6122.46
2022-02-05,5,PT1H,MC-BajoPutumayo,6422.67,6192.7
2022-02-05,6,PT1H,MC-BajoPutumayo,6664.98,6455.31
2022-02-05,7,PT1H,MC-BajoPutumayo,6990.95,6489.91
2022-02-05,8,PT1H,MC-BajoPutumayo,7797.77,7198.08
2022-02-05,9,PT1H,MC-BajoPutumayo,8706.39,8421.38
2022-02-05,10,PT1H,MC-BajoPutumayo,9840.58,9328.61
2022-02-05,11,PT1H,MC-BajoPutumayo,10270.6,10156.09
2022-02-05,12,PT1H,MC-BajoPutumayo,10371.09,10705.35
2022-02-05,13,PT1H,MC-BajoPutumayo,10380.33,10962.55
2022-02-05,14,PT1H,MC-BajoPutumayo,10674.51,10842.83
2022-02-05,15,PT1H,MC-BajoPutumayo,10373.67,10930.18
2022-02-05,16,PT1H,MC-BajoPutumayo,10104.36,11057.44
2022-02-05,17,PT1H,MC-BajoPutumayo,9523.35,11142.65
2022-02-05,18,PT1H,MC-BajoPutumayo,9771.4,11066.57
2022-02-05,19,PT1H,MC-BajoPutumayo,11144.77,12274.92
2022-02-05,20,PT1H,MC-BajoPutumayo,11795.92,12873.12
2022-02-05,21,PT1H,MC-BajoPutumayo,11151.82,12411.49
2022-02-05,22,PT1H,MC-BajoPutumayo,10361.17,11760.12
2022-02-05,23,PT1H,MC-BajoPutumayo,9066.25,10484.28
2022-02-05,24,PT1H,MC-BajoPutumayo,7916.68,9011.92
2023-08-14,1,PT1H,MC-BajoPutumayo,7116.46,7144.17
2023-08-14,2,PT1H,MC-BajoPutumayo,6678.63,6645.13
2023-08-14,3,PT1H,MC-BajoPutumayo,6506.51,6411.46
2023-08-14,4,PT1H,MC-BajoPutumayo,6332.36,6293.81
2023-08-14,5,PT1H,MC-BajoPutumayo,6321.23,6356.28
2023-08-14,6,PT1H,MC-BajoPutumayo,6863.49,6932.49
2023-08-14,7,PT1H,MC-BajoPutumayo,7838.54,7646.94
2023-08-14,8,PT1H,MC-BajoPutumayo,8664.56,8301.3
2023-08-14,9,PT1H,MC-BajoPutumayo,9580.98,9353.5
2023-08-14,10,PT1H,MC-BajoPutumayo,9978.97,9871.7
2023-08-14,11,PT1H,MC-BajoPutumayo,10812.28,10364.5
2023-08-14,12,PT1H,MC-BajoPutumayo,11426.67,10908.16
2023-08-14,13,PT1H,MC-BajoPutumayo,10531.11,10781.0
2023-08-14,14,PT1H,MC-BajoPutumayo,10175.1,10771.8
2023-08-14,15,PT1H,MC-BajoPutumayo,10654.88,11270.34
2023-08-14,16,PT1H,MC-BajoPutumayo,10452.0,11394.75
2023-08-14,17,PT1H,MC-BajoPutumayo,10643.2,11394.35
2023-08-14,18,PT1H,MC-BajoPutumayo,10657.03,11445.88
2023-08-14,19,PT1H,MC-BajoPutumayo,11895.62,12428.95
2023-08-14,20,PT1H,MC-BajoPutumayo,12313.7,12813.11
2023-08-14,21,PT1H,MC-BajoPutumayo,11339.79,12028.21
2023-08-14,22,PT1H,MC-BajoPutumayo,10131.84,10855.25
2023-08-14,23,PT1H,MC-BajoPutumayo,8617.48,9237.61
2023-08-14,24,PT1H,MC-BajoPutumayo,7638.89,7838.33
2023-02-01,1,PT1H,MC-BajoPutumayo,8876.26,8214.96
2023-02-01,2,PT1H,MC-BajoPutumayo,8378.84,7688.19
2023-02-01,3,PT1H,MC-BajoPutumayo,7937.03,7407.38
2023-02-01,4,PT1H,MC-BajoPutumayo,7689.4,7274.42
2023-02-01,5,PT1H,MC-BajoPutumayo,7601.81,7426.19
2023-02-01,6,PT1H,MC-BajoPutumayo,8100.15,7697.82
2023-02-01,7,PT1H,MC-BajoPutumayo,8637.22,8177.42
2023-02-01,8,PT1H,MC-BajoPutumayo,10142.87,9534.36
2023-02-01,9,PT1H,MC-BajoPutumayo,12029.52,10878.13
2023-02-01,10,PT1H,MC-BajoPutumayo,12813.54,11926.78
2023-02-01,11,PT1H,MC-BajoPutumayo,13749.8,12548.39
2023-02-01,12,PT1H,MC-BajoPutumayo,14546.83,12950.07
2023-02-01,13,PT1H,MC-BajoPutumayo,14232.74,12638.37
2023-02-01,14,PT1H,MC-BajoPutumayo,14542.75,12544.41
2023-02-01,15,PT1H,MC-BajoPutumayo,14850.51,12940.86
2023-02-01,16,PT1H,MC-BajoPutumayo,14325.41,13137.99
2023-02-01,17,PT1H,MC-BajoPutumayo,13840.08,13025.6
2023-02-01,18,PT1H,MC-BajoPutumayo,14704.12,12717.76
2023-02-01,19,PT1H,MC-BajoPutumayo,14589.63,13665.97
2023-02-01,20,PT1H,MC-BajoPutumayo,14669.26,14365.03
2023-02-01,21,PT1H,MC-BajoPutumayo,13831.7,13474.68
2023-02-01,22,PT1H,MC-BajoPutumayo,12617.12,12209.87
2023-02-01,23,PT1H,MC-BajoPutumayo,10919.5,10671.32
2023-02-01,24,PT1H,MC-BajoPutumayo,9511.46,9408.1
2023-10-18,1,PT1H,MC-BajoPutumayo,8443.64,7965.64
2023-10-18,2,PT1H,MC-BajoPutumayo,7962.5,7496.98
2023-10-18,3,PT1H,MC-BajoPutumayo,7578.28,7158.64
2023-10-18,4,PT1H,MC-BajoPutumayo,7361.1,6996.39
2023-10-18,5,PT1H,MC-BajoPutumayo,7355.66,6975.61
2023-10-18,6,PT1H,MC-BajoPutumayo,7770.08,7397.86
2023-10-18,7,PT1H,MC-BajoPutumayo,8301.36,8068.18
2023-10-18,8,PT1H,MC-BajoPutumayo,9396.66,9099.91
2023-10-18,9,PT1H,MC-BajoPutumayo,10746.63,10228.35
2023-10-18,10,PT1H,MC-BajoPutumayo,11705.2,11149.95
2023-10-18,11,PT1H,MC-BajoPutumayo,12501.28,12294.21
2023-10-18,12,PT1H,MC-BajoPutumayo,12278.83,12662.71
2023-10-18,13,PT1H,MC-BajoPutumayo,11034.18,12305.5
2023-10-18,14,PT1H,MC-BajoPutumayo,11663.33,12585.93
2023-10-18,15,PT1H,MC-BajoPutumayo,11888.48,13163.52
2023-10-18,16,PT1H,MC-BajoPutumayo,12682.44,13593.66
2023-10-18,17,PT1H,MC-BajoPutumayo,13220.91,13637.75
2023-10-18,18,PT1H,MC-BajoPutumayo,12521.75,13318.92
2023-10-18,19,PT1H,MC-BajoPutumayo,13742.91,14327.8
2023-10-18,20,PT1H,MC-BajoPutumayo,13776.06,14403.97
2023-10-18,21,PT1H,MC-BajoPutumayo,12861.07,13509.96
2023-10-18,22,PT1H,MC-BajoPutumayo,11625.44,12296.62
2023-10-18,23,PT1H,MC-BajoPutumayo,9881.51,10704.84
2023-10-18,24,PT1H,MC-BajoPutumayo,8543.11,9228.95
2024-01-25,1,PT1H,MC-BajoPutumayo,8846.51,9515.17
2024-01-25,2,PT1H,MC-BajoPutumayo,8262.58,8869.33
2024-01-25,3,PT1H,MC-BajoPutumayo,7829.67,8406.34
2024-01-25,4,PT1H,MC-BajoPutumayo,7455.56,8349.52
2024-01-25,5,PT1H,MC-BajoPutumayo,7378.22,9032.75
2024-01-25,6,PT1H,MC-BajoPutumayo,7606.43,9337.21
2024-01-25,7,PT1H,MC-BajoPutumayo,7905.31,9453.72
2024-01-25,8,PT1H,MC-BajoPutumayo,9086.0,9982.09
2024-01-25,9,PT1H,MC-BajoPutumayo,10503.58,11330.53
2024-01-25,10,PT1H,MC-BajoPutumayo,11741.1,12349.25
2024-01-25,11,PT1H,MC-BajoPutumayo,12979.44,12886.59
2024-01-25,12,PT1H,MC-BajoPutumayo,13849.24,13364.56
2024-01-25,13,PT1H,MC-BajoPutumayo,13549.44,13241.13
2024-01-25,14,PT1H,MC-BajoPutumayo,13719.7,12843.89
2024-01-25,15,PT1H,MC-BajoPutumayo,14485.22,12551.14
2024-01-25,16,PT1H,MC-BajoPutumayo,14655.8,12090.58
2024-01-25,17,PT1H,MC-BajoPutumayo,14654.3,11917.73
2024-01-25,18,PT1H,MC-BajoPutumayo,14133.21,12235.36
2024-01-25,19,PT1H,MC-BajoPutumayo,14405.97,13567.42
2024-01-25,20,PT1H,MC-BajoPutumayo,15048.18,13754.05
2024-01-25,21,PT1H,MC-BajoPutumayo,14264.96,13108.06
2024-01-25,22,PT1H,MC-BajoPutumayo,13264.84,11856.38
2024-01-25,23,PT1H,MC-BajoPutumayo,11600.09,10630.87
2024-01-25,24,PT1H,MC-BajoPutumayo,9970.4,9542.46
2022-11-16,1,PT1H,MC-BajoPutumayo,7163.83,7347.51
2022-11-16,2,PT1H,MC-BajoPutumayo,6823.28,6943.43
2022-11-16,3,PT1H,MC-BajoPutumayo,6605.18,6659.82
2022-11-16,4,PT1H,MC-BajoPutumayo,6468.57,6554.51
2022-11-16,5,PT1H,MC-BajoPutumayo,6565.72,6729.04
2022-11-16,6,PT1H,MC-BajoPutumayo,7127.07,7023.68
2022-11-16,7,PT1H,MC-BajoPutumayo,7909.98,7950.18
2022-11-16,8,PT1H,MC-BajoPutumayo,8484.51,9021.64
2022-11-16,9,PT1H,MC-BajoPutumayo,9242.01,9994.05
2022-11-16,10,PT1H,MC-BajoPutumayo,9775.61,10768.47
2022-11-16,11,PT1H,MC-BajoPutumayo,10141.87,11027.54
2022-11-16,12,PT1H,MC-BajoPutumayo,10474.27,11607.02
2022-11-16,13,PT1H,MC-BajoPutumayo,10269.41,11248.97
2022-11-16,14,PT1H,MC-BajoPutumayo,10747.69,11006.01
2022-11-16,15,PT1H,MC-BajoPutumayo,11738.3,10898.37
2022-11-16,16,PT1H,MC-BajoPutumayo,12186.83,11067.46
2022-11-16,17,PT1H,MC-BajoPutumayo,12213.88,11176.19
2022-11-16,18,PT1H,MC-BajoPutumayo,12121.02,11574.27
2022-11-16,19,PT1H,MC-BajoPutumayo,13287.47,13408.55
2022-11-16,20,PT1H,MC-BajoPutumayo,12646.56,13704.9
2022-11-16,21,PT1H,MC-BajoPutumayo,11857.71,12618.38
2022-11-16,22,PT1H,MC-BajoPutumayo,10475.69,11092.8
2022-11-16,23,PT1H,MC-BajoPutumayo,8893.73,9434.96
2022-11-16,24,PT1H,MC-BajoPutumayo,7703.34,8229.52
2022-04-09,1,PT1H,MC-BajoPutumayo,7083.33,7749.81
2022-04-09,2,PT1H,MC-BajoPutumayo,7056.97,7111.2
2022-04-09,3,PT1H,MC-BajoPutumayo,6625.73,7038.2
2022-04-09,4,PT1H,MC-BajoPutumayo,6505.47,6837.88
2022-04-09,5,PT1H,MC-BajoPutumayo,6450.29,6804.23
2022-04-09,6,PT1H,MC-BajoPutumayo,6711.33,7142.04
2022-04-09,7,PT1H,MC-BajoPutumayo,7175.57,7781.8
2022-04-09,8,PT1H,MC-BajoPutumayo,8172.58,8392.62
2022-04-09,9,PT1H,MC-BajoPutumayo,9378.2,9396.59
2022-04-09,10,PT1H,MC-BajoPutumayo,10173.9,10372.02
2022-04-09,11,PT1H,MC-BajoPutumayo,11295.15,10809.48
2022-04-09,12,PT1H,MC-BajoPutumayo,11697.67,10972.01
2022-04-09,13,PT1H,MC-BajoPutumayo,11607.7,10653.96
2022-04-09,14,PT1H,MC-BajoPutumayo,11441.31,10780.31
2022-04-09,15,PT1H,MC-BajoPutumayo,11596.54,10761.14
2022-04-09,16,PT1H,MC-BajoPutumayo,11711.4,10650.1
2022-04-09,17,PT1H,MC-BajoPutumayo,11393.49,10633.2
2022-04-09,18,PT1H,MC-BajoPutumayo,11319.95,10771.97
2022-04-09,19,PT1H,MC-BajoPutumayo,12480.42,11838.3
2022-04-09,20,PT1H,MC-BajoPutumayo,12171.23,12773.63
2022-04-09,21,PT1H,MC-BajoPutumayo,10833.19,11949.11
2022-04-09,22,PT1H,MC-BajoPutumayo,9823.71,10733.62
2022-04-09,23,PT1H,MC-BajoPutumayo,8638.92,9372.85
2022-04-09,24,PT1H,MC-BajoPutumayo,7717.55,8327.95
2023-10-26,1,PT1H,MC-BajoPutumayo,8189.37,8633.78
2023-10-26,2,PT1H,MC-BajoPutumayo,7746.55,8068.46
2023-10-26,3,PT1H,MC-BajoPutumayo,7513.12,7711.63
2023-10-26,4,PT1H,MC-BajoPutumayo,7323.51,7462.74
2023-10-26,5,PT1H,MC-BajoPutumayo,7324.85,7416.85
2023-10-26,6,PT1H,MC-BajoPutumayo,7810.41,7619.17
2023-10-26,7,PT1H,MC-BajoPutumayo,8548.5,8198.03
2023-10-26,8,PT1H,MC-BajoPutumayo,9214.68,9060.38
2023-10-26,9,PT1H,MC-BajoPutumayo,10685.95,10434.5
2023-10-26,10,PT1H,MC-BajoPutumayo,11644.46,11449.92
2023-10-26,11,PT1H,MC-BajoPutumayo,12453.97,12141.31
2023-10-26,12,PT1H,MC-BajoPutumayo,13273.91,12476.23
2023-10-26,13,PT1H,MC-BajoPutumayo,13106.05,12055.87
2023-10-26,14,PT1H,MC-BajoPutumayo,11802.8,12304.97
2023-10-26,15,PT1H,MC-BajoPutumayo,8304.77,12981.11
2023-10-26,16,PT1H,MC-BajoPutumayo,12070.29,13301.08
2023-10-26,17,PT1H,MC-BajoPutumayo,11979.01,13387.24
2023-10-26,18,PT1H,MC-BajoPutumayo,12054.53,13162.0
2023-10-26,19,PT1H,MC-BajoPutumayo,13098.83,13997.97
2023-10-26,20,PT1H,MC-BajoPutumayo,13342.13,13934.41
2023-10-26,21,PT1H,MC-BajoPutumayo,12329.87,13021.62
2023-10-26,22,PT1H,MC-BajoPutumayo,11081.47,11935.44
2023-10-26,23,PT1H,MC-BajoPutumayo,9572.71,10355.71
2023-10-26,24,PT1H,MC-BajoPutumayo,8330.2,9162.54
2024-11-01,1,PT1H,MC-BajoPutumayo,8941.95,8280.0
2024-11-01,2,PT1H,MC-BajoPutumayo,8414.16,7775.5
2024-11-01,3,PT1H,MC-BajoPutumayo,8172.74,7589.6
2024-11-01,4,PT1H,MC-BajoPutumayo,8059.54,7396.9
2024-11-01,5,PT1H,MC-BajoPutumayo,8161.1,7473.9
2024-11-01,6,PT1H,MC-BajoPutumayo,8539.51,7850.6
2024-11-01,7,PT1H,MC-BajoPutumayo,9208.42,8524.3
2024-11-01,8,PT1H,MC-BajoPutumayo,10751.35,9689.6
2024-11-01,9,PT1H,MC-BajoPutumayo,12147.12,10589.3
2024-11-01,10,PT1H,MC-BajoPutumayo,13257.66,11530.3
2024-11-01,11,PT1H,MC-BajoPutumayo,14139.8,12241.9
2024-11-01,12,PT1H,MC-BajoPutumayo,14287.83,12606.1
2024-11-01,13,PT1H,MC-BajoPutumayo,13868.9,12366.4
2024-11-01,14,PT1H,MC-BajoPutumayo,14635.34,12922.2
2024-11-01,15,PT1H,MC-BajoPutumayo,15700.24,13724.4
2024-11-01,16,PT1H,MC-BajoPutumayo,14389.42,13674.1
2024-11-01,17,PT1H,MC-BajoPutumayo,13885.11,13427.9
2024-11-01,18,PT1H,MC-BajoPutumayo,14709.11,13717.9
2024-11-01,19,PT1H,MC-BajoPutumayo,15715.1,14952.0
2024-11-01,20,PT1H,MC-BajoPutumayo,15116.6,13878.4
2024-11-01,21,PT1H,MC-BajoPutumayo,13522.19,13110.7
2024-11-01,22,PT1H,MC-BajoPutumayo,12194.23,11994.3
2024-11-01,23,PT1H,MC-BajoPutumayo,10831.39,10453.0
2024-11-01,24,PT1H,MC-BajoPutumayo,9688.36,9502.9
2022-05-01,1,PT1H,MC-BajoPutumayo,6948.8,7001.01
2022-05-01,2,PT1H,MC-BajoPutumayo,6539.3,6644.04
2022-05-01,3,PT1H,MC-BajoPutumayo,6274.06,6346.42
2022-05-01,4,PT1H,MC-BajoPutumayo,6186.49,6141.22
2022-05-01,5,PT1H,MC-BajoPutumayo,6126.05,5820.4
2022-05-01,6,PT1H,MC-BajoPutumayo,4734.95,6318.38
2022-05-01,7,PT1H,MC-BajoPutumayo,689.16,0.0
2022-05-01,8,PT1H,MC-BajoPutumayo,0.0,0.0
2022-05-01,9,PT1H,MC-BajoPutumayo,0.0,0.0
2022-05-01,10,PT1H,MC-BajoPutumayo,0.0,0.0
2022-05-01,11,PT1H,MC-BajoPutumayo,0.0,0.0
2022-05-01,12,PT1H,MC-BajoPutumayo,0.0,0.0
2022-05-01,13,PT1H,MC-BajoPutumayo,0.0,0.0
2022-05-01,14,PT1H,MC-BajoPutumayo,0.0,0.0
2022-05-01,15,PT1H,MC-BajoPutumayo,0.0,0.0
2022-05-01,16,PT1H,MC-BajoPutumayo,0.0,0.0
2022-05-01,17,PT1H,MC-BajoPutumayo,3899.76,9920.24
2022-05-01,18,PT1H,MC-BajoPutumayo,7083.21,10323.34
2022-05-01,19,PT1H,MC-BajoPutumayo,8416.04,11126.35
2022-05-01,20,PT1H,MC-BajoPutumayo,11245.6,11591.08
2022-05-01,21,PT1H,MC-BajoPutumayo,11815.75,11093.84
2022-05-01,22,PT1H,MC-BajoPutumayo,11312.63,10274.27
2022-05-01,23,PT1H,MC-BajoPutumayo,10219.96,9066.55
2022-05-01,24,PT1H,MC-BajoPutumayo,8643.55,7895.16
2024-06-12,1,PT1H,MC-BajoPutumayo,6950.69,7278.1
2024-06-12,2,PT1H,MC-BajoPutumayo,6522.23,6847.1
2024-06-12,3,PT1H,MC-BajoPutumayo,6298.09,6678.2
2024-06-12,4,PT1H,MC-BajoPutumayo,6275.75,6529.3
2024-06-12,5,PT1H,MC-BajoPutumayo,6422.77,6625.0
2024-06-12,6,PT1H,MC-BajoPutumayo,6906.19,7199.1
2024-06-12,7,PT1H,MC-BajoPutumayo,7559.77,7734.1
2024-06-12,8,PT1H,MC-BajoPutumayo,8564.84,8581.5
2024-06-12,9,PT1H,MC-BajoPutumayo,9799.22,9466.5
2024-06-12,10,PT1H,MC-BajoPutumayo,10727.39,9894.7
2024-06-12,11,PT1H,MC-BajoPutumayo,11525.27,10331.2
2024-06-12,12,PT1H,MC-BajoPutumayo,12135.6,10721.8
2024-06-12,13,PT1H,MC-BajoPutumayo,11781.78,10407.4
2024-06-12,14,PT1H,MC-BajoPutumayo,12148.8,10500.2
2024-06-12,15,PT1H,MC-BajoPutumayo,12833.13,11147.9
2024-06-12,16,PT1H,MC-BajoPutumayo,12778.68,11220.6
2024-06-12,17,PT1H,MC-BajoPutumayo,9384.06,11353.5
2024-06-12,18,PT1H,MC-BajoPutumayo,6027.73,11412.8
2024-06-12,19,PT1H,MC-BajoPutumayo,6744.03,12219.2
2024-06-12,20,PT1H,MC-BajoPutumayo,6790.54,12328.7
2024-06-12,21,PT1H,MC-BajoPutumayo,6262.49,11616.8
2024-06-12,22,PT1H,MC-BajoPutumayo,11126.39,10451.4
2024-06-12,23,PT1H,MC-BajoPutumayo,10164.12,9027.8
2024-06-12,24,PT1H,MC-BajoPutumayo,8609.62,7781.5
2025-06-20,1,PT1H,MC-BajoPutumayo,7422.67,8098.7
2025-06-20,2,PT1H,MC-BajoPutumayo,7014.55,7410.9
2025-06-20,3,PT1H,MC-BajoPutumayo,6828.14,7182.8
2025-06-20,4,PT1H,MC-BajoPutumayo,6658.22,7138.4
2025-06-20,5,PT1H,MC-BajoPutumayo,6725.75,7114.6
2025-06-20,6,PT1H,MC-BajoPutumayo,7199.25,7628.5
2025-06-20,7,PT1H,MC-BajoPutumayo,7886.9,8316.7
2025-06-20,8,PT1H,MC-BajoPutumayo,8694.73,9495.2
2025-06-20,9,PT1H,MC-BajoPutumayo,9803.86,10711.0
2025-06-20,10,PT1H,MC-BajoPutumayo,10237.55,11551.1
2025-06-20,11,PT1H,MC-BajoPutumayo,10844.09,12104.6
2025-06-20,12,PT1H,MC-BajoPutumayo,11498.29,12363.0
2025-06-20,13,PT1H,MC-BajoPutumayo,10887.88,11822.4
2025-06-20,14,PT1H,MC-BajoPutumayo,11370.66,11524.5
2025-06-20,15,PT1H,MC-BajoPutumayo,11416.25,11926.5
2025-06-20,16,PT1H,MC-BajoPutumayo,11227.47,12212.0
2025-06-20,17,PT1H,MC-BajoPutumayo,11292.93,12422.2
2025-06-20,18,PT1H,MC-BajoPutumayo,11701.68,12427.7
2025-06-20,19,PT1H,MC-BajoPutumayo,12946.1,13496.9
2025-06-20,20,PT1H,MC-BajoPutumayo,13027.94,13690.8
2025-06-20,21,PT1H,MC-BajoPutumayo,12247.22,12762.7
2025-06-20,22,PT1H,MC-BajoPutumayo,10959.69,11417.0
2025-06-20,23,PT1H,MC-BajoPutumayo,9362.32,9953.6
2025-06-20,24,PT1H,MC-BajoPutumayo,8261.24,8714.7
2023-02-15,1,PT1H,MC-BajoPutumayo,7216.8,7037.33
2023-02-15,2,PT1H,MC-BajoPutumayo,6720.88,6604.44
2023-02-15,3,PT1H,MC-BajoPutumayo,6461.89,6350.6
2023-02-15,4,PT1H,MC-BajoPutumayo,6328.88,6215.48
2023-02-15,5,PT1H,MC-BajoPutumayo,6286.87,6205.04
2023-02-15,6,PT1H,MC-BajoPutumayo,6834.0,6597.32
2023-02-15,7,PT1H,MC-BajoPutumayo,7736.78,7092.42
2023-02-15,8,PT1H,MC-BajoPutumayo,8378.86,8371.85
2023-02-15,9,PT1H,MC-BajoPutumayo,9450.08,9560.33
2023-02-15,10,PT1H,MC-BajoPutumayo,9870.89,10339.91
2023-02-15,11,PT1H,MC-BajoPutumayo,9973.23,11153.68
2023-02-15,12,PT1H,MC-BajoPutumayo,10053.54,11794.34
2023-02-15,13,PT1H,MC-BajoPutumayo,9901.26,11564.48
2023-02-15,14,PT1H,MC-BajoPutumayo,9429.51,11797.67
2023-02-15,15,PT1H,MC-BajoPutumayo,9583.25,12414.35
2023-02-15,16,PT1H,MC-BajoPutumayo,9851.64,12467.06
2023-02-15,17,PT1H,MC-BajoPutumayo,10087.92,12325.77
2023-02-15,18,PT1H,MC-BajoPutumayo,10611.41,12335.27
2023-02-15,19,PT1H,MC-BajoPutumayo,12226.4,12651.09
2023-02-15,20,PT1H,MC-BajoPutumayo,12862.39,13137.17
2023-02-15,21,PT1H,MC-BajoPutumayo,11976.39,12283.27
2023-02-15,22,PT1H,MC-BajoPutumayo,10639.19,11184.31
2023-02-15,23,PT1H,MC-BajoPutumayo,9099.92,9673.83
2023-02-15,24,PT1H,MC-BajoPutumayo,7620.58,8299.18
2025-12-24,1,PT1H,MC-BajoPutumayo,10641.49,9356.8
2025-12-24,2,PT1H,MC-BajoPutumayo,9738.98,8845.4
2025-12-24,3,PT1H,MC-BajoPutumayo,6069.89,8564.7
2025-12-24,4,PT1H,MC-BajoPutumayo,5663.85,8395.7
2025-12-24,5,PT1H,MC-BajoPutumayo,5581.75,8348.1
2025-12-24,6,PT1H,MC-BajoPutumayo,5635.93,8647.5
2025-12-24,7,PT1H,MC-BajoPutumayo,8451.25,9804.9
2025-12-24,8,PT1H,MC-BajoPutumayo,11901.65,10824.9
2025-12-24,9,PT1H,MC-BajoPutumayo,13422.63,12392.4
2025-12-24,10,PT1H,MC-BajoPutumayo,13172.29,13182.4
2025-12-24,11,PT1H,MC-BajoPutumayo,13296.16,13836.0
2025-12-24,12,PT1H,MC-BajoPutumayo,14140.33,14321.7
2025-12-24,13,PT1H,MC-BajoPutumayo,14250.46,13955.3
2025-12-24,14,PT1H,MC-BajoPutumayo,14218.52,14232.3
2025-12-24,15,PT1H,MC-BajoPutumayo,14554.44,15091.2
2025-12-24,16,PT1H,MC-BajoPutumayo,14669.64,15090.1
2025-12-24,17,PT1H,MC-BajoPutumayo,14982.25,15118.8
2025-12-24,18,PT1H,MC-BajoPutumayo,14081.86,15431.1
2025-12-24,19,PT1H,MC-BajoPutumayo,16405.78,17020.9
2025-12-24,20,PT1H,MC-BajoPutumayo,16072.72,16590.6
2025-12-24,21,PT1H,MC-BajoPutumayo,15113.55,15563.1
2025-12-24,22,PT1H,MC-BajoPutumayo,13625.73,14094.4
2025-12-24,23,PT1H,MC-BajoPutumayo,12338.6,11989.8
2025-12-24,24,PT1H,MC-BajoPutumayo,11586.65,10517.3
2025-11-10,1,PT1H,MC-BajoPutumayo,8348.64,7839.4
2025-11-10,2,PT1H,MC-BajoPutumayo,7833.67,7402.3
2025-11-10,3,PT1H,MC-BajoPutumayo,7566.21,7219.2
2025-11-10,4,PT1H,MC-BajoPutumayo,7462.09,7049.1
2025-11-10,5,PT1H,MC-BajoPutumayo,7594.97,7244.3
2025-11-10,6,PT1H,MC-BajoPutumayo,8376.78,7945.0
2025-11-10,7,PT1H,MC-BajoPutumayo,9159.44,8619.2
2025-11-10,8,PT1H,MC-BajoPutumayo,10170.29,9898.7
2025-11-10,9,PT1H,MC-BajoPutumayo,11177.2,11201.1
2025-11-10,10,PT1H,MC-BajoPutumayo,11710.8,12216.1
2025-11-10,11,PT1H,MC-BajoPutumayo,12295.33,12997.1
2025-11-10,12,PT1H,MC-BajoPutumayo,12697.2,13523.9
2025-11-10,13,PT1H,MC-BajoPutumayo,12061.07,12522.2
2025-11-10,14,PT1H,MC-BajoPutumayo,12118.46,12791.6
2025-11-10,15,PT1H,MC-BajoPutumayo,12677.69,13525.2
2025-11-10,16,PT1H,MC-BajoPutumayo,12872.19,13761.5
2025-11-10,17,PT1H,MC-BajoPutumayo,13031.02,13453.3
2025-11-10,18,PT1H,MC-BajoPutumayo,13600.5,13140.1
2025-11-10,19,PT1H,MC-BajoPutumayo,15245.71,15177.2
2025-11-10,20,PT1H,MC-BajoPutumayo,14879.35,15131.9
2025-11-10,21,PT1H,MC-BajoPutumayo,13981.94,14387.0
2025-11-10,22,PT1H,MC-BajoPutumayo,12518.41,12583.1
2025-11-10,23,PT1H,MC-BajoPutumayo,10688.68,10494.5
2025-11-10,24,PT1H,MC-BajoPutumayo,9204.51,8841.4
2025-07-09,1,PT1H,MC-BajoPutumayo,6834.33,6801.1
2025-07-09,2,PT1H,MC-BajoPutumayo,6485.34,6415.2
2025-07-09,3,PT1H,MC-BajoPutumayo,6305.12,6217.6
2025-07-09,4,PT1H,MC-BajoPutumayo,6216.62,6083.8
2025-07-09,5,PT1H,MC-BajoPutumayo,6280.32,6116.9
2025-07-09,6,PT1H,MC-BajoPutumayo,6954.6,6621.5
2025-07-09,7,PT1H,MC-BajoPutumayo,7907.51,7217.6
2025-07-09,8,PT1H,MC-BajoPutumayo,8424.67,7855.2
2025-07-09,9,PT1H,MC-BajoPutumayo,9529.02,8970.0
2025-07-09,10,PT1H,MC-BajoPutumayo,9959.68,9716.4
2025-07-09,11,PT1H,MC-BajoPutumayo,10234.31,10437.6
2025-07-09,12,PT1H,MC-BajoPutumayo,10622.66,10958.5
2025-07-09,13,PT1H,MC-BajoPutumayo,10246.89,10715.5
2025-07-09,14,PT1H,MC-BajoPutumayo,10116.79,10952.5
2025-07-09,15,PT1H,MC-BajoPutumayo,10380.77,11419.0
2025-07-09,16,PT1H,MC-BajoPutumayo,10380.57,11588.4
2025-07-09,17,PT1H,MC-BajoPutumayo,10525.06,11619.6
2025-07-09,18,PT1H,MC-BajoPutumayo,10831.93,11318.7
2025-07-09,19,PT1H,MC-BajoPutumayo,12116.03,12329.9
2025-07-09,20,PT1H,MC-BajoPutumayo,12399.68,12741.6
2025-07-09,21,PT1H,MC-BajoPutumayo,11433.27,11929.5
2025-07-09,22,PT1H,MC-BajoPutumayo,9977.34,10803.6
2025-07-09,23,PT1H,MC-BajoPutumayo,8366.7,9299.3
2025-07-09,24,PT1H,MC-BajoPutumayo,7260.89,8102.5
2025-09-06,1,PT1H,MC-BajoPutumayo,8693.46,8425.6
2025-09-06,2,PT1H,MC-BajoPutumayo,8049.19,7958.0
2025-09-06,3,PT1H,MC-BajoPutumayo,7633.06,7697.0
2025-09-06,4,PT1H,MC-BajoPutumayo,7456.66,7525.2
2025-09-06,5,PT1H,MC-BajoPutumayo,7437.85,7445.9
2025-09-06,6,PT1H,MC-BajoPutumayo,7674.16,7664.7
2025-09-06,7,PT1H,MC-BajoPutumayo,8210.48,7848.6
2025-09-06,8,PT1H,MC-BajoPutumayo,9170.7,8729.8
2025-09-06,9,PT1H,MC-BajoPutumayo,10525.22,10287.1
2025-09-06,10,PT1H,MC-BajoPutumayo,11609.45,11371.6
2025-09-06,11,PT1H,MC-BajoPutumayo,12310.49,11902.7
2025-09-06,12,PT1H,MC-BajoPutumayo,12739.66,12481.2
2025-09-06,13,PT1H,MC-BajoPutumayo,12837.25,12577.4
2025-09-06,14,PT1H,MC-BajoPutumayo,12863.78,12413.2
2025-09-06,15,PT1H,MC-BajoPutumayo,12946.97,12648.0
2025-09-06,16,PT1H,MC-BajoPutumayo,12792.4,12751.1
2025-09-06,17,PT1H,MC-BajoPutumayo,12448.11,12695.0
2025-09-06,18,PT1H,MC-BajoPutumayo,12599.44,12551.4
2025-09-06,19,PT1H,MC-BajoPutumayo,14273.27,13742.4
2025-09-06,20,PT1H,MC-BajoPutumayo,14479.98,14201.4
2025-09-06,21,PT1H,MC-BajoPutumayo,13578.87,13264.0
2025-09-06,22,PT1H,MC-BajoPutumayo,12290.23,12067.4
2025-09-06,23,PT1H,MC-BajoPutumayo,10815.87,10622.5
2025-09-06,24,PT1H,MC-BajoPutumayo,9555.8,9376.7
2025-01-29,1,PT1H,MC-BajoPutumayo,8107.39,8172.3
2025-01-29,2,PT1H,MC-BajoPutumayo,7768.76,7623.2
2025-01-29,3,PT1H,MC-BajoPutumayo,7482.25,7199.4
2025-01-29,4,PT1H,MC-BajoPutumayo,6785.13,7112.0
2025-01-29,5,PT1H,MC-BajoPutumayo,6763.68,6324.3
2025-01-29,6,PT1H,MC-BajoPutumayo,7232.79,6172.2
2025-01-29,7,PT1H,MC-BajoPutumayo,7629.25,6487.2
2025-01-29,8,PT1H,MC-BajoPutumayo,9194.76,8681.1
2025-01-29,9,PT1H,MC-BajoPutumayo,9484.66,9508.7
2025-01-29,10,PT1H,MC-BajoPutumayo,10503.67,10311.2
2025-01-29,11,PT1H,MC-BajoPutumayo,11263.88,11143.7
2025-01-29,12,PT1H,MC-BajoPutumayo,11625.74,11775.4
2025-01-29,13,PT1H,MC-BajoPutumayo,11274.59,11873.7
2025-01-29,14,PT1H,MC-BajoPutumayo,11336.06,11933.9
2025-01-29,15,PT1H,MC-BajoPutumayo,12322.83,12648.7
2025-01-29,16,PT1H,MC-BajoPutumayo,12635.64,12786.2
2025-01-29,17,PT1H,MC-BajoPutumayo,12746.69,12719.9
2025-01-29,18,PT1H,MC-BajoPutumayo,12540.12,12393.1
2025-01-29,19,PT1H,MC-BajoPutumayo,13266.35,12909.3
2025-01-29,20,PT1H,MC-BajoPutumayo,13934.25,13417.6
2025-01-29,21,PT1H,MC-BajoPutumayo,13134.81,12744.5
2025-01-29,22,PT1H,MC-BajoPutumayo,11847.4,11809.2
2025-01-29,23,PT1H,MC-BajoPutumayo,9988.96,10458.6
2025-01-29,24,PT1H,MC-BajoPutumayo,8716.53,9061.7
2022-12-27,1,PT1H,MC-BajoPutumayo,8137.89,8231.89
2022-12-27,2,PT1H,MC-BajoPutumayo,7263.7,7755.84
2022-12-27,3,PT1H,MC-BajoPutumayo,7082.89,7416.21
2022-12-27,4,PT1H,MC-BajoPutumayo,7152.0,7223.35
2022-12-27,5,PT1H,MC-BajoPutumayo,7324.41,7240.25
2022-12-27,6,PT1H,MC-BajoPutumayo,7034.54,7618.5
2022-12-27,7,PT1H,MC-BajoPutumayo,7416.34,8093.5
2022-12-27,8,PT1H,MC-BajoPutumayo,8877.02,9488.77
2022-12-27,9,PT1H,MC-BajoPutumayo,9841.55,10691.73
2022-12-27,10,PT1H,MC-BajoPutumayo,11594.34,11827.11
2022-12-27,11,PT1H,MC-BajoPutumayo,12012.8,12825.59
2022-12-27,12,PT1H,MC-BajoPutumayo,13068.42,13463.37
2022-12-27,13,PT1H,MC-BajoPutumayo,12820.49,12860.04
2022-12-27,14,PT1H,MC-BajoPutumayo,12869.47,13154.62
2022-12-27,15,PT1H,MC-BajoPutumayo,13511.39,13633.66
2022-12-27,16,PT1H,MC-BajoPutumayo,12346.67,13985.75
2022-12-27,17,PT1H,MC-BajoPutumayo,13566.94,13528.78
2022-12-27,18,PT1H,MC-BajoPutumayo,13108.26,13736.15
2022-12-27,19,PT1H,MC-BajoPutumayo,13977.02,14695.05
2022-12-27,20,PT1H,MC-BajoPutumayo,14425.17,14639.3
2022-12-27,21,PT1H,MC-BajoPutumayo,13933.34,14041.87
2022-12-27,22,PT1H,MC-BajoPutumayo,12641.86,12534.71
2022-12-27,23,PT1H,MC-BajoPutumayo,10376.0,10710.31
2022-12-27,24,PT1H,MC-BajoPutumayo,8776.03,9355.76
2023-04-21,1,PT1H,MC-BajoPutumayo,6577.41,7497.06
2023-04-21,2,PT1H,MC-BajoPutumayo,6210.33,6943.51
2023-04-21,3,PT1H,MC-BajoPutumayo,6093.87,6656.48
2023-04-21,4,PT1H,MC-BajoPutumayo,6021.09,6508.13
2023-04-21,5,PT1H,MC-BajoPutumayo,6138.69,6501.45
2023-04-21,6,PT1H,MC-BajoPutumayo,6840.08,7124.32
2023-04-21,7,PT1H,MC-BajoPutumayo,7513.62,7843.93
2023-04-21,8,PT1H,MC-BajoPutumayo,8029.41,8706.06
2023-04-21,9,PT1H,MC-BajoPutumayo,9335.31,9517.07
2023-04-21,10,PT1H,MC-BajoPutumayo,10054.74,10257.63
2023-04-21,11,PT1H,MC-BajoPutumayo,10410.69,11091.45
2023-04-21,12,PT1H,MC-BajoPutumayo,10851.67,11736.78
2023-04-21,13,PT1H,MC-BajoPutumayo,10522.88,11729.32
2023-04-21,14,PT1H,MC-BajoPutumayo,11017.77,12103.68
2023-04-21,15,PT1H,MC-BajoPutumayo,11573.99,12904.51
2023-04-21,16,PT1H,MC-BajoPutumayo,11493.18,12990.13
2023-04-21,17,PT1H,MC-BajoPutumayo,11533.85,12859.37
2023-04-21,18,PT1H,MC-BajoPutumayo,11571.76,12556.94
2023-04-21,19,PT1H,MC-BajoPutumayo,12879.88,13415.22
2023-04-21,20,PT1H,MC-BajoPutumayo,12960.2,13644.14
2023-04-21,21,PT1H,MC-BajoPutumayo,12042.05,12672.57
2023-04-21,22,PT1H,MC-BajoPutumayo,10880.52,11412.61
2023-04-21,23,PT1H,MC-BajoPutumayo,9358.18,9930.67
2023-04-21,24,PT1H,MC-BajoPutumayo,8047.14,8616.96
2025-09-22,1,PT1H,MC-BajoPutumayo,12816.93,8300.1
2025-09-22,2,PT1H,MC-BajoPutumayo,10687.2,7880.4
2025-09-22,3,PT1H,MC-BajoPutumayo,9271.49,7485.3
2025-09-22,4,PT1H,MC-BajoPutumayo,8918.78,7279.8
2025-09-22,5,PT1H,MC-BajoPutumayo,9159.84,7405.1
2025-09-22,6,PT1H,MC-BajoPutumayo,9584.68,8119.5
2025-09-22,7,PT1H,MC-BajoPutumayo,10482.41,9050.4
2025-09-22,8,PT1H,MC-BajoPutumayo,12348.27,9891.7
2025-09-22,9,PT1H,MC-BajoPutumayo,12898.72,11202.4
2025-09-22,10,PT1H,MC-BajoPutumayo,13410.32,12036.1
2025-09-22,11,PT1H,MC-BajoPutumayo,12389.82,12680.9
2025-09-22,12,PT1H,MC-BajoPutumayo,12469.56,13596.1
2025-09-22,13,PT1H,MC-BajoPutumayo,13025.05,13451.8
2025-09-22,14,PT1H,MC-BajoPutumayo,13033.06,13646.5
2025-09-22,15,PT1H,MC-BajoPutumayo,14141.18,14629.9
2025-09-22,16,PT1H,MC-BajoPutumayo,13697.65,15099.6
2025-09-22,17,PT1H,MC-BajoPutumayo,13896.57,14996.2
2025-09-22,18,PT1H,MC-BajoPutumayo,13823.43,14630.8
2025-09-22,19,PT1H,MC-BajoPutumayo,15765.99,15918.1
2025-09-22,20,PT1H,MC-BajoPutumayo,15681.59,16140.1
2025-09-22,21,PT1H,MC-BajoPutumayo,14807.44,15369.5
2025-09-22,22,PT1H,MC-BajoPutumayo,13226.24,13809.3
2025-09-22,23,PT1H,MC-BajoPutumayo,11157.42,11713.7
2025-09-22,24,PT1H,MC-BajoPutumayo,9715.43,10032.1
2025-08-16,1,PT1H,MC-BajoPutumayo,7784.36,7989.2
2025-08-16,2,PT1H,MC-BajoPutumayo,7445.45,7458.2
2025-08-16,3,PT1H,MC-BajoPutumayo,7330.79,7081.4
2025-08-16,4,PT1H,MC-BajoPutumayo,7111.63,6932.3
2025-08-16,5,PT1H,MC-BajoPutumayo,7054.81,6837.0
2025-08-16,6,PT1H,MC-BajoPutumayo,7237.69,7054.0
2025-08-16,7,PT1H,MC-BajoPutumayo,7692.3,7463.5
2025-08-16,8,PT1H,MC-BajoPutumayo,8657.86,8531.5
2025-08-16,9,PT1H,MC-BajoPutumayo,10263.05,9873.9
2025-08-16,10,PT1H,MC-BajoPutumayo,11155.72,10725.3
2025-08-16,11,PT1H,MC-BajoPutumayo,11795.29,11504.1
2025-08-16,12,PT1H,MC-BajoPutumayo,12243.83,11995.1
2025-08-16,13,PT1H,MC-BajoPutumayo,12045.22,11848.5
2025-08-16,14,PT1H,MC-BajoPutumayo,11745.06,11909.8
2025-08-16,15,PT1H,MC-BajoPutumayo,11915.8,12079.4
2025-08-16,16,PT1H,MC-BajoPutumayo,11849.44,12069.3
2025-08-16,17,PT1H,MC-BajoPutumayo,11529.9,12130.5
2025-08-16,18,PT1H,MC-BajoPutumayo,11359.53,12196.7
2025-08-16,19,PT1H,MC-BajoPutumayo,12536.06,13425.2
2025-08-16,20,PT1H,MC-BajoPutumayo,13053.79,13776.3
2025-08-16,21,PT1H,MC-BajoPutumayo,12128.35,12862.6
2025-08-16,22,PT1H,MC-BajoPutumayo,10992.68,11570.5
2025-08-16,23,PT1H,MC-BajoPutumayo,9628.26,9934.6
2025-08-16,24,PT1H,MC-BajoPutumayo,8650.86,8729.2
2023-11-10,1,PT1H,MC-BajoPutumayo,7940.35,7597.71
2023-11-10,2,PT1H,MC-BajoPutumayo,7433.33,7186.46
2023-11-10,3,PT1H,MC-BajoPutumayo,7166.27,6916.41
2023-11-10,4,PT1H,MC-BajoPutumayo,7018.78,6740.16
2023-11-10,5,PT1H,MC-BajoPutumayo,7120.6,6744.39
2023-11-10,6,PT1H,MC-BajoPutumayo,7616.41,7125.18
2023-11-10,7,PT1H,MC-BajoPutumayo,8241.26,7743.86
2023-11-10,8,PT1H,MC-BajoPutumayo,9219.91,8669.59
2023-11-10,9,PT1H,MC-BajoPutumayo,10325.93,9912.78
2023-11-10,10,PT1H,MC-BajoPutumayo,10785.28,10989.24
2023-11-10,11,PT1H,MC-BajoPutumayo,11497.93,11807.62
2023-11-10,12,PT1H,MC-BajoPutumayo,11789.1,12454.86
2023-11-10,13,PT1H,MC-BajoPutumayo,11263.44,12200.12
2023-11-10,14,PT1H,MC-BajoPutumayo,11287.68,12352.32
2023-11-10,15,PT1H,MC-BajoPutumayo,11848.97,12952.34
2023-11-10,16,PT1H,MC-BajoPutumayo,12362.96,13009.84
2023-11-10,17,PT1H,MC-BajoPutumayo,12523.09,12856.69
2023-11-10,18,PT1H,MC-BajoPutumayo,12452.63,12666.71
2023-11-10,19,PT1H,MC-BajoPutumayo,13643.45,13804.94
2023-11-10,20,PT1H,MC-BajoPutumayo,13446.15,13508.13
2023-11-10,21,PT1H,MC-BajoPutumayo,12522.43,12506.18
2023-11-10,22,PT1H,MC-BajoPutumayo,11448.86,11415.31
2023-11-10,23,PT1H,MC-BajoPutumayo,10075.34,10114.57
2023-11-10,24,PT1H,MC-BajoPutumayo,8909.62,8984.79
2025-03-06,1,PT1H,MC-BajoPutumayo,7170.69,8623.9
2025-03-06,2,PT1H,MC-BajoPutumayo,6821.46,8041.1
2025-03-06,3,PT1H,MC-BajoPutumayo,6689.13,7695.8
2025-03-06,4,PT1H,MC-BajoPutumayo,6605.34,7525.8
2025-03-06,5,PT1H,MC-BajoPutumayo,6734.65,7419.0
2025-03-06,6,PT1H,MC-BajoPutumayo,7475.29,7789.2
2025-03-06,7,PT1H,MC-BajoPutumayo,8130.06,8161.8
2025-03-06,8,PT1H,MC-BajoPutumayo,8536.81,8859.5
2025-03-06,9,PT1H,MC-BajoPutumayo,9473.36,9934.8
2025-03-06,10,PT1H,MC-BajoPutumayo,9925.63,10583.3
2025-03-06,11,PT1H,MC-BajoPutumayo,10886.73,11242.6
2025-03-06,12,PT1H,MC-BajoPutumayo,11055.41,11263.8
2025-03-06,13,PT1H,MC-BajoPutumayo,10572.07,11380.3
2025-03-06,14,PT1H,MC-BajoPutumayo,10447.81,11377.0
2025-03-06,15,PT1H,MC-BajoPutumayo,10657.67,11500.6
2025-03-06,16,PT1H,MC-BajoPutumayo,10755.83,11834.1
2025-03-06,17,PT1H,MC-BajoPutumayo,10937.51,11404.9
2025-03-06,18,PT1H,MC-BajoPutumayo,11100.61,11315.1
2025-03-06,19,PT1H,MC-BajoPutumayo,12210.81,12798.6
2025-03-06,20,PT1H,MC-BajoPutumayo,12595.32,14297.2
2025-03-06,21,PT1H,MC-BajoPutumayo,11893.71,13970.7
2025-03-06,22,PT1H,MC-BajoPutumayo,10483.99,12859.3
2025-03-06,23,PT1H,MC-BajoPutumayo,8952.87,10960.9
2025-03-06,24,PT1H,MC-BajoPutumayo,7735.05,9418.5
2025-06-09,1,PT1H,MC-BajoPutumayo,8034.73,9174.8
2025-06-09,2,PT1H,MC-BajoPutumayo,7560.44,8520.2
2025-06-09,3,PT1H,MC-BajoPutumayo,7256.96,7967.6
2025-06-09,4,PT1H,MC-BajoPutumayo,7055.29,7765.2
2025-06-09,5,PT1H,MC-BajoPutumayo,7063.07,7733.0
2025-06-09,6,PT1H,MC-BajoPutumayo,7647.14,8298.5
2025-06-09,7,PT1H,MC-BajoPutumayo,8377.32,8898.4
2025-06-09,8,PT1H,MC-BajoPutumayo,9048.05,9397.3
2025-06-09,9,PT1H,MC-BajoPutumayo,10177.43,10066.4
2025-06-09,10,PT1H,MC-BajoPutumayo,11013.51,10292.1
2025-06-09,11,PT1H,MC-BajoPutumayo,11870.46,10591.4
2025-06-09,12,PT1H,MC-BajoPutumayo,12738.03,10886.7
2025-06-09,13,PT1H,MC-BajoPutumayo,12651.94,10559.7
2025-06-09,14,PT1H,MC-BajoPutumayo,12574.9,10326.2
2025-06-09,15,PT1H,MC-BajoPutumayo,12222.93,10831.0
2025-06-09,16,PT1H,MC-BajoPutumayo,12215.92,11071.2
2025-06-09,17,PT1H,MC-BajoPutumayo,12008.02,11131.0
2025-06-09,18,PT1H,MC-BajoPutumayo,11971.56,11189.5
2025-06-09,19,PT1H,MC-BajoPutumayo,13532.43,12529.3
2025-06-09,20,PT1H,MC-BajoPutumayo,13877.08,12883.7
2025-06-09,21,PT1H,MC-BajoPutumayo,13027.6,12033.1
2025-06-09,22,PT1H,MC-BajoPutumayo,11900.79,10742.2
2025-06-09,23,PT1H,MC-BajoPutumayo,10223.6,9130.6
2025-06-09,24,PT1H,MC-BajoPutumayo,8877.46,7850.8
2025-04-21,1,PT1H,MC-BajoPutumayo,8172.32,7905.9
2025-04-21,2,PT1H,MC-BajoPutumayo,7650.72,7588.5
2025-04-21,3,PT1H,MC-BajoPutumayo,7343.41,7289.3
2025-04-21,4,PT1H,MC-BajoPutumayo,7127.69,7175.0
2025-04-21,5,PT1H,MC-BajoPutumayo,7083.8,7233.2
2025-04-21,6,PT1H,MC-BajoPutumayo,7703.64,7759.1
2025-04-21,7,PT1H,MC-BajoPutumayo,8242.35,8419.2
2025-04-21,8,PT1H,MC-BajoPutumayo,9180.03,9161.3
2025-04-21,9,PT1H,MC-BajoPutumayo,10625.25,10203.9
2025-04-21,10,PT1H,MC-BajoPutumayo,11856.45,10869.5
2025-04-21,11,PT1H,MC-BajoPutumayo,12667.82,11405.2
2025-04-21,12,PT1H,MC-BajoPutumayo,13596.42,11718.6
2025-04-21,13,PT1H,MC-BajoPutumayo,13378.33,11871.3
2025-04-21,14,PT1H,MC-BajoPutumayo,13777.77,12103.0
2025-04-21,15,PT1H,MC-BajoPutumayo,14785.7,12662.7
2025-04-21,16,PT1H,MC-BajoPutumayo,14985.18,12703.1
2025-04-21,17,PT1H,MC-BajoPutumayo,14808.89,12504.1
2025-04-21,18,PT1H,MC-BajoPutumayo,14403.55,12484.4
2025-04-21,19,PT1H,MC-BajoPutumayo,15233.66,13535.0
2025-04-21,20,PT1H,MC-BajoPutumayo,15639.02,14067.7
2025-04-21,21,PT1H,MC-BajoPutumayo,14724.95,13159.1
2025-04-21,22,PT1H,MC-BajoPutumayo,13344.59,11960.4
2025-04-21,23,PT1H,MC-BajoPutumayo,11528.03,10119.6
2025-04-21,24,PT1H,MC-BajoPutumayo,9896.2,8881.2
2024-08-22,1,PT1H,MC-BajoPutumayo,8419.81,8206.6
2024-08-22,2,PT1H,MC-BajoPutumayo,8163.62,7587.9
2024-08-22,3,PT1H,MC-BajoPutumayo,7667.98,7415.6
2024-08-22,4,PT1H,MC-BajoPutumayo,7374.43,7015.0
2024-08-22,5,PT1H,MC-BajoPutumayo,7448.18,7225.6
2024-08-22,6,PT1H,MC-BajoPutumayo,8173.05,7777.9
2024-08-22,7,PT1H,MC-BajoPutumayo,8831.86,8420.7
2024-08-22,8,PT1H,MC-BajoPutumayo,9698.44,9726.9
2024-08-22,9,PT1H,MC-BajoPutumayo,10616.09,10857.3
2024-08-22,10,PT1H,MC-BajoPutumayo,11917.13,11808.6
2024-08-22,11,PT1H,MC-BajoPutumayo,13038.11,12647.4
2024-08-22,12,PT1H,MC-BajoPutumayo,13354.36,13111.9
2024-08-22,13,PT1H,MC-BajoPutumayo,12831.25,12825.2
2024-08-22,14,PT1H,MC-BajoPutumayo,13431.82,12693.9
2024-08-22,15,PT1H,MC-BajoPutumayo,13757.28,12543.3
2024-08-22,16,PT1H,MC-BajoPutumayo,13464.7,12444.0
2024-08-22,17,PT1H,MC-BajoPutumayo,13446.59,12440.3
2024-08-22,18,PT1H,MC-BajoPutumayo,13624.66,12572.6
2024-08-22,19,PT1H,MC-BajoPutumayo,14652.46,14415.9
2024-08-22,20,PT1H,MC-BajoPutumayo,14568.97,15439.3
2024-08-22,21,PT1H,MC-BajoPutumayo,13751.98,14608.1
2024-08-22,22,PT1H,MC-BajoPutumayo,12324.92,13189.4
2024-08-22,23,PT1H,MC-BajoPutumayo,10675.19,11047.7
2024-08-22,24,PT1H,MC-BajoPutumayo,9279.69,9213.3
2023-05-29,1,PT1H,MC-BajoPutumayo,7892.42,7250.17
2023-05-29,2,PT1H,MC-BajoPutumayo,7374.0,6801.92
2023-05-29,3,PT1H,MC-BajoPutumayo,7083.25,6560.59
2023-05-29,4,PT1H,MC-BajoPutumayo,6875.89,6380.75
2023-05-29,5,PT1H,MC-BajoPutumayo,6847.86,6221.46
2023-05-29,6,PT1H,MC-BajoPutumayo,7344.16,6512.12
2023-05-29,7,PT1H,MC-BajoPutumayo,8008.95,7374.48
2023-05-29,8,PT1H,MC-BajoPutumayo,8778.57,8127.16
2023-05-29,9,PT1H,MC-BajoPutumayo,9923.6,9298.48
2023-05-29,10,PT1H,MC-BajoPutumayo,11013.51,10141.17
2023-05-29,11,PT1H,MC-BajoPutumayo,12099.38,10873.43
2023-05-29,12,PT1H,MC-BajoPutumayo,12567.88,11608.03
2023-05-29,13,PT1H,MC-BajoPutumayo,12223.62,11403.59
2023-05-29,14,PT1H,MC-BajoPutumayo,12432.54,11424.18
2023-05-29,15,PT1H,MC-BajoPutumayo,13195.51,11856.21
2023-05-29,16,PT1H,MC-BajoPutumayo,13440.31,12015.53
2023-05-29,17,PT1H,MC-BajoPutumayo,13539.2,11688.74
2023-05-29,18,PT1H,MC-BajoPutumayo,13282.33,11678.53
2023-05-29,19,PT1H,MC-BajoPutumayo,14204.6,12944.56
2023-05-29,20,PT1H,MC-BajoPutumayo,14297.8,13164.1
2023-05-29,21,PT1H,MC-BajoPutumayo,13648.42,12422.55
2023-05-29,22,PT1H,MC-BajoPutumayo,11968.6,11218.86
2023-05-29,23,PT1H,MC-BajoPutumayo,9612.15,9545.41
2023-05-29,24,PT1H,MC-BajoPutumayo,8525.06,8171.51
2024-01-27,1,PT1H,MC-BajoPutumayo,9393.08,8397.4
2024-01-27,2,PT1H,MC-BajoPutumayo,8741.11,7595.06
2024-01-27,3,PT1H,MC-BajoPutumayo,8273.74,7039.46
2024-01-27,4,PT1H,MC-BajoPutumayo,7966.96,6783.83
2024-01-27,5,PT1H,MC-BajoPutumayo,7787.29,6683.72
2024-01-27,6,PT1H,MC-BajoPutumayo,7875.5,6784.1
2024-01-27,7,PT1H,MC-BajoPutumayo,7995.55,7055.4
2024-01-27,8,PT1H,MC-BajoPutumayo,9041.64,8348.27
2024-01-27,9,PT1H,MC-BajoPutumayo,10213.86,9712.06
2024-01-27,10,PT1H,MC-BajoPutumayo,11548.97,10639.92
2024-01-27,11,PT1H,MC-BajoPutumayo,12735.18,11271.13
2024-01-27,12,PT1H,MC-BajoPutumayo,13418.62,12171.12
2024-01-27,13,PT1H,MC-BajoPutumayo,13307.17,12823.01
2024-01-27,14,PT1H,MC-BajoPutumayo,13304.46,13011.84
2024-01-27,15,PT1H,MC-BajoPutumayo,13452.84,13112.97
2024-01-27,16,PT1H,MC-BajoPutumayo,13505.04,12709.98
2024-01-27,17,PT1H,MC-BajoPutumayo,13403.51,12292.87
2024-01-27,18,PT1H,MC-BajoPutumayo,13176.57,12069.85
2024-01-27,19,PT1H,MC-BajoPutumayo,14082.61,13134.57
2024-01-27,20,PT1H,MC-BajoPutumayo,14990.87,13723.19
2024-01-27,21,PT1H,MC-BajoPutumayo,14226.65,13236.61
2024-01-27,22,PT1H,MC-BajoPutumayo,13438.26,12373.78
2024-01-27,23,PT1H,MC-BajoPutumayo,12253.65,10978.75
2024-01-27,24,PT1H,MC-BajoPutumayo,10933.79,9614.21
2022-04-14,1,PT1H,MC-BajoPutumayo,7470.54,6376.31
2022-04-14,2,PT1H,MC-BajoPutumayo,6796.06,5994.29
2022-04-14,3,PT1H,MC-BajoPutumayo,6189.93,5816.06
2022-04-14,4,PT1H,MC-BajoPutumayo,6069.13,5707.66
2022-04-14,5,PT1H,MC-BajoPutumayo,5908.71,5679.8
2022-04-14,6,PT1H,MC-BajoPutumayo,5802.46,6206.22
2022-04-14,7,PT1H,MC-BajoPutumayo,6660.52,7076.47
2022-04-14,8,PT1H,MC-BajoPutumayo,7319.59,7520.83
2022-04-14,9,PT1H,MC-BajoPutumayo,8369.88,8208.59
2022-04-14,10,PT1H,MC-BajoPutumayo,9030.26,8708.82
2022-04-14,11,PT1H,MC-BajoPutumayo,9674.38,9140.3
2022-04-14,12,PT1H,MC-BajoPutumayo,10632.74,9477.55
2022-04-14,13,PT1H,MC-BajoPutumayo,10455.19,9569.64
2022-04-14,14,PT1H,MC-BajoPutumayo,9882.15,9859.61
2022-04-14,15,PT1H,MC-BajoPutumayo,10102.06,10486.25
2022-04-14,16,PT1H,MC-BajoPutumayo,9760.03,10788.19
2022-04-14,17,PT1H,MC-BajoPutumayo,9651.92,10761.44
2022-04-14,18,PT1H,MC-BajoPutumayo,9780.83,10624.24
2022-04-14,19,PT1H,MC-BajoPutumayo,11022.19,11498.57
2022-04-14,20,PT1H,MC-BajoPutumayo,11601.77,12008.2
2022-04-14,21,PT1H,MC-BajoPutumayo,11174.73,11341.71
2022-04-14,22,PT1H,MC-BajoPutumayo,10348.01,10285.9
2022-04-14,23,PT1H,MC-BajoPutumayo,9196.3,8765.47
2022-04-14,24,PT1H,MC-BajoPutumayo,7267.23,7326.9
2022-06-07,1,PT1H,MC-BajoPutumayo,5922.75,6663.31
2022-06-07,2,PT1H,MC-BajoPutumayo,6529.57,6293.72
2022-06-07,3,PT1H,MC-BajoPutumayo,6456.0,6014.28
2022-06-07,4,PT1H,MC-BajoPutumayo,6033.73,5904.0
2022-06-07,5,PT1H,MC-BajoPutumayo,6167.29,5973.89
2022-06-07,6,PT1H,MC-BajoPutumayo,6952.63,6491.59
2022-06-07,7,PT1H,MC-BajoPutumayo,7713.55,7153.0
2022-06-07,8,PT1H,MC-BajoPutumayo,8362.03,8040.59
2022-06-07,9,PT1H,MC-BajoPutumayo,9409.4,8680.83
2022-06-07,10,PT1H,MC-BajoPutumayo,10039.75,9597.46
2022-06-07,11,PT1H,MC-BajoPutumayo,10632.19,10123.74
2022-06-07,12,PT1H,MC-BajoPutumayo,10966.07,10369.52
2022-06-07,13,PT1H,MC-BajoPutumayo,10440.68,10026.25
2022-06-07,14,PT1H,MC-BajoPutumayo,10782.29,9758.06
2022-06-07,15,PT1H,MC-BajoPutumayo,11423.18,10216.31
2022-06-07,16,PT1H,MC-BajoPutumayo,11314.6,10492.34
2022-06-07,17,PT1H,MC-BajoPutumayo,11401.13,10666.55
2022-06-07,18,PT1H,MC-BajoPutumayo,11263.62,10830.38
2022-06-07,19,PT1H,MC-BajoPutumayo,12413.21,11880.7
2022-06-07,20,PT1H,MC-BajoPutumayo,12851.96,12237.43
2022-06-07,21,PT1H,MC-BajoPutumayo,12101.34,11591.01
2022-06-07,22,PT1H,MC-BajoPutumayo,10789.94,10352.13
2022-06-07,23,PT1H,MC-BajoPutumayo,8884.36,8744.84
2022-06-07,24,PT1H,MC-BajoPutumayo,7693.16,7462.28
2025-11-24,1,PT1H,MC-BajoPutumayo,8767.11,8410.3
2025-11-24,2,PT1H,MC-BajoPutumayo,8424.81,7904.2
2025-11-24,3,PT1H,MC-BajoPutumayo,8154.49,7595.4
2025-11-24,4,PT1H,MC-BajoPutumayo,7797.8,7447.2
2025-11-24,5,PT1H,MC-BajoPutumayo,7862.4,7551.6
2025-11-24,6,PT1H,MC-BajoPutumayo,7897.45,8082.3
2025-11-24,7,PT1H,MC-BajoPutumayo,8634.7,8743.3
2025-11-24,8,PT1H,MC-BajoPutumayo,9680.77,9664.9
2025-11-24,9,PT1H,MC-BajoPutumayo,10883.4,10806.5
2025-11-24,10,PT1H,MC-BajoPutumayo,11297.63,11526.9
2025-11-24,11,PT1H,MC-BajoPutumayo,10958.07,12134.7
2025-11-24,12,PT1H,MC-BajoPutumayo,10899.83,12590.4
2025-11-24,13,PT1H,MC-BajoPutumayo,10916.92,12179.7
2025-11-24,14,PT1H,MC-BajoPutumayo,11098.22,12292.6
2025-11-24,15,PT1H,MC-BajoPutumayo,11795.6,12623.6
2025-11-24,16,PT1H,MC-BajoPutumayo,11830.89,12682.6
2025-11-24,17,PT1H,MC-BajoPutumayo,12102.68,12708.0
2025-11-24,18,PT1H,MC-BajoPutumayo,12960.07,13294.7
2025-11-24,19,PT1H,MC-BajoPutumayo,14323.29,14820.3
2025-11-24,20,PT1H,MC-BajoPutumayo,13752.56,14506.5
2025-11-24,21,PT1H,MC-BajoPutumayo,13266.5,13680.5
2025-11-24,22,PT1H,MC-BajoPutumayo,12126.77,12207.8
2025-11-24,23,PT1H,MC-BajoPutumayo,10586.33,10422.7
2025-11-24,24,PT1H,MC-BajoPutumayo,9194.49,9009.4
2024-01-23,1,PT1H,MC-BajoPutumayo,8371.19,8521.83
2024-01-23,2,PT1H,MC-BajoPutumayo,7837.99,8216.07
2024-01-23,3,PT1H,MC-BajoPutumayo,7566.92,7965.73
2024-01-23,4,PT1H,MC-BajoPutumayo,7374.85,7789.89
2024-01-23,5,PT1H,MC-BajoPutumayo,7327.51,7779.19
2024-01-23,6,PT1H,MC-BajoPutumayo,7592.49,7958.91
2024-01-23,7,PT1H,MC-BajoPutumayo,7958.64,8228.19
2024-01-23,8,PT1H,MC-BajoPutumayo,8953.07,9456.61
2024-01-23,9,PT1H,MC-BajoPutumayo,10235.52,10785.72
2024-01-23,10,PT1H,MC-BajoPutumayo,11417.46,11553.84
2024-01-23,11,PT1H,MC-BajoPutumayo,12304.96,12069.57
2024-01-23,12,PT1H,MC-BajoPutumayo,12890.1,12492.87
2024-01-23,13,PT1H,MC-BajoPutumayo,12513.61,12155.38
2024-01-23,14,PT1H,MC-BajoPutumayo,12633.96,11855.92
2024-01-23,15,PT1H,MC-BajoPutumayo,13522.81,12167.79
2024-01-23,16,PT1H,MC-BajoPutumayo,14457.78,12155.51
2024-01-23,17,PT1H,MC-BajoPutumayo,14335.33,12174.09
2024-01-23,18,PT1H,MC-BajoPutumayo,14008.39,12268.68
2024-01-23,19,PT1H,MC-BajoPutumayo,14329.8,13536.37
2024-01-23,20,PT1H,MC-BajoPutumayo,14309.37,14016.41
2024-01-23,21,PT1H,MC-BajoPutumayo,13548.69,13261.64
2024-01-23,22,PT1H,MC-BajoPutumayo,12658.0,11819.71
2024-01-23,23,PT1H,MC-BajoPutumayo,11087.27,10379.05
2024-01-23,24,PT1H,MC-BajoPutumayo,9462.59,9015.31
2024-08-26,1,PT1H,MC-BajoPutumayo,7672.45,7292.8
2024-08-26,2,PT1H,MC-BajoPutumayo,7199.92,6935.2
2024-08-26,3,PT1H,MC-BajoPutumayo,6899.08,6757.2
2024-08-26,4,PT1H,MC-BajoPutumayo,6753.84,6633.3
2024-08-26,5,PT1H,MC-BajoPutumayo,6840.81,6783.7
2024-08-26,6,PT1H,MC-BajoPutumayo,7406.58,7516.8
2024-08-26,7,PT1H,MC-BajoPutumayo,8249.44,8163.4
2024-08-26,8,PT1H,MC-BajoPutumayo,9027.65,8966.1
2024-08-26,9,PT1H,MC-BajoPutumayo,9875.08,9936.8
2024-08-26,10,PT1H,MC-BajoPutumayo,10179.63,10415.7
2024-08-26,11,PT1H,MC-BajoPutumayo,10445.1,10883.5
2024-08-26,12,PT1H,MC-BajoPutumayo,10573.52,11449.0
2024-08-26,13,PT1H,MC-BajoPutumayo,10457.49,11282.7
2024-08-26,14,PT1H,MC-BajoPutumayo,10972.23,11420.6
2024-08-26,15,PT1H,MC-BajoPutumayo,12039.87,11762.7
2024-08-26,16,PT1H,MC-BajoPutumayo,11629.87,11720.3
2024-08-26,17,PT1H,MC-BajoPutumayo,11573.85,11677.5
2024-08-26,18,PT1H,MC-BajoPutumayo,11640.55,11622.6
2024-08-26,19,PT1H,MC-BajoPutumayo,12789.58,12776.3
2024-08-26,20,PT1H,MC-BajoPutumayo,12849.69,12778.9
2024-08-26,21,PT1H,MC-BajoPutumayo,11924.73,11881.3
2024-08-26,22,PT1H,MC-BajoPutumayo,10403.24,10410.5
2024-08-26,23,PT1H,MC-BajoPutumayo,8562.31,8772.4
2024-08-26,24,PT1H,MC-BajoPutumayo,7577.04,7583.9
2022-10-02,1,PT1H,MC-BajoPutumayo,8407.29,7011.83
2022-10-02,2,PT1H,MC-BajoPutumayo,7931.35,6583.53
2022-10-02,3,PT1H,MC-BajoPutumayo,7552.07,6234.19
2022-10-02,4,PT1H,MC-BajoPutumayo,7123.37,6000.71
2022-10-02,5,PT1H,MC-BajoPutumayo,7024.7,5886.36
2022-10-02,6,PT1H,MC-BajoPutumayo,7375.36,6019.74
2022-10-02,7,PT1H,MC-BajoPutumayo,7815.89,6408.61
2022-10-02,8,PT1H,MC-BajoPutumayo,7980.32,7351.91
2022-10-02,9,PT1H,MC-BajoPutumayo,9510.46,8401.67
2022-10-02,10,PT1H,MC-BajoPutumayo,10018.09,9257.49
2022-10-02,11,PT1H,MC-BajoPutumayo,10565.62,9849.45
2022-10-02,12,PT1H,MC-BajoPutumayo,11073.93,10242.42
2022-10-02,13,PT1H,MC-BajoPutumayo,11446.69,10473.32
2022-10-02,14,PT1H,MC-BajoPutumayo,11517.65,10460.15
2022-10-02,15,PT1H,MC-BajoPutumayo,11603.77,10507.38
2022-10-02,16,PT1H,MC-BajoPutumayo,11527.31,10492.43
2022-10-02,17,PT1H,MC-BajoPutumayo,11423.54,10473.84
2022-10-02,18,PT1H,MC-BajoPutumayo,11384.4,10511.41
2022-10-02,19,PT1H,MC-BajoPutumayo,12907.55,11817.9
2022-10-02,20,PT1H,MC-BajoPutumayo,13238.5,12089.33
2022-10-02,21,PT1H,MC-BajoPutumayo,12726.91,11439.06
2022-10-02,22,PT1H,MC-BajoPutumayo,11944.62,10382.75
2022-10-02,23,PT1H,MC-BajoPutumayo,10517.43,8482.11
2022-10-02,24,PT1H,MC-BajoPutumayo,9257.41,6817.72
2024-03-04,1,PT1H,MC-BajoPutumayo,7547.25,8441.7
2024-03-04,2,PT1H,MC-BajoPutumayo,7026.99,7881.44
2024-03-04,3,PT1H,MC-BajoPutumayo,6810.66,7562.47
2024-03-04,4,PT1H,MC-BajoPutumayo,6635.54,7376.03
2024-03-04,5,PT1H,MC-BajoPutumayo,6703.82,7344.65
2024-03-04,6,PT1H,MC-BajoPutumayo,7335.57,7685.45
2024-03-04,7,PT1H,MC-BajoPutumayo,8051.36,8090.4
2024-03-04,8,PT1H,MC-BajoPutumayo,8774.54,9022.58
2024-03-04,9,PT1H,MC-BajoPutumayo,9835.41,10226.84
2024-03-04,10,PT1H,MC-BajoPutumayo,10622.67,11123.76
2024-03-04,11,PT1H,MC-BajoPutumayo,11729.92,11857.65
2024-03-04,12,PT1H,MC-BajoPutumayo,12446.32,12693.74
2024-03-04,13,PT1H,MC-BajoPutumayo,12462.17,12367.14
2024-03-04,14,PT1H,MC-BajoPutumayo,12730.33,12420.88
2024-03-04,15,PT1H,MC-BajoPutumayo,13547.76,13065.78
2024-03-04,16,PT1H,MC-BajoPutumayo,13979.16,13342.4
2024-03-04,17,PT1H,MC-BajoPutumayo,13814.28,13266.48
2024-03-04,18,PT1H,MC-BajoPutumayo,13060.56,12915.44
2024-03-04,19,PT1H,MC-BajoPutumayo,13365.19,13357.81
2024-03-04,20,PT1H,MC-BajoPutumayo,13902.44,13971.07
2024-03-04,21,PT1H,MC-BajoPutumayo,13202.92,13272.21
2024-03-04,22,PT1H,MC-BajoPutumayo,11907.61,12217.74
2024-03-04,23,PT1H,MC-BajoPutumayo,10177.21,10638.36
2024-03-04,24,PT1H,MC-BajoPutumayo,8916.51,9070.27
2024-01-28,1,PT1H,MC-BajoPutumayo,9856.82,8914.27
2024-01-28,2,PT1H,MC-BajoPutumayo,9224.17,8232.23
2024-01-28,3,PT1H,MC-BajoPutumayo,8728.89,7816.35
2024-01-28,4,PT1H,MC-BajoPutumayo,8449.88,7572.07
2024-01-28,5,PT1H,MC-BajoPutumayo,8280.66,7465.63
2024-01-28,6,PT1H,MC-BajoPutumayo,8216.36,7518.23
2024-01-28,7,PT1H,MC-BajoPutumayo,8215.54,7767.66
2024-01-28,8,PT1H,MC-BajoPutumayo,9076.37,8838.34
2024-01-28,9,PT1H,MC-BajoPutumayo,10316.46,10180.06
2024-01-28,10,PT1H,MC-BajoPutumayo,11238.4,10974.06
2024-01-28,11,PT1H,MC-BajoPutumayo,11732.73,11336.54
2024-01-28,12,PT1H,MC-BajoPutumayo,12282.09,11549.17
2024-01-28,13,PT1H,MC-BajoPutumayo,12445.93,11831.67
2024-01-28,14,PT1H,MC-BajoPutumayo,12208.5,12094.13
2024-01-28,15,PT1H,MC-BajoPutumayo,12105.92,12290.6
2024-01-28,16,PT1H,MC-BajoPutumayo,12129.61,12363.03
2024-01-28,17,PT1H,MC-BajoPutumayo,12117.58,12480.61
2024-01-28,18,PT1H,MC-BajoPutumayo,11920.19,11718.93
2024-01-28,19,PT1H,MC-BajoPutumayo,12759.54,13402.51
2024-01-28,20,PT1H,MC-BajoPutumayo,13850.07,13791.61
2024-01-28,21,PT1H,MC-BajoPutumayo,13541.85,13166.58
2024-01-28,22,PT1H,MC-BajoPutumayo,12942.55,12270.59
2024-01-28,23,PT1H,MC-BajoPutumayo,11736.31,11290.95
2024-01-28,24,PT1H,MC-BajoPutumayo,10485.07,10376.12
2024-02-09,1,PT1H,MC-BajoPutumayo,8465.84,8003.71
2024-02-09,2,PT1H,MC-BajoPutumayo,8240.16,7519.31
2024-02-09,3,PT1H,MC-BajoPutumayo,7942.2,7181.22
2024-02-09,4,PT1H,MC-BajoPutumayo,7746.66,6971.95
2024-02-09,5,PT1H,MC-BajoPutumayo,7723.24,6902.54
2024-02-09,6,PT1H,MC-BajoPutumayo,8234.41,7023.79
2024-02-09,7,PT1H,MC-BajoPutumayo,8982.93,7197.66
2024-02-09,8,PT1H,MC-BajoPutumayo,9732.38,8141.02
2024-02-09,9,PT1H,MC-BajoPutumayo,10951.81,9259.09
2024-02-09,10,PT1H,MC-BajoPutumayo,11509.03,10083.35
2024-02-09,11,PT1H,MC-BajoPutumayo,11656.17,10820.46
2024-02-09,12,PT1H,MC-BajoPutumayo,11706.35,11308.32
2024-02-09,13,PT1H,MC-BajoPutumayo,11023.37,11265.31
2024-02-09,14,PT1H,MC-BajoPutumayo,10916.64,11303.52
2024-02-09,15,PT1H,MC-BajoPutumayo,11529.77,11568.03
2024-02-09,16,PT1H,MC-BajoPutumayo,11754.91,11790.86
2024-02-09,17,PT1H,MC-BajoPutumayo,11842.29,11811.95
2024-02-09,18,PT1H,MC-BajoPutumayo,11808.78,11561.77
2024-02-09,19,PT1H,MC-BajoPutumayo,12326.81,12234.68
2024-02-09,20,PT1H,MC-BajoPutumayo,13457.71,12915.58
2024-02-09,21,PT1H,MC-BajoPutumayo,12770.06,12319.09
2024-02-09,22,PT1H,MC-BajoPutumayo,11593.5,11492.52
2024-02-09,23,PT1H,MC-BajoPutumayo,10004.29,10352.83
2024-02-09,24,PT1H,MC-BajoPutumayo,8794.76,9218.65
2022-11-20,1,PT1H,MC-BajoPutumayo,8289.43,8351.29
2022-11-20,2,PT1H,MC-BajoPutumayo,7808.34,7815.82
2022-11-20,3,PT1H,MC-BajoPutumayo,7366.11,7447.52
2022-11-20,4,PT1H,MC-BajoPutumayo,7109.12,7211.03
2022-11-20,5,PT1H,MC-BajoPutumayo,3700.21,1953.33
2022-11-20,6,PT1H,MC-BajoPutumayo,2563.43,1916.67
2022-11-20,7,PT1H,MC-BajoPutumayo,6076.21,7174.77
2022-11-20,8,PT1H,MC-BajoPutumayo,8822.11,8070.79
2022-11-20,9,PT1H,MC-BajoPutumayo,9611.35,9090.18
2022-11-20,10,PT1H,MC-BajoPutumayo,10514.56,9837.51
2022-11-20,11,PT1H,MC-BajoPutumayo,11031.99,10463.29
2022-11-20,12,PT1H,MC-BajoPutumayo,11491.44,11124.87
2022-11-20,13,PT1H,MC-BajoPutumayo,11643.68,11149.04
2022-11-20,14,PT1H,MC-BajoPutumayo,11646.28,11023.84
2022-11-20,15,PT1H,MC-BajoPutumayo,11688.74,10858.73
2022-11-20,16,PT1H,MC-BajoPutumayo,11557.84,10625.21
2022-11-20,17,PT1H,MC-BajoPutumayo,11495.04,10382.1
2022-11-20,18,PT1H,MC-BajoPutumayo,11488.96,10557.7
2022-11-20,19,PT1H,MC-BajoPutumayo,12772.49,11700.02
2022-11-20,20,PT1H,MC-BajoPutumayo,12887.54,11922.14
2022-11-20,21,PT1H,MC-BajoPutumayo,12343.17,11305.26
2022-11-20,22,PT1H,MC-BajoPutumayo,11396.09,10435.01
2022-11-20,23,PT1H,MC-BajoPutumayo,9988.9,9199.19
2022-11-20,24,PT1H,MC-BajoPutumayo,8776.88,8221.53
2023-04-27,1,PT1H,MC-BajoPutumayo,7654.37,7218.22
2023-04-27,2,PT1H,MC-BajoPutumayo,7074.65,6739.76
2023-04-27,3,PT1H,MC-BajoPutumayo,6811.58,6522.73
2023-04-27,4,PT1H,MC-BajoPutumayo,6639.17,6375.4
2023-04-27,5,PT1H,MC-BajoPutumayo,6514.43,6351.0
2023-04-27,6,PT1H,MC-BajoPutumayo,7171.07,6865.37
2023-04-27,7,PT1H,MC-BajoPutumayo,7878.82,7379.33
2023-04-27,8,PT1H,MC-BajoPutumayo,8190.09,8123.9
2023-04-27,9,PT1H,MC-BajoPutumayo,9118.64,9029.98
2023-04-27,10,PT1H,MC-BajoPutumayo,9629.59,9819.43
2023-04-27,11,PT1H,MC-BajoPutumayo,9927.54,10517.68
2023-04-27,12,PT1H,MC-BajoPutumayo,10615.18,10920.7
2023-04-27,13,PT1H,MC-BajoPutumayo,10477.44,10643.34
2023-04-27,14,PT1H,MC-BajoPutumayo,10591.3,11186.87
2023-04-27,15,PT1H,MC-BajoPutumayo,11171.56,11562.11
2023-04-27,16,PT1H,MC-BajoPutumayo,11417.83,11552.51
2023-04-27,17,PT1H,MC-BajoPutumayo,11534.63,11452.47
2023-04-27,18,PT1H,MC-BajoPutumayo,11401.25,11330.0
2023-04-27,19,PT1H,MC-BajoPutumayo,12571.96,12360.32
2023-04-27,20,PT1H,MC-BajoPutumayo,12849.85,12698.39
2023-04-27,21,PT1H,MC-BajoPutumayo,12079.51,12077.69
2023-04-27,22,PT1H,MC-BajoPutumayo,10867.67,10716.29
2023-04-27,23,PT1H,MC-BajoPutumayo,9193.06,9536.87
2023-04-27,24,PT1H,MC-BajoPutumayo,8038.13,8319.6
2024-05-19,1,PT1H,MC-BajoPutumayo,8271.11,9249.79
2024-05-19,2,PT1H,MC-BajoPutumayo,7682.75,8557.1
2024-05-19,3,PT1H,MC-BajoPutumayo,7342.72,8117.64
2024-05-19,4,PT1H,MC-BajoPutumayo,7050.89,7807.79
2024-05-19,5,PT1H,MC-BajoPutumayo,6962.55,7668.48
2024-05-19,6,PT1H,MC-BajoPutumayo,6962.16,7641.33
2024-05-19,7,PT1H,MC-BajoPutumayo,7255.82,7845.69
2024-05-19,8,PT1H,MC-BajoPutumayo,8094.59,8589.25
2024-05-19,9,PT1H,MC-BajoPutumayo,9097.33,9585.96
2024-05-19,10,PT1H,MC-BajoPutumayo,9719.79,10176.46
2024-05-19,11,PT1H,MC-BajoPutumayo,10326.79,10776.13
2024-05-19,12,PT1H,MC-BajoPutumayo,11065.47,11379.38
2024-05-19,13,PT1H,MC-BajoPutumayo,11521.49,11649.18
2024-05-19,14,PT1H,MC-BajoPutumayo,11696.91,11527.86
2024-05-19,15,PT1H,MC-BajoPutumayo,11753.43,11464.77
2024-05-19,16,PT1H,MC-BajoPutumayo,11798.64,11481.17
2024-05-19,17,PT1H,MC-BajoPutumayo,11850.12,11476.76
2024-05-19,18,PT1H,MC-BajoPutumayo,11737.31,11484.58
2024-05-19,19,PT1H,MC-BajoPutumayo,13017.25,12644.25
2024-05-19,20,PT1H,MC-BajoPutumayo,13331.04,13144.68
2024-05-19,21,PT1H,MC-BajoPutumayo,12889.66,13028.67
2024-05-19,22,PT1H,MC-BajoPutumayo,12005.64,11900.21
2024-05-19,23,PT1H,MC-BajoPutumayo,10515.0,9963.51
2024-05-19,24,PT1H,MC-BajoPutumayo,9149.04,8835.54
2024-11-07,1,PT1H,MC-BajoPutumayo,8420.26,8316.8
2024-11-07,2,PT1H,MC-BajoPutumayo,5112.75,7953.5
2024-11-07,3,PT1H,MC-BajoPutumayo,5379.08,7652.3
2024-11-07,4,PT1H,MC-BajoPutumayo,5940.75,7546.9
2024-11-07,5,PT1H,MC-BajoPutumayo,9020.62,7871.7
2024-11-07,6,PT1H,MC-BajoPutumayo,9005.72,8204.2
2024-11-07,7,PT1H,MC-BajoPutumayo,9450.05,8962.8
2024-11-07,8,PT1H,MC-BajoPutumayo,10222.53,10289.5
2024-11-07,9,PT1H,MC-BajoPutumayo,11638.0,11985.0
2024-11-07,10,PT1H,MC-BajoPutumayo,12963.74,12774.7
2024-11-07,11,PT1H,MC-BajoPutumayo,14378.53,13230.0
2024-11-07,12,PT1H,MC-BajoPutumayo,14617.42,13609.1
2024-11-07,13,PT1H,MC-BajoPutumayo,14282.55,13296.5
2024-11-07,14,PT1H,MC-BajoPutumayo,14832.91,13748.2
2024-11-07,15,PT1H,MC-BajoPutumayo,15600.19,14206.9
2024-11-07,16,PT1H,MC-BajoPutumayo,15857.12,14211.1
2024-11-07,17,PT1H,MC-BajoPutumayo,15210.31,14225.3
2024-11-07,18,PT1H,MC-BajoPutumayo,16048.12,14927.5
2024-11-07,19,PT1H,MC-BajoPutumayo,16437.19,15599.5
2024-11-07,20,PT1H,MC-BajoPutumayo,16014.15,15044.3
2024-11-07,21,PT1H,MC-BajoPutumayo,15243.2,13663.4
2024-11-07,22,PT1H,MC-BajoPutumayo,13839.9,12101.0
2024-11-07,23,PT1H,MC-BajoPutumayo,11821.72,10478.2
2024-11-07,24,PT1H,MC-BajoPutumayo,9590.06,9224.8
2024-09-11,1,PT1H,MC-BajoPutumayo,7450.41,7642.8
2024-09-11,2,PT1H,MC-BajoPutumayo,6914.36,7290.1
2024-09-11,3,PT1H,MC-BajoPutumayo,6965.38,7120.3
2024-09-11,4,PT1H,MC-BajoPutumayo,6808.28,6963.6
2024-09-11,5,PT1H,MC-BajoPutumayo,6888.05,7005.0
2024-09-11,6,PT1H,MC-BajoPutumayo,7615.48,7824.4
2024-09-11,7,PT1H,MC-BajoPutumayo,8008.89,8370.9
2024-09-11,8,PT1H,MC-BajoPutumayo,8929.49,9342.1
2024-09-11,9,PT1H,MC-BajoPutumayo,10182.4,10215.4
2024-09-11,10,PT1H,MC-BajoPutumayo,11201.66,11340.4
2024-09-11,11,PT1H,MC-BajoPutumayo,12044.65,12097.4
2024-09-11,12,PT1H,MC-BajoPutumayo,12640.74,12306.3
2024-09-11,13,PT1H,MC-BajoPutumayo,12332.0,12181.9
2024-09-11,14,PT1H,MC-BajoPutumayo,12966.76,12864.7
2024-09-11,15,PT1H,MC-BajoPutumayo,13688.19,13758.3
2024-09-11,16,PT1H,MC-BajoPutumayo,13715.85,13734.6
2024-09-11,17,PT1H,MC-BajoPutumayo,13416.85,13403.0
2024-09-11,18,PT1H,MC-BajoPutumayo,13433.78,13641.7
2024-09-11,19,PT1H,MC-BajoPutumayo,14965.93,14957.1
2024-09-11,20,PT1H,MC-BajoPutumayo,14528.28,14808.9
2024-09-11,21,PT1H,MC-BajoPutumayo,13409.61,13848.4
2024-09-11,22,PT1H,MC-BajoPutumayo,11879.02,12288.3
2024-09-11,23,PT1H,MC-BajoPutumayo,9946.28,10431.5
2024-09-11,24,PT1H,MC-BajoPutumayo,8634.74,8917.0
2022-03-22,1,PT1H,MC-BajoPutumayo,6618.91,7185.43
2022-03-22,2,PT1H,MC-BajoPutumayo,6229.16,6726.57
2022-03-22,3,PT1H,MC-BajoPutumayo,6006.73,6486.75
2022-03-22,4,PT1H,MC-BajoPutumayo,5930.93,6332.44
2022-03-22,5,PT1H,MC-BajoPutumayo,6015.27,6311.14
2022-03-22,6,PT1H,MC-BajoPutumayo,6641.4,6814.75
2022-03-22,7,PT1H,MC-BajoPutumayo,7441.68,7491.06
2022-03-22,8,PT1H,MC-BajoPutumayo,8106.34,7986.81
2022-03-22,9,PT1H,MC-BajoPutumayo,9007.24,8776.39
2022-03-22,10,PT1H,MC-BajoPutumayo,9350.5,9353.31
2022-03-22,11,PT1H,MC-BajoPutumayo,9718.2,9979.38
2022-03-22,12,PT1H,MC-BajoPutumayo,9880.46,10472.22
2022-03-22,13,PT1H,MC-BajoPutumayo,9360.99,10155.58
2022-03-22,14,PT1H,MC-BajoPutumayo,9375.11,10185.51
2022-03-22,15,PT1H,MC-BajoPutumayo,9785.45,10699.15
2022-03-22,16,PT1H,MC-BajoPutumayo,10033.02,11053.23
2022-03-22,17,PT1H,MC-BajoPutumayo,10078.69,11015.49
2022-03-22,18,PT1H,MC-BajoPutumayo,10028.91,10771.56
2022-03-22,19,PT1H,MC-BajoPutumayo,11217.47,11560.53
2022-03-22,20,PT1H,MC-BajoPutumayo,11824.33,12289.19
2022-03-22,21,PT1H,MC-BajoPutumayo,11126.0,11655.29
2022-03-22,22,PT1H,MC-BajoPutumayo,9844.05,10667.75
2022-03-22,23,PT1H,MC-BajoPutumayo,8351.46,9243.09
2022-03-22,24,PT1H,MC-BajoPutumayo,6983.23,7802.59
2022-01-02,1,PT1H,MC-BajoPutumayo,8673.79,7638.94
2022-01-02,2,PT1H,MC-BajoPutumayo,8049.99,7012.97
2022-01-02,3,PT1H,MC-BajoPutumayo,7277.27,6558.01
2022-01-02,4,PT1H,MC-BajoPutumayo,6696.08,6342.75
2022-01-02,5,PT1H,MC-BajoPutumayo,6762.1,6532.23
2022-01-02,6,PT1H,MC-BajoPutumayo,7057.69,6625.34
2022-01-02,7,PT1H,MC-BajoPutumayo,6821.09,6633.88
2022-01-02,8,PT1H,MC-BajoPutumayo,8581.79,7397.98
2022-01-02,9,PT1H,MC-BajoPutumayo,9385.89,8120.06
2022-01-02,10,PT1H,MC-BajoPutumayo,9955.24,9852.07
2022-01-02,11,PT1H,MC-BajoPutumayo,10237.82,10355.52
2022-01-02,12,PT1H,MC-BajoPutumayo,10980.58,10500.78
2022-01-02,13,PT1H,MC-BajoPutumayo,11687.11,10722.41
2022-01-02,14,PT1H,MC-BajoPutumayo,11746.41,10723.53
2022-01-02,15,PT1H,MC-BajoPutumayo,10860.62,10809.03
2022-01-02,16,PT1H,MC-BajoPutumayo,10745.88,10603.63
2022-01-02,17,PT1H,MC-BajoPutumayo,10998.83,10490.67
2022-01-02,18,PT1H,MC-BajoPutumayo,10807.84,10314.6
2022-01-02,19,PT1H,MC-BajoPutumayo,11919.52,11552.71
2022-01-02,20,PT1H,MC-BajoPutumayo,13180.9,12307.82
2022-01-02,21,PT1H,MC-BajoPutumayo,12813.68,11695.58
2022-01-02,22,PT1H,MC-BajoPutumayo,11776.91,11031.02
2022-01-02,23,PT1H,MC-BajoPutumayo,10123.27,9788.0
2022-01-02,24,PT1H,MC-BajoPutumayo,8959.64,8321.73
2025-12-18,1,PT1H,MC-BajoPutumayo,10558.99,9498.4
2025-12-18,2,PT1H,MC-BajoPutumayo,9988.45,8955.6
2025-12-18,3,PT1H,MC-BajoPutumayo,9490.98,8615.5
2025-12-18,4,PT1H,MC-BajoPutumayo,8597.07,8436.1
2025-12-18,5,PT1H,MC-BajoPutumayo,7477.87,8487.7
2025-12-18,6,PT1H,MC-BajoPutumayo,9554.43,3743.5
2025-12-18,7,PT1H,MC-BajoPutumayo,9894.75,9777.4
2025-12-18,8,PT1H,MC-BajoPutumayo,11127.71,11121.1
2025-12-18,9,PT1H,MC-BajoPutumayo,12820.88,12550.3
2025-12-18,10,PT1H,MC-BajoPutumayo,14015.9,13343.7
2025-12-18,11,PT1H,MC-BajoPutumayo,13828.78,14317.1
2025-12-18,12,PT1H,MC-BajoPutumayo,14092.19,14853.3
2025-12-18,13,PT1H,MC-BajoPutumayo,14168.54,14634.4
2025-12-18,14,PT1H,MC-BajoPutumayo,14542.04,15165.8
2025-12-18,15,PT1H,MC-BajoPutumayo,15417.24,15678.6
2025-12-18,16,PT1H,MC-BajoPutumayo,15762.35,15568.9
2025-12-18,17,PT1H,MC-BajoPutumayo,15555.28,15274.1
2025-12-18,18,PT1H,MC-BajoPutumayo,15681.3,14628.3
2025-12-18,19,PT1H,MC-BajoPutumayo,17242.35,16344.7
2025-12-18,20,PT1H,MC-BajoPutumayo,16769.07,16329.7
2025-12-18,21,PT1H,MC-BajoPutumayo,15533.19,15427.7
2025-12-18,22,PT1H,MC-BajoPutumayo,14041.61,13945.0
2025-12-18,23,PT1H,MC-BajoPutumayo,12272.78,12098.5
2025-12-18,24,PT1H,MC-BajoPutumayo,10845.89,10551.1
2023-03-02,1,PT1H,MC-BajoPutumayo,7477.63,7490.94
2023-03-02,2,PT1H,MC-BajoPutumayo,7058.83,7053.25
2023-03-02,3,PT1H,MC-BajoPutumayo,6816.95,6818.15
2023-03-02,4,PT1H,MC-BajoPutumayo,6698.16,6682.95
2023-03-02,5,PT1H,MC-BajoPutumayo,6542.03,6745.15
2023-03-02,6,PT1H,MC-BajoPutumayo,6621.68,7373.15
2023-03-02,7,PT1H,MC-BajoPutumayo,8403.24,8003.15
2023-03-02,8,PT1H,MC-BajoPutumayo,8880.54,8688.72
2023-03-02,9,PT1H,MC-BajoPutumayo,9788.52,9578.48
2023-03-02,10,PT1H,MC-BajoPutumayo,10507.4,10359.45
2023-03-02,11,PT1H,MC-BajoPutumayo,11092.04,10789.12
2023-03-02,12,PT1H,MC-BajoPutumayo,11173.25,11103.46
2023-03-02,13,PT1H,MC-BajoPutumayo,10587.59,10705.23
2023-03-02,14,PT1H,MC-BajoPutumayo,10413.63,10986.33
2023-03-02,15,PT1H,MC-BajoPutumayo,11271.51,11621.45
2023-03-02,16,PT1H,MC-BajoPutumayo,11824.39,11864.02
2023-03-02,17,PT1H,MC-BajoPutumayo,12080.17,11906.61
2023-03-02,18,PT1H,MC-BajoPutumayo,11809.93,11737.67
2023-03-02,19,PT1H,MC-BajoPutumayo,12550.84,12606.46
2023-03-02,20,PT1H,MC-BajoPutumayo,13328.78,13132.88
2023-03-02,21,PT1H,MC-BajoPutumayo,12598.0,12358.68
2023-03-02,22,PT1H,MC-BajoPutumayo,11358.48,11195.99
2023-03-02,23,PT1H,MC-BajoPutumayo,9730.94,9559.88
2023-03-02,24,PT1H,MC-BajoPutumayo,8427.18,8220.02
2025-02-20,1,PT1H,MC-BajoPutumayo,8117.91,8673.5
2025-02-20,2,PT1H,MC-BajoPutumayo,7651.12,8215.3
2025-02-20,3,PT1H,MC-BajoPutumayo,7405.21,7934.7
2025-02-20,4,PT1H,MC-BajoPutumayo,7318.67,7613.0
2025-02-20,5,PT1H,MC-BajoPutumayo,7321.66,7677.6
2025-02-20,6,PT1H,MC-BajoPutumayo,7820.09,8066.2
2025-02-20,7,PT1H,MC-BajoPutumayo,8515.49,8400.5
2025-02-20,8,PT1H,MC-BajoPutumayo,9091.69,9261.1
2025-02-20,9,PT1H,MC-BajoPutumayo,9961.3,10550.6
2025-02-20,10,PT1H,MC-BajoPutumayo,10292.94,11100.8
2025-02-20,11,PT1H,MC-BajoPutumayo,10485.25,11634.4
2025-02-20,12,PT1H,MC-BajoPutumayo,11108.35,11985.4
2025-02-20,13,PT1H,MC-BajoPutumayo,10794.89,11629.4
2025-02-20,14,PT1H,MC-BajoPutumayo,10950.88,11773.4
2025-02-20,15,PT1H,MC-BajoPutumayo,11826.46,12679.2
2025-02-20,16,PT1H,MC-BajoPutumayo,12228.23,13053.4
2025-02-20,17,PT1H,MC-BajoPutumayo,12252.1,12977.4
2025-02-20,18,PT1H,MC-BajoPutumayo,12189.63,12746.5
2025-02-20,19,PT1H,MC-BajoPutumayo,13028.7,13459.7
2025-02-20,20,PT1H,MC-BajoPutumayo,13823.88,14145.6
2025-02-20,21,PT1H,MC-BajoPutumayo,13075.11,13310.2
2025-02-20,22,PT1H,MC-BajoPutumayo,11795.04,12116.1
2025-02-20,23,PT1H,MC-BajoPutumayo,10077.92,10650.7
2025-02-20,24,PT1H,MC-BajoPutumayo,8773.45,9310.5
2025-09-17,1,PT1H,MC-BajoPutumayo,7340.81,7967.5
2025-09-17,2,PT1H,MC-BajoPutumayo,7037.21,7515.3
2025-09-17,3,PT1H,MC-BajoPutumayo,6731.79,7270.7
2025-09-17,4,PT1H,MC-BajoPutumayo,6576.93,7202.1
2025-09-17,5,PT1H,MC-BajoPutumayo,6675.16,7229.1
2025-09-17,6,PT1H,MC-BajoPutumayo,7453.26,7929.0
2025-09-17,7,PT1H,MC-BajoPutumayo,8111.13,8782.5
2025-09-17,8,PT1H,MC-BajoPutumayo,8863.7,9296.0
2025-09-17,9,PT1H,MC-BajoPutumayo,9794.82,10480.9
2025-09-17,10,PT1H,MC-BajoPutumayo,10313.02,11571.1
2025-09-17,11,PT1H,MC-BajoPutumayo,10930.63,12466.1
2025-09-17,12,PT1H,MC-BajoPutumayo,11550.68,13052.7
2025-09-17,13,PT1H,MC-BajoPutumayo,10979.27,12508.8
2025-09-17,14,PT1H,MC-BajoPutumayo,12046.88,12469.0
2025-09-17,15,PT1H,MC-BajoPutumayo,13300.62,13037.5
2025-09-17,16,PT1H,MC-BajoPutumayo,13469.37,13255.4
2025-09-17,17,PT1H,MC-BajoPutumayo,13304.47,13319.3
2025-09-17,18,PT1H,MC-BajoPutumayo,12805.51,13216.9
2025-09-17,19,PT1H,MC-BajoPutumayo,14148.02,14351.3
2025-09-17,20,PT1H,MC-BajoPutumayo,14389.11,14540.9
2025-09-17,21,PT1H,MC-BajoPutumayo,13093.67,13590.6
2025-09-17,22,PT1H,MC-BajoPutumayo,11394.75,11975.7
2025-09-17,23,PT1H,MC-BajoPutumayo,8264.03,10117.5
2025-09-17,24,PT1H,MC-BajoPutumayo,6710.96,8716.5
2022-05-15,1,PT1H,MC-BajoPutumayo,7260.74,7227.3
2022-05-15,2,PT1H,MC-BajoPutumayo,6826.13,6836.85
2022-05-15,3,PT1H,MC-BajoPutumayo,6545.99,6533.01
2022-05-15,4,PT1H,MC-BajoPutumayo,6293.51,6352.47
2022-05-15,5,PT1H,MC-BajoPutumayo,6136.32,6367.72
2022-05-15,6,PT1H,MC-BajoPutumayo,6190.16,6755.77
2022-05-15,7,PT1H,MC-BajoPutumayo,6441.59,7031.52
2022-05-15,8,PT1H,MC-BajoPutumayo,7410.28,7521.14
2022-05-15,9,PT1H,MC-BajoPutumayo,8331.99,8457.38
2022-05-15,10,PT1H,MC-BajoPutumayo,9180.69,9015.76
2022-05-15,11,PT1H,MC-BajoPutumayo,9947.19,9495.96
2022-05-15,12,PT1H,MC-BajoPutumayo,10586.8,9841.82
2022-05-15,13,PT1H,MC-BajoPutumayo,10774.65,9722.63
2022-05-15,14,PT1H,MC-BajoPutumayo,10792.13,9791.63
2022-05-15,15,PT1H,MC-BajoPutumayo,10356.34,9920.71
2022-05-15,16,PT1H,MC-BajoPutumayo,10214.64,9864.92
2022-05-15,17,PT1H,MC-BajoPutumayo,10201.41,9509.56
2022-05-15,18,PT1H,MC-BajoPutumayo,10354.68,10417.54
2022-05-15,19,PT1H,MC-BajoPutumayo,11515.91,11463.15
2022-05-15,20,PT1H,MC-BajoPutumayo,11893.62,11820.03
2022-05-15,21,PT1H,MC-BajoPutumayo,11497.96,11320.2
2022-05-15,22,PT1H,MC-BajoPutumayo,10650.88,10469.94
2022-05-15,23,PT1H,MC-BajoPutumayo,9302.58,9208.85
2022-05-15,24,PT1H,MC-BajoPutumayo,8091.48,7678.68
2022-02-27,1,PT1H,MC-BajoPutumayo,6895.53,6797.77
2022-02-27,2,PT1H,MC-BajoPutumayo,6389.77,6312.62
2022-02-27,3,PT1H,MC-BajoPutumayo,6102.14,6053.76
2022-02-27,4,PT1H,MC-BajoPutumayo,5685.71,6109.62
2022-02-27,5,PT1H,MC-BajoPutumayo,5460.9,6097.25
2022-02-27,6,PT1H,MC-BajoPutumayo,5555.41,6198.69
2022-02-27,7,PT1H,MC-BajoPutumayo,5968.16,6536.78
2022-02-27,8,PT1H,MC-BajoPutumayo,6707.12,7160.73
2022-02-27,9,PT1H,MC-BajoPutumayo,7721.24,7986.94
2022-02-27,10,PT1H,MC-BajoPutumayo,8443.5,8687.77
2022-02-27,11,PT1H,MC-BajoPutumayo,8852.78,9353.98
2022-02-27,12,PT1H,MC-BajoPutumayo,9035.72,9582.6
2022-02-27,13,PT1H,MC-BajoPutumayo,9098.83,9867.01
2022-02-27,14,PT1H,MC-BajoPutumayo,8933.33,9809.04
2022-02-27,15,PT1H,MC-BajoPutumayo,8734.31,9684.47
2022-02-27,16,PT1H,MC-BajoPutumayo,8696.31,9734.75
2022-02-27,17,PT1H,MC-BajoPutumayo,8760.22,9454.01
2022-02-27,18,PT1H,MC-BajoPutumayo,9063.71,9648.06
2022-02-27,19,PT1H,MC-BajoPutumayo,10006.57,10740.26
2022-02-27,20,PT1H,MC-BajoPutumayo,10353.66,11589.27
2022-02-27,21,PT1H,MC-BajoPutumayo,9810.59,11152.46
2022-02-27,22,PT1H,MC-BajoPutumayo,8733.87,10243.98
2022-02-27,23,PT1H,MC-BajoPutumayo,7533.04,9011.64
2022-02-27,24,PT1H,MC-BajoPutumayo,6607.85,7716.52
2024-10-30,1,PT1H,MC-BajoPutumayo,7502.13,8775.3
2024-10-30,2,PT1H,MC-BajoPutumayo,7179.79,8445.5
2024-10-30,3,PT1H,MC-BajoPutumayo,6992.69,8175.6
2024-10-30,4,PT1H,MC-BajoPutumayo,6977.1,7885.8
2024-10-30,5,PT1H,MC-BajoPutumayo,7155.0,7985.7
2024-10-30,6,PT1H,MC-BajoPutumayo,7768.61,8175.6
2024-10-30,7,PT1H,MC-BajoPutumayo,8484.01,8875.2
2024-10-30,8,PT1H,MC-BajoPutumayo,9666.23,10096.8
2024-10-30,9,PT1H,MC-BajoPutumayo,11773.63,10674.3
2024-10-30,10,PT1H,MC-BajoPutumayo,11747.89,11573.8
2024-10-30,11,PT1H,MC-BajoPutumayo,12583.98,11960.7
2024-10-30,12,PT1H,MC-BajoPutumayo,12797.08,12273.4
2024-10-30,13,PT1H,MC-BajoPutumayo,12661.61,11973.6
2024-10-30,14,PT1H,MC-BajoPutumayo,13633.08,12178.8
2024-10-30,15,PT1H,MC-BajoPutumayo,14521.49,12629.1
2024-10-30,16,PT1H,MC-BajoPutumayo,14487.57,12047.3
2024-10-30,17,PT1H,MC-BajoPutumayo,14031.25,11733.7
2024-10-30,18,PT1H,MC-BajoPutumayo,14343.65,12393.4
2024-10-30,19,PT1H,MC-BajoPutumayo,14663.89,14052.5
2024-10-30,20,PT1H,MC-BajoPutumayo,14426.08,13842.6
2024-10-30,21,PT1H,MC-BajoPutumayo,13913.93,12973.1
2024-10-30,22,PT1H,MC-BajoPutumayo,11821.57,12000.2
2024-10-30,23,PT1H,MC-BajoPutumayo,10255.65,10324.5
2024-10-30,24,PT1H,MC-BajoPutumayo,9011.53,9275.0
2022-01-26,1,PT1H,MC-BajoPutumayo,6639.71,7398.25
2022-01-26,2,PT1H,MC-BajoPutumayo,6369.86,6788.69
2022-01-26,3,PT1H,MC-BajoPutumayo,5965.8,6364.87
2022-01-26,4,PT1H,MC-BajoPutumayo,5715.89,6224.6
2022-01-26,5,PT1H,MC-BajoPutumayo,5755.0,6170.91
2022-01-26,6,PT1H,MC-BajoPutumayo,6246.74,6321.34
2022-01-26,7,PT1H,MC-BajoPutumayo,6616.74,6383.14
2022-01-26,8,PT1H,MC-BajoPutumayo,7235.59,7183.55
2022-01-26,9,PT1H,MC-BajoPutumayo,8523.96,8394.81
2022-01-26,10,PT1H,MC-BajoPutumayo,9245.84,9626.09
2022-01-26,11,PT1H,MC-BajoPutumayo,10044.1,10143.54
2022-01-26,12,PT1H,MC-BajoPutumayo,10551.2,10681.17
2022-01-26,13,PT1H,MC-BajoPutumayo,10452.91,10213.45
2022-01-26,14,PT1H,MC-BajoPutumayo,10499.69,10257.86
2022-01-26,15,PT1H,MC-BajoPutumayo,11046.42,11369.49
2022-01-26,16,PT1H,MC-BajoPutumayo,11047.96,11245.35
2022-01-26,17,PT1H,MC-BajoPutumayo,10845.62,10979.91
2022-01-26,18,PT1H,MC-BajoPutumayo,10890.25,10437.26
2022-01-26,19,PT1H,MC-BajoPutumayo,11728.14,11403.01
2022-01-26,20,PT1H,MC-BajoPutumayo,12121.46,12195.97
2022-01-26,21,PT1H,MC-BajoPutumayo,11317.1,11635.71
2022-01-26,22,PT1H,MC-BajoPutumayo,10426.62,10626.99
2022-01-26,23,PT1H,MC-BajoPutumayo,9201.18,9466.84
2022-01-26,24,PT1H,MC-BajoPutumayo,7668.45,8056.1
2022-11-25,1,PT1H,MC-BajoPutumayo,7809.78,7279.23
2022-11-25,2,PT1H,MC-BajoPutumayo,7283.85,6801.0
2022-11-25,3,PT1H,MC-BajoPutumayo,6975.86,6535.8
2022-11-25,4,PT1H,MC-BajoPutumayo,6853.93,6415.05
2022-11-25,5,PT1H,MC-BajoPutumayo,6866.75,6397.24
2022-11-25,6,PT1H,MC-BajoPutumayo,7286.85,6800.44
2022-11-25,7,PT1H,MC-BajoPutumayo,8118.52,7492.5
2022-11-25,8,PT1H,MC-BajoPutumayo,9184.35,8329.2
2022-11-25,9,PT1H,MC-BajoPutumayo,9390.34,9216.5
2022-11-25,10,PT1H,MC-BajoPutumayo,10941.86,9933.31
2022-11-25,11,PT1H,MC-BajoPutumayo,11699.3,10403.72
2022-11-25,12,PT1H,MC-BajoPutumayo,12421.34,10864.36
2022-11-25,13,PT1H,MC-BajoPutumayo,11982.17,10671.58
2022-11-25,14,PT1H,MC-BajoPutumayo,12180.86,10850.89
2022-11-25,15,PT1H,MC-BajoPutumayo,12838.92,11378.95
2022-11-25,16,PT1H,MC-BajoPutumayo,12969.79,11712.3
2022-11-25,17,PT1H,MC-BajoPutumayo,12639.15,11579.92
2022-11-25,18,PT1H,MC-BajoPutumayo,12532.24,11664.55
2022-11-25,19,PT1H,MC-BajoPutumayo,13754.2,12641.51
2022-11-25,20,PT1H,MC-BajoPutumayo,13739.32,12339.91
2022-11-25,21,PT1H,MC-BajoPutumayo,12813.95,11528.13
2022-11-25,22,PT1H,MC-BajoPutumayo,11698.68,10525.61
2022-11-25,23,PT1H,MC-BajoPutumayo,10335.98,9159.22
2022-11-25,24,PT1H,MC-BajoPutumayo,9059.39,7981.07
2023-04-19,1,PT1H,MC-BajoPutumayo,7644.75,7452.47
2023-04-19,2,PT1H,MC-BajoPutumayo,7391.68,6959.12
2023-04-19,3,PT1H,MC-BajoPutumayo,7048.65,6748.65
2023-04-19,4,PT1H,MC-BajoPutumayo,6237.87,6590.6
2023-04-19,5,PT1H,MC-BajoPutumayo,5624.25,6630.81
2023-04-19,6,PT1H,MC-BajoPutumayo,6159.61,7311.52
2023-04-19,7,PT1H,MC-BajoPutumayo,7744.58,8110.23
2023-04-19,8,PT1H,MC-BajoPutumayo,9055.16,8803.88
2023-04-19,9,PT1H,MC-BajoPutumayo,10050.72,10166.62
2023-04-19,10,PT1H,MC-BajoPutumayo,10600.28,10947.08
2023-04-19,11,PT1H,MC-BajoPutumayo,10958.2,11682.5
2023-04-19,12,PT1H,MC-BajoPutumayo,11510.29,12203.84
2023-04-19,13,PT1H,MC-BajoPutumayo,11266.13,11859.59
2023-04-19,14,PT1H,MC-BajoPutumayo,11662.62,12230.15
2023-04-19,15,PT1H,MC-BajoPutumayo,12562.72,13129.29
2023-04-19,16,PT1H,MC-BajoPutumayo,12803.49,13363.82
2023-04-19,17,PT1H,MC-BajoPutumayo,13006.08,13113.51
2023-04-19,18,PT1H,MC-BajoPutumayo,12614.48,12768.73
2023-04-19,19,PT1H,MC-BajoPutumayo,13507.2,13573.37
2023-04-19,20,PT1H,MC-BajoPutumayo,13339.69,13932.27
2023-04-19,21,PT1H,MC-BajoPutumayo,12227.88,13035.46
2023-04-19,22,PT1H,MC-BajoPutumayo,10918.72,11826.81
2023-04-19,23,PT1H,MC-BajoPutumayo,9483.69,10216.91
2023-04-19,24,PT1H,MC-BajoPutumayo,7908.3,8792.79
2025-04-01,1,PT1H,MC-BajoPutumayo,7737.68,7789.6
2025-04-01,2,PT1H,MC-BajoPutumayo,7276.6,7431.1
2025-04-01,3,PT1H,MC-BajoPutumayo,7038.83,7132.7
2025-04-01,4,PT1H,MC-BajoPutumayo,7093.32,6961.9
2025-04-01,5,PT1H,MC-BajoPutumayo,7246.35,7040.1
2025-04-01,6,PT1H,MC-BajoPutumayo,7796.28,7673.8
2025-04-01,7,PT1H,MC-BajoPutumayo,8518.24,8620.3
2025-04-01,8,PT1H,MC-BajoPutumayo,9090.02,9205.9
2025-04-01,9,PT1H,MC-BajoPutumayo,10206.79,10199.7
2025-04-01,10,PT1H,MC-BajoPutumayo,10978.01,10773.3
2025-04-01,11,PT1H,MC-BajoPutumayo,11441.04,11402.6
2025-04-01,12,PT1H,MC-BajoPutumayo,12013.75,11919.1
2025-04-01,13,PT1H,MC-BajoPutumayo,11910.16,11947.1
2025-04-01,14,PT1H,MC-BajoPutumayo,11678.34,12080.5
2025-04-01,15,PT1H,MC-BajoPutumayo,12102.61,12534.0
2025-04-01,16,PT1H,MC-BajoPutumayo,12407.14,12475.8
2025-04-01,17,PT1H,MC-BajoPutumayo,12384.67,12228.5
2025-04-01,18,PT1H,MC-BajoPutumayo,12443.53,12532.1
2025-04-01,19,PT1H,MC-BajoPutumayo,13677.34,13706.1
2025-04-01,20,PT1H,MC-BajoPutumayo,14318.19,13896.9
2025-04-01,21,PT1H,MC-BajoPutumayo,13532.47,12937.1
2025-04-01,22,PT1H,MC-BajoPutumayo,11740.02,11658.9
2025-04-01,23,PT1H,MC-BajoPutumayo,7014.07,9983.0
2025-04-01,24,PT1H,MC-BajoPutumayo,5086.74,8697.8
2023-11-25,1,PT1H,MC-BajoPutumayo,7846.88,8267.37
2023-11-25,2,PT1H,MC-BajoPutumayo,7377.78,7771.51
2023-11-25,3,PT1H,MC-BajoPutumayo,7088.94,7361.4
2023-11-25,4,PT1H,MC-BajoPutumayo,6928.66,7069.15
2023-11-25,5,PT1H,MC-BajoPutumayo,6638.41,6955.83
2023-11-25,6,PT1H,MC-BajoPutumayo,7187.88,7086.17
2023-11-25,7,PT1H,MC-BajoPutumayo,7602.22,7408.81
2023-11-25,8,PT1H,MC-BajoPutumayo,8530.73,8395.1
2023-11-25,9,PT1H,MC-BajoPutumayo,9953.06,9630.91
2023-11-25,10,PT1H,MC-BajoPutumayo,11516.36,10538.81
2023-11-25,11,PT1H,MC-BajoPutumayo,12514.65,11215.88
2023-11-25,12,PT1H,MC-BajoPutumayo,13036.19,11700.63
2023-11-25,13,PT1H,MC-BajoPutumayo,12679.25,11638.44
2023-11-25,14,PT1H,MC-BajoPutumayo,12608.88,11496.42
2023-11-25,15,PT1H,MC-BajoPutumayo,12823.53,11626.26
2023-11-25,16,PT1H,MC-BajoPutumayo,12955.78,11691.45
2023-11-25,17,PT1H,MC-BajoPutumayo,12954.41,11633.71
2023-11-25,18,PT1H,MC-BajoPutumayo,12810.02,11849.04
2023-11-25,19,PT1H,MC-BajoPutumayo,14332.18,13157.73
2023-11-25,20,PT1H,MC-BajoPutumayo,14221.34,13006.01
2023-11-25,21,PT1H,MC-BajoPutumayo,13717.28,12179.88
2023-11-25,22,PT1H,MC-BajoPutumayo,12589.88,11288.42
2023-11-25,23,PT1H,MC-BajoPutumayo,10798.37,10186.73
2023-11-25,24,PT1H,MC-BajoPutumayo,8147.17,9093.12
2025-05-14,1,PT1H,MC-BajoPutumayo,7092.84,8195.8
2025-05-14,2,PT1H,MC-BajoPutumayo,6712.24,7677.5
2025-05-14,3,PT1H,MC-BajoPutumayo,6523.58,7373.0
2025-05-14,4,PT1H,MC-BajoPutumayo,6419.29,7146.8
2025-05-14,5,PT1H,MC-BajoPutumayo,6533.13,7138.7
2025-05-14,6,PT1H,MC-BajoPutumayo,7242.22,7550.1
2025-05-14,7,PT1H,MC-BajoPutumayo,8188.07,8018.9
2025-05-14,8,PT1H,MC-BajoPutumayo,8928.24,8809.2
2025-05-14,9,PT1H,MC-BajoPutumayo,9762.89,10033.6
2025-05-14,10,PT1H,MC-BajoPutumayo,10176.03,10847.8
2025-05-14,11,PT1H,MC-BajoPutumayo,10830.66,11356.0
2025-05-14,12,PT1H,MC-BajoPutumayo,11578.63,11931.5
2025-05-14,13,PT1H,MC-BajoPutumayo,11546.17,11446.6
2025-05-14,14,PT1H,MC-BajoPutumayo,11822.4,11512.3
2025-05-14,15,PT1H,MC-BajoPutumayo,12725.82,12178.2
2025-05-14,16,PT1H,MC-BajoPutumayo,12899.58,12412.8
2025-05-14,17,PT1H,MC-BajoPutumayo,13123.3,12407.6
2025-05-14,18,PT1H,MC-BajoPutumayo,13034.76,12268.1
2025-05-14,19,PT1H,MC-BajoPutumayo,13738.12,13247.2
2025-05-14,20,PT1H,MC-BajoPutumayo,13791.8,13458.5
2025-05-14,21,PT1H,MC-BajoPutumayo,13018.92,12709.6
2025-05-14,22,PT1H,MC-BajoPutumayo,11994.59,11779.1
2025-05-14,23,PT1H,MC-BajoPutumayo,10405.31,10252.6
2025-05-14,24,PT1H,MC-BajoPutumayo,8800.46,8813.1
2024-04-02,1,PT1H,MC-BajoPutumayo,8248.05,7595.38
2024-04-02,2,PT1H,MC-BajoPutumayo,7795.31,7227.31
2024-04-02,3,PT1H,MC-BajoPutumayo,7499.54,7033.68
2024-04-02,4,PT1H,MC-BajoPutumayo,7235.43,6834.06
2024-04-02,5,PT1H,MC-BajoPutumayo,7190.46,6873.37
2024-04-02,6,PT1H,MC-BajoPutumayo,7627.43,7247.91
2024-04-02,7,PT1H,MC-BajoPutumayo,8222.32,7701.79
2024-04-02,8,PT1H,MC-BajoPutumayo,8945.59,8356.92
2024-04-02,9,PT1H,MC-BajoPutumayo,9867.34,9475.64
2024-04-02,10,PT1H,MC-BajoPutumayo,10319.7,10396.75
2024-04-02,11,PT1H,MC-BajoPutumayo,11399.47,11134.08
2024-04-02,12,PT1H,MC-BajoPutumayo,11037.84,11718.53
2024-04-02,13,PT1H,MC-BajoPutumayo,10658.8,11327.82
2024-04-02,14,PT1H,MC-BajoPutumayo,10753.32,11213.64
2024-04-02,15,PT1H,MC-BajoPutumayo,11498.37,11709.77
2024-04-02,16,PT1H,MC-BajoPutumayo,11744.61,11907.5
2024-04-02,17,PT1H,MC-BajoPutumayo,11802.5,11832.15
2024-04-02,18,PT1H,MC-BajoPutumayo,11789.23,11470.7
2024-04-02,19,PT1H,MC-BajoPutumayo,12923.08,12393.7
2024-04-02,20,PT1H,MC-BajoPutumayo,13229.71,13345.48
2024-04-02,21,PT1H,MC-BajoPutumayo,12481.53,12579.32
2024-04-02,22,PT1H,MC-BajoPutumayo,11447.72,11505.51
2024-04-02,23,PT1H,MC-BajoPutumayo,9842.24,10367.84
2024-04-02,24,PT1H,MC-BajoPutumayo,8560.64,8948.91
2025-09-07,1,PT1H,MC-BajoPutumayo,8655.02,8191.7
2025-09-07,2,PT1H,MC-BajoPutumayo,8095.44,7766.2
2025-09-07,3,PT1H,MC-BajoPutumayo,7688.49,7324.8
2025-09-07,4,PT1H,MC-BajoPutumayo,7428.01,7059.5
2025-09-07,5,PT1H,MC-BajoPutumayo,7325.6,6957.1
2025-09-07,6,PT1H,MC-BajoPutumayo,7361.05,7104.1
2025-09-07,7,PT1H,MC-BajoPutumayo,7678.55,7218.3
2025-09-07,8,PT1H,MC-BajoPutumayo,8447.26,8082.7
2025-09-07,9,PT1H,MC-BajoPutumayo,9320.18,9280.8
2025-09-07,10,PT1H,MC-BajoPutumayo,9787.99,10238.0
2025-09-07,11,PT1H,MC-BajoPutumayo,10083.84,10811.7
2025-09-07,12,PT1H,MC-BajoPutumayo,10575.19,11365.3
2025-09-07,13,PT1H,MC-BajoPutumayo,10732.32,11550.6
2025-09-07,14,PT1H,MC-BajoPutumayo,10612.57,11422.8
2025-09-07,15,PT1H,MC-BajoPutumayo,10583.44,11504.1
2025-09-07,16,PT1H,MC-BajoPutumayo,10732.95,11391.7
2025-09-07,17,PT1H,MC-BajoPutumayo,10769.13,11273.8
2025-09-07,18,PT1H,MC-BajoPutumayo,10894.47,11277.9
2025-09-07,19,PT1H,MC-BajoPutumayo,12484.06,12694.4
2025-09-07,20,PT1H,MC-BajoPutumayo,12819.42,13262.8
2025-09-07,21,PT1H,MC-BajoPutumayo,12182.01,12747.5
2025-09-07,22,PT1H,MC-BajoPutumayo,11045.19,11482.8
2025-09-07,23,PT1H,MC-BajoPutumayo,9594.87,10086.4
2025-09-07,24,PT1H,MC-BajoPutumayo,8388.43,8890.4
2023-02-22,1,PT1H,MC-BajoPutumayo,6794.26,7556.55
2023-02-22,2,PT1H,MC-BajoPutumayo,6458.17,7145.83
2023-02-22,3,PT1H,MC-BajoPutumayo,6258.2,6864.52
2023-02-22,4,PT1H,MC-BajoPutumayo,6178.0,6774.1
2023-02-22,5,PT1H,MC-BajoPutumayo,5550.59,6702.35
2023-02-22,6,PT1H,MC-BajoPutumayo,7079.55,7198.81
2023-02-22,7,PT1H,MC-BajoPutumayo,7791.53,7775.07
2023-02-22,8,PT1H,MC-BajoPutumayo,8290.74,8865.6
2023-02-22,9,PT1H,MC-BajoPutumayo,9390.27,10121.06
2023-02-22,10,PT1H,MC-BajoPutumayo,10363.83,10840.73
2023-02-22,11,PT1H,MC-BajoPutumayo,10913.18,11647.84
2023-02-22,12,PT1H,MC-BajoPutumayo,11432.79,12310.05
2023-02-22,13,PT1H,MC-BajoPutumayo,11018.69,11996.72
2023-02-22,14,PT1H,MC-BajoPutumayo,11425.54,12274.71
2023-02-22,15,PT1H,MC-BajoPutumayo,12450.05,12963.46
2023-02-22,16,PT1H,MC-BajoPutumayo,12767.67,13044.66
2023-02-22,17,PT1H,MC-BajoPutumayo,12699.18,12778.33
2023-02-22,18,PT1H,MC-BajoPutumayo,12239.43,12863.71
2023-02-22,19,PT1H,MC-BajoPutumayo,12856.17,13229.1
2023-02-22,20,PT1H,MC-BajoPutumayo,13220.19,13774.55
2023-02-22,21,PT1H,MC-BajoPutumayo,12421.02,12907.78
2023-02-22,22,PT1H,MC-BajoPutumayo,11260.77,11740.87
2023-02-22,23,PT1H,MC-BajoPutumayo,9665.1,10139.44
2023-02-22,24,PT1H,MC-BajoPutumayo,8433.49,8715.67
2024-05-28,1,PT1H,MC-BajoPutumayo,7749.17,7395.31
2024-05-28,2,PT1H,MC-BajoPutumayo,7290.23,7075.05
2024-05-28,3,PT1H,MC-BajoPutumayo,7065.59,6974.04
2024-05-28,4,PT1H,MC-BajoPutumayo,6896.8,6829.24
2024-05-28,5,PT1H,MC-BajoPutumayo,6906.06,6899.42
2024-05-28,6,PT1H,MC-BajoPutumayo,7496.47,7729.82
2024-05-28,7,PT1H,MC-BajoPutumayo,8177.45,8724.57
2024-05-28,8,PT1H,MC-BajoPutumayo,8912.0,9132.56
2024-05-28,9,PT1H,MC-BajoPutumayo,9578.78,9801.48
2024-05-28,10,PT1H,MC-BajoPutumayo,10125.74,10682.81
2024-05-28,11,PT1H,MC-BajoPutumayo,10529.18,11547.8
2024-05-28,12,PT1H,MC-BajoPutumayo,10910.3,12007.97
2024-05-28,13,PT1H,MC-BajoPutumayo,10607.9,11530.24
2024-05-28,14,PT1H,MC-BajoPutumayo,10872.17,11419.66
2024-05-28,15,PT1H,MC-BajoPutumayo,11654.26,11333.68
2024-05-28,16,PT1H,MC-BajoPutumayo,11611.54,10885.82
2024-05-28,17,PT1H,MC-BajoPutumayo,11587.27,11369.41
2024-05-28,18,PT1H,MC-BajoPutumayo,11565.43,11501.57
2024-05-28,19,PT1H,MC-BajoPutumayo,12910.65,13193.38
2024-05-28,20,PT1H,MC-BajoPutumayo,13004.49,13593.83
2024-05-28,21,PT1H,MC-BajoPutumayo,12198.33,12843.61
2024-05-28,22,PT1H,MC-BajoPutumayo,10562.14,11574.07
2024-05-28,23,PT1H,MC-BajoPutumayo,9273.1,9948.18
2024-05-28,24,PT1H,MC-BajoPutumayo,7871.71,8193.98
2024-08-19,1,PT1H,MC-BajoPutumayo,8656.1,7588.2
2024-08-19,2,PT1H,MC-BajoPutumayo,8096.04,7163.3
2024-08-19,3,PT1H,MC-BajoPutumayo,7713.58,7038.2
2024-08-19,4,PT1H,MC-BajoPutumayo,7476.02,6735.9
2024-08-19,5,PT1H,MC-BajoPutumayo,7435.27,7037.7
2024-08-19,6,PT1H,MC-BajoPutumayo,7430.07,8028.4
2024-08-19,7,PT1H,MC-BajoPutumayo,7692.61,9222.3
2024-08-19,8,PT1H,MC-BajoPutumayo,8841.04,9804.9
2024-08-19,9,PT1H,MC-BajoPutumayo,9964.8,10517.7
2024-08-19,10,PT1H,MC-BajoPutumayo,10991.1,11301.2
2024-08-19,11,PT1H,MC-BajoPutumayo,11471.98,12031.7
2024-08-19,12,PT1H,MC-BajoPutumayo,11461.83,12444.1
2024-08-19,13,PT1H,MC-BajoPutumayo,11531.89,11828.6
2024-08-19,14,PT1H,MC-BajoPutumayo,11776.83,12095.3
2024-08-19,15,PT1H,MC-BajoPutumayo,11660.16,12451.8
2024-08-19,16,PT1H,MC-BajoPutumayo,11040.17,12513.5
2024-08-19,17,PT1H,MC-BajoPutumayo,10876.6,12471.5
2024-08-19,18,PT1H,MC-BajoPutumayo,10681.59,12469.6
2024-08-19,19,PT1H,MC-BajoPutumayo,12213.88,14169.3
2024-08-19,20,PT1H,MC-BajoPutumayo,12533.09,15244.0
2024-08-19,21,PT1H,MC-BajoPutumayo,11893.27,14440.7
2024-08-19,22,PT1H,MC-BajoPutumayo,10346.75,12775.5
2024-08-19,23,PT1H,MC-BajoPutumayo,8917.16,10388.0
2024-08-19,24,PT1H,MC-BajoPutumayo,7954.25,8361.9
2025-11-27,1,PT1H,MC-BajoPutumayo,8508.09,7441.2
2025-11-27,2,PT1H,MC-BajoPutumayo,7965.11,7025.4
2025-11-27,3,PT1H,MC-BajoPutumayo,7617.73,6767.0
2025-11-27,4,PT1H,MC-BajoPutumayo,7503.79,6670.9
2025-11-27,5,PT1H,MC-BajoPutumayo,7571.11,6765.3
2025-11-27,6,PT1H,MC-BajoPutumayo,8036.1,7494.5
2025-11-27,7,PT1H,MC-BajoPutumayo,8786.81,8145.1
2025-11-27,8,PT1H,MC-BajoPutumayo,10016.56,9408.1
2025-11-27,9,PT1H,MC-BajoPutumayo,11133.09,10710.1
2025-11-27,10,PT1H,MC-BajoPutumayo,11758.54,11574.9
2025-11-27,11,PT1H,MC-BajoPutumayo,12524.88,12529.2
2025-11-27,12,PT1H,MC-BajoPutumayo,12904.92,12876.1
2025-11-27,13,PT1H,MC-BajoPutumayo,12708.84,12637.2
2025-11-27,14,PT1H,MC-BajoPutumayo,13080.88,13039.4
2025-11-27,15,PT1H,MC-BajoPutumayo,13827.6,14058.7
2025-11-27,16,PT1H,MC-BajoPutumayo,13323.62,13707.0
2025-11-27,17,PT1H,MC-BajoPutumayo,12747.41,13606.7
2025-11-27,18,PT1H,MC-BajoPutumayo,12785.61,14189.0
2025-11-27,19,PT1H,MC-BajoPutumayo,14168.88,15602.3
2025-11-27,20,PT1H,MC-BajoPutumayo,14311.6,15122.8
2025-11-27,21,PT1H,MC-BajoPutumayo,13479.71,14026.9
2025-11-27,22,PT1H,MC-BajoPutumayo,11964.79,12407.4
2025-11-27,23,PT1H,MC-BajoPutumayo,10225.22,10433.9
2025-11-27,24,PT1H,MC-BajoPutumayo,8958.29,8977.7
2025-08-03,1,PT1H,MC-BajoPutumayo,4976.85,7857.7
2025-08-03,2,PT1H,MC-BajoPutumayo,4661.38,7313.7
2025-08-03,3,PT1H,MC-BajoPutumayo,4355.62,6996.4
2025-08-03,4,PT1H,MC-BajoPutumayo,4226.19,6745.0
2025-08-03,5,PT1H,MC-BajoPutumayo,4128.48,6614.1
2025-08-03,6,PT1H,MC-BajoPutumayo,4127.11,6730.9
2025-08-03,7,PT1H,MC-BajoPutumayo,4152.87,6928.4
2025-08-03,8,PT1H,MC-BajoPutumayo,4726.61,7761.0
2025-08-03,9,PT1H,MC-BajoPutumayo,5281.34,9008.7
2025-08-03,10,PT1H,MC-BajoPutumayo,5604.4,9908.6
2025-08-03,11,PT1H,MC-BajoPutumayo,5748.67,10469.0
2025-08-03,12,PT1H,MC-BajoPutumayo,5908.36,11202.9
2025-08-03,13,PT1H,MC-BajoPutumayo,5926.92,11283.7
2025-08-03,14,PT1H,MC-BajoPutumayo,5669.5,11300.1
2025-08-03,15,PT1H,MC-BajoPutumayo,7350.6,11355.0
2025-08-03,16,PT1H,MC-BajoPutumayo,11785.84,11377.4
2025-08-03,17,PT1H,MC-BajoPutumayo,11393.01,11245.5
2025-08-03,18,PT1H,MC-BajoPutumayo,11496.15,11566.4
2025-08-03,19,PT1H,MC-BajoPutumayo,12561.45,12933.4
2025-08-03,20,PT1H,MC-BajoPutumayo,13013.46,13312.9
2025-08-03,21,PT1H,MC-BajoPutumayo,12164.69,12442.4
2025-08-03,22,PT1H,MC-BajoPutumayo,10786.72,11353.4
2025-08-03,23,PT1H,MC-BajoPutumayo,9268.44,9935.3
2025-08-03,24,PT1H,MC-BajoPutumayo,8054.31,8651.9
2026-02-18,1,PT1H,MC-BajoPutumayo,7426.68,6988.9
2026-02-18,2,PT1H,MC-BajoPutumayo,7094.41,6724.2
2026-02-18,3,PT1H,MC-BajoPutumayo,6972.35,6497.4
2026-02-18,4,PT1H,MC-BajoPutumayo,6956.46,6391.2
2026-02-18,5,PT1H,MC-BajoPutumayo,8542.19,6554.7
2026-02-18,6,PT1H,MC-BajoPutumayo,9321.86,7245.7
2026-02-18,7,PT1H,MC-BajoPutumayo,8078.29,7502.6
2026-02-18,8,PT1H,MC-BajoPutumayo,9616.79,8413.2
2026-02-18,9,PT1H,MC-BajoPutumayo,10350.46,9297.3
2026-02-18,10,PT1H,MC-BajoPutumayo,11373.96,10206.6
2026-02-18,11,PT1H,MC-BajoPutumayo,11930.68,10869.7
2026-02-18,12,PT1H,MC-BajoPutumayo,12322.52,11228.6
2026-02-18,13,PT1H,MC-BajoPutumayo,12022.04,11078.2
2026-02-18,14,PT1H,MC-BajoPutumayo,12762.76,11640.3
2026-02-18,15,PT1H,MC-BajoPutumayo,13625.22,12322.8
2026-02-18,16,PT1H,MC-BajoPutumayo,13912.74,12533.9
2026-02-18,17,PT1H,MC-BajoPutumayo,13713.11,12349.3
2026-02-18,18,PT1H,MC-BajoPutumayo,13285.69,12088.6
2026-02-18,19,PT1H,MC-BajoPutumayo,15073.74,13449.1
2026-02-18,20,PT1H,MC-BajoPutumayo,14865.39,13359.6
2026-02-18,21,PT1H,MC-BajoPutumayo,13576.21,12735.3
2026-02-18,22,PT1H,MC-BajoPutumayo,11558.34,11041.8
2026-02-18,23,PT1H,MC-BajoPutumayo,9749.22,9583.9
2026-02-18,24,PT1H,MC-BajoPutumayo,8759.15,8395.8
2022-08-22,1,PT1H,MC-BajoPutumayo,6437.66,6582.73
2022-08-22,2,PT1H,MC-BajoPutumayo,5907.27,6178.29
2022-08-22,3,PT1H,MC-BajoPutumayo,3065.24,5804.04
2022-08-22,4,PT1H,MC-BajoPutumayo,2979.16,5866.86
2022-08-22,5,PT1H,MC-BajoPutumayo,6073.78,5892.13
2022-08-22,6,PT1H,MC-BajoPutumayo,5471.26,6595.69
2022-08-22,7,PT1H,MC-BajoPutumayo,6540.86,7534.46
2022-08-22,8,PT1H,MC-BajoPutumayo,7600.34,8454.66
2022-08-22,9,PT1H,MC-BajoPutumayo,8586.39,9324.34
2022-08-22,10,PT1H,MC-BajoPutumayo,9372.54,10022.76
2022-08-22,11,PT1H,MC-BajoPutumayo,9912.46,10570.06
2022-08-22,12,PT1H,MC-BajoPutumayo,10581.31,11263.12
2022-08-22,13,PT1H,MC-BajoPutumayo,10228.42,11058.55
2022-08-22,14,PT1H,MC-BajoPutumayo,10276.03,10627.07
2022-08-22,15,PT1H,MC-BajoPutumayo,11081.32,10613.43
2022-08-22,16,PT1H,MC-BajoPutumayo,11279.99,10808.16
2022-08-22,17,PT1H,MC-BajoPutumayo,11097.7,10491.58
2022-08-22,18,PT1H,MC-BajoPutumayo,10856.64,10667.76
2022-08-22,19,PT1H,MC-BajoPutumayo,11995.99,12285.49
2022-08-22,20,PT1H,MC-BajoPutumayo,12445.94,13062.61
2022-08-22,21,PT1H,MC-BajoPutumayo,11535.47,12363.96
2022-08-22,22,PT1H,MC-BajoPutumayo,10131.73,10893.11
2022-08-22,23,PT1H,MC-BajoPutumayo,8290.63,9080.42
2022-08-22,24,PT1H,MC-BajoPutumayo,7071.16,7523.5
2022-07-15,1,PT1H,MC-BajoPutumayo,7125.94,6459.15
2022-07-15,2,PT1H,MC-BajoPutumayo,6725.86,6090.61
2022-07-15,3,PT1H,MC-BajoPutumayo,6470.81,5848.15
2022-07-15,4,PT1H,MC-BajoPutumayo,6266.11,5586.29
2022-07-15,5,PT1H,MC-BajoPutumayo,6303.15,5615.38
2022-07-15,6,PT1H,MC-BajoPutumayo,6813.7,6013.02
2022-07-15,7,PT1H,MC-BajoPutumayo,7670.24,6701.61
2022-07-15,8,PT1H,MC-BajoPutumayo,8481.71,7622.96
2022-07-15,9,PT1H,MC-BajoPutumayo,9506.16,8728.58
2022-07-15,10,PT1H,MC-BajoPutumayo,10404.46,9388.07
2022-07-15,11,PT1H,MC-BajoPutumayo,11315.8,10018.46
2022-07-15,12,PT1H,MC-BajoPutumayo,12018.48,10639.16
2022-07-15,13,PT1H,MC-BajoPutumayo,11772.45,10513.08
2022-07-15,14,PT1H,MC-BajoPutumayo,11973.79,10222.13
2022-07-15,15,PT1H,MC-BajoPutumayo,12750.75,10697.35
2022-07-15,16,PT1H,MC-BajoPutumayo,12641.68,10910.72
2022-07-15,17,PT1H,MC-BajoPutumayo,12393.95,11104.69
2022-07-15,18,PT1H,MC-BajoPutumayo,12110.85,11201.67
2022-07-15,19,PT1H,MC-BajoPutumayo,12893.64,12055.13
2022-07-15,20,PT1H,MC-BajoPutumayo,13392.86,12481.86
2022-07-15,21,PT1H,MC-BajoPutumayo,12594.96,11793.27
2022-07-15,22,PT1H,MC-BajoPutumayo,11547.93,10794.34
2022-07-15,23,PT1H,MC-BajoPutumayo,10005.63,9242.59
2022-07-15,24,PT1H,MC-BajoPutumayo,8466.63,7875.11
2024-11-23,1,PT1H,MC-BajoPutumayo,7677.37,8267.8
2024-11-23,2,PT1H,MC-BajoPutumayo,7354.65,7757.3
2024-11-23,3,PT1H,MC-BajoPutumayo,7044.41,7455.5
2024-11-23,4,PT1H,MC-BajoPutumayo,7055.08,7333.8
2024-11-23,5,PT1H,MC-BajoPutumayo,7335.65,7315.7
2024-11-23,6,PT1H,MC-BajoPutumayo,7539.85,7360.2
2024-11-23,7,PT1H,MC-BajoPutumayo,8510.87,8184.5
2024-11-23,8,PT1H,MC-BajoPutumayo,9779.71,9434.8
2024-11-23,9,PT1H,MC-BajoPutumayo,10946.85,10808.8
2024-11-23,10,PT1H,MC-BajoPutumayo,11579.97,11748.6
2024-11-23,11,PT1H,MC-BajoPutumayo,11819.39,12616.0
2024-11-23,12,PT1H,MC-BajoPutumayo,11041.22,12842.7
2024-11-23,13,PT1H,MC-BajoPutumayo,10781.68,12586.5
2024-11-23,14,PT1H,MC-BajoPutumayo,11297.5,12596.7
2024-11-23,15,PT1H,MC-BajoPutumayo,12068.49,12759.9
2024-11-23,16,PT1H,MC-BajoPutumayo,11577.75,12741.5
2024-11-23,17,PT1H,MC-BajoPutumayo,11660.25,12628.2
2024-11-23,18,PT1H,MC-BajoPutumayo,12441.16,13527.7
2024-11-23,19,PT1H,MC-BajoPutumayo,13569.95,14132.2
2024-11-23,20,PT1H,MC-BajoPutumayo,12965.6,13422.9
2024-11-23,21,PT1H,MC-BajoPutumayo,11924.33,12419.0
2024-11-23,22,PT1H,MC-BajoPutumayo,10676.03,11259.5
2024-11-23,23,PT1H,MC-BajoPutumayo,9481.29,9966.5
2024-11-23,24,PT1H,MC-BajoPutumayo,8528.91,9113.1
2023-10-12,1,PT1H,MC-BajoPutumayo,8475.85,9086.09
2023-10-12,2,PT1H,MC-BajoPutumayo,7973.17,8542.32
2023-10-12,3,PT1H,MC-BajoPutumayo,7640.62,8204.5
2023-10-12,4,PT1H,MC-BajoPutumayo,7412.04,7974.4
2023-10-12,5,PT1H,MC-BajoPutumayo,7398.32,7939.99
2023-10-12,6,PT1H,MC-BajoPutumayo,6956.0,7199.86
2023-10-12,7,PT1H,MC-BajoPutumayo,8084.93,9047.64
2023-10-12,8,PT1H,MC-BajoPutumayo,9322.87,9854.42
2023-10-12,9,PT1H,MC-BajoPutumayo,11007.24,10935.62
2023-10-12,10,PT1H,MC-BajoPutumayo,12523.61,11600.55
2023-10-12,11,PT1H,MC-BajoPutumayo,13497.32,12076.65
2023-10-12,12,PT1H,MC-BajoPutumayo,14132.89,12218.07
2023-10-12,13,PT1H,MC-BajoPutumayo,13910.01,11629.13
2023-10-12,14,PT1H,MC-BajoPutumayo,14064.03,11883.98
2023-10-12,15,PT1H,MC-BajoPutumayo,14611.74,12793.97
2023-10-12,16,PT1H,MC-BajoPutumayo,14978.77,13090.23
2023-10-12,17,PT1H,MC-BajoPutumayo,15102.58,13348.17
2023-10-12,18,PT1H,MC-BajoPutumayo,14689.92,13234.46
2023-10-12,19,PT1H,MC-BajoPutumayo,15392.25,14492.25
2023-10-12,20,PT1H,MC-BajoPutumayo,15409.16,14517.99
2023-10-12,21,PT1H,MC-BajoPutumayo,14275.84,13597.39
2023-10-12,22,PT1H,MC-BajoPutumayo,13234.7,12273.0
2023-10-12,23,PT1H,MC-BajoPutumayo,11433.3,10564.95
2023-10-12,24,PT1H,MC-BajoPutumayo,10251.41,9146.23
2024-11-17,1,PT1H,MC-BajoPutumayo,8319.76,9006.8
2024-11-17,2,PT1H,MC-BajoPutumayo,7745.2,8562.5
2024-11-17,3,PT1H,MC-BajoPutumayo,7216.02,8135.1
2024-11-17,4,PT1H,MC-BajoPutumayo,7130.56,7901.6
2024-11-17,5,PT1H,MC-BajoPutumayo,7254.5,7595.4
2024-11-17,6,PT1H,MC-BajoPutumayo,7200.4,7501.3
2024-11-17,7,PT1H,MC-BajoPutumayo,7734.37,8277.3
2024-11-17,8,PT1H,MC-BajoPutumayo,8968.83,9012.9
2024-11-17,9,PT1H,MC-BajoPutumayo,10298.71,10394.4
2024-11-17,10,PT1H,MC-BajoPutumayo,10759.58,11240.0
2024-11-17,11,PT1H,MC-BajoPutumayo,11705.74,11809.0
2024-11-17,12,PT1H,MC-BajoPutumayo,12350.03,12220.0
2024-11-17,13,PT1H,MC-BajoPutumayo,12292.79,12359.7
2024-11-17,14,PT1H,MC-BajoPutumayo,12519.36,12270.5
2024-11-17,15,PT1H,MC-BajoPutumayo,12913.7,11962.4
2024-11-17,16,PT1H,MC-BajoPutumayo,12249.64,12078.8
2024-11-17,17,PT1H,MC-BajoPutumayo,12868.94,11932.1
2024-11-17,18,PT1H,MC-BajoPutumayo,12907.34,12500.5
2024-11-17,19,PT1H,MC-BajoPutumayo,14158.46,13342.9
2024-11-17,20,PT1H,MC-BajoPutumayo,13972.88,12871.1
2024-11-17,21,PT1H,MC-BajoPutumayo,13182.7,11993.8
2024-11-17,22,PT1H,MC-BajoPutumayo,12027.9,10771.1
2024-11-17,23,PT1H,MC-BajoPutumayo,10582.79,9691.0
2024-11-17,24,PT1H,MC-BajoPutumayo,9418.67,8484.3
2024-12-04,1,PT1H,MC-BajoPutumayo,8284.73,8046.6
2024-12-04,2,PT1H,MC-BajoPutumayo,7823.6,7698.5
2024-12-04,3,PT1H,MC-BajoPutumayo,7524.31,7687.0
2024-12-04,4,PT1H,MC-BajoPutumayo,7442.16,7661.8
2024-12-04,5,PT1H,MC-BajoPutumayo,6143.45,7834.1
2024-12-04,6,PT1H,MC-BajoPutumayo,7553.73,5612.2
2024-12-04,7,PT1H,MC-BajoPutumayo,8612.28,8809.1
2024-12-04,8,PT1H,MC-BajoPutumayo,9922.58,9919.1
2024-12-04,9,PT1H,MC-BajoPutumayo,10915.75,10928.6
2024-12-04,10,PT1H,MC-BajoPutumayo,11290.7,11739.7
2024-12-04,11,PT1H,MC-BajoPutumayo,12243.22,12380.1
2024-12-04,12,PT1H,MC-BajoPutumayo,11910.99,12815.6
2024-12-04,13,PT1H,MC-BajoPutumayo,11308.54,12969.9
2024-12-04,14,PT1H,MC-BajoPutumayo,12056.99,13880.3
2024-12-04,15,PT1H,MC-BajoPutumayo,12685.28,14418.1
2024-12-04,16,PT1H,MC-BajoPutumayo,12554.63,14401.2
2024-12-04,17,PT1H,MC-BajoPutumayo,12197.92,14148.7
2024-12-04,18,PT1H,MC-BajoPutumayo,13603.88,14513.9
2024-12-04,19,PT1H,MC-BajoPutumayo,15340.27,15200.5
2024-12-04,20,PT1H,MC-BajoPutumayo,14649.56,14539.4
2024-12-04,21,PT1H,MC-BajoPutumayo,13586.77,13222.6
2024-12-04,22,PT1H,MC-BajoPutumayo,12034.15,11586.9
2024-12-04,23,PT1H,MC-BajoPutumayo,10521.56,10382.6
2024-12-04,24,PT1H,MC-BajoPutumayo,9260.92,9284.2
2022-01-27,1,PT1H,MC-BajoPutumayo,6802.4,7559.0
2022-01-27,2,PT1H,MC-BajoPutumayo,6407.46,7114.0
2022-01-27,3,PT1H,MC-BajoPutumayo,6261.64,6908.15
2022-01-27,4,PT1H,MC-BajoPutumayo,5996.69,7039.13
2022-01-27,5,PT1H,MC-BajoPutumayo,6108.19,6929.6
2022-01-27,6,PT1H,MC-BajoPutumayo,6674.11,7039.11
2022-01-27,7,PT1H,MC-BajoPutumayo,6714.24,6975.23
2022-01-27,8,PT1H,MC-BajoPutumayo,7524.97,7668.03
2022-01-27,9,PT1H,MC-BajoPutumayo,8250.12,8539.98
2022-01-27,10,PT1H,MC-BajoPutumayo,9291.72,9064.47
2022-01-27,11,PT1H,MC-BajoPutumayo,11064.79,9462.47
2022-01-27,12,PT1H,MC-BajoPutumayo,11464.47,10514.43
2022-01-27,13,PT1H,MC-BajoPutumayo,11117.76,10390.0
2022-01-27,14,PT1H,MC-BajoPutumayo,10928.23,10017.78
2022-01-27,15,PT1H,MC-BajoPutumayo,11327.13,10322.08
2022-01-27,16,PT1H,MC-BajoPutumayo,11667.67,10261.08
2022-01-27,17,PT1H,MC-BajoPutumayo,11287.18,10545.51
2022-01-27,18,PT1H,MC-BajoPutumayo,10959.99,10521.09
2022-01-27,19,PT1H,MC-BajoPutumayo,12449.64,11479.7
2022-01-27,20,PT1H,MC-BajoPutumayo,13375.52,12103.57
2022-01-27,21,PT1H,MC-BajoPutumayo,12651.36,10979.86
2022-01-27,22,PT1H,MC-BajoPutumayo,11517.7,10202.0
2022-01-27,23,PT1H,MC-BajoPutumayo,9924.64,9100.78
2022-01-27,24,PT1H,MC-BajoPutumayo,8233.38,7849.19
2023-12-26,1,PT1H,MC-BajoPutumayo,7720.86,7910.96
2023-12-26,2,PT1H,MC-BajoPutumayo,7443.27,7345.48
2023-12-26,3,PT1H,MC-BajoPutumayo,7215.15,6977.63
2023-12-26,4,PT1H,MC-BajoPutumayo,7055.33,6679.37
2023-12-26,5,PT1H,MC-BajoPutumayo,7045.74,6745.95
2023-12-26,6,PT1H,MC-BajoPutumayo,7208.71,7097.07
2023-12-26,7,PT1H,MC-BajoPutumayo,7452.69,7300.82
2023-12-26,8,PT1H,MC-BajoPutumayo,8573.47,8383.17
2023-12-26,9,PT1H,MC-BajoPutumayo,9793.41,9363.48
2023-12-26,10,PT1H,MC-BajoPutumayo,10497.17,10227.65
2023-12-26,11,PT1H,MC-BajoPutumayo,10964.1,11047.76
2023-12-26,12,PT1H,MC-BajoPutumayo,11347.9,11668.97
2023-12-26,13,PT1H,MC-BajoPutumayo,11053.2,11740.18
2023-12-26,14,PT1H,MC-BajoPutumayo,10780.94,11909.47
2023-12-26,15,PT1H,MC-BajoPutumayo,11053.24,12500.5
2023-12-26,16,PT1H,MC-BajoPutumayo,11039.58,12700.85
2023-12-26,17,PT1H,MC-BajoPutumayo,11063.33,12803.9
2023-12-26,18,PT1H,MC-BajoPutumayo,11142.71,12588.78
2023-12-26,19,PT1H,MC-BajoPutumayo,12298.47,13265.82
2023-12-26,20,PT1H,MC-BajoPutumayo,12737.54,14124.41
2023-12-26,21,PT1H,MC-BajoPutumayo,12044.91,13504.84
2023-12-26,22,PT1H,MC-BajoPutumayo,10731.88,12267.18
2023-12-26,23,PT1H,MC-BajoPutumayo,9414.65,10573.92
2023-12-26,24,PT1H,MC-BajoPutumayo,8170.27,9137.16
2022-01-19,1,PT1H,MC-BajoPutumayo,6004.98,6596.23
2022-01-19,2,PT1H,MC-BajoPutumayo,6179.37,6203.23
2022-01-19,3,PT1H,MC-BajoPutumayo,5843.48,5984.11
2022-01-19,4,PT1H,MC-BajoPutumayo,5677.94,5884.85
2022-01-19,5,PT1H,MC-BajoPutumayo,5811.2,5873.91
2022-01-19,6,PT1H,MC-BajoPutumayo,6030.78,6135.91
2022-01-19,7,PT1H,MC-BajoPutumayo,6669.04,6413.34
2022-01-19,8,PT1H,MC-BajoPutumayo,7605.24,7460.04
2022-01-19,9,PT1H,MC-BajoPutumayo,8439.45,8621.02
2022-01-19,10,PT1H,MC-BajoPutumayo,9127.09,9198.83
2022-01-19,11,PT1H,MC-BajoPutumayo,10316.42,10089.44
2022-01-19,12,PT1H,MC-BajoPutumayo,10930.82,10584.06
2022-01-19,13,PT1H,MC-BajoPutumayo,10013.81,10367.3
2022-01-19,14,PT1H,MC-BajoPutumayo,10452.11,10462.5
2022-01-19,15,PT1H,MC-BajoPutumayo,10952.63,11086.62
2022-01-19,16,PT1H,MC-BajoPutumayo,10415.04,11223.4
2022-01-19,17,PT1H,MC-BajoPutumayo,10196.03,11097.12
2022-01-19,18,PT1H,MC-BajoPutumayo,10535.39,10617.72
2022-01-19,19,PT1H,MC-BajoPutumayo,11535.61,11269.5
2022-01-19,20,PT1H,MC-BajoPutumayo,11741.5,11890.19
2022-01-19,21,PT1H,MC-BajoPutumayo,10870.28,11143.86
2022-01-19,22,PT1H,MC-BajoPutumayo,9939.12,10182.28
2022-01-19,23,PT1H,MC-BajoPutumayo,8548.44,8701.85
2022-01-19,24,PT1H,MC-BajoPutumayo,7090.94,7309.96
2024-01-16,1,PT1H,MC-BajoPutumayo,9405.53,7859.94
2024-01-16,2,PT1H,MC-BajoPutumayo,8423.5,7333.3
2024-01-16,3,PT1H,MC-BajoPutumayo,7891.96,7021.15
2024-01-16,4,PT1H,MC-BajoPutumayo,7738.68,7018.06
2024-01-16,5,PT1H,MC-BajoPutumayo,7593.23,7033.55
2024-01-16,6,PT1H,MC-BajoPutumayo,7734.8,7327.5
2024-01-16,7,PT1H,MC-BajoPutumayo,7945.05,8057.56
2024-01-16,8,PT1H,MC-BajoPutumayo,9184.99,9121.28
2024-01-16,9,PT1H,MC-BajoPutumayo,10582.45,10370.32
2024-01-16,10,PT1H,MC-BajoPutumayo,11352.55,11206.83
2024-01-16,11,PT1H,MC-BajoPutumayo,11892.38,11661.97
2024-01-16,12,PT1H,MC-BajoPutumayo,12597.73,12341.95
2024-01-16,13,PT1H,MC-BajoPutumayo,12082.19,11652.92
2024-01-16,14,PT1H,MC-BajoPutumayo,11961.75,11807.61
2024-01-16,15,PT1H,MC-BajoPutumayo,11670.83,12279.68
2024-01-16,16,PT1H,MC-BajoPutumayo,11959.56,12554.85
2024-01-16,17,PT1H,MC-BajoPutumayo,11915.25,12504.01
2024-01-16,18,PT1H,MC-BajoPutumayo,11669.26,12294.45
2024-01-16,19,PT1H,MC-BajoPutumayo,12314.01,13644.81
2024-01-16,20,PT1H,MC-BajoPutumayo,12981.55,14259.21
2024-01-16,21,PT1H,MC-BajoPutumayo,12269.1,13545.35
2024-01-16,22,PT1H,MC-BajoPutumayo,11140.61,12540.29
2024-01-16,23,PT1H,MC-BajoPutumayo,9598.09,10733.71
2024-01-16,24,PT1H,MC-BajoPutumayo,8366.19,9353.26
2023-11-21,1,PT1H,MC-BajoPutumayo,7227.01,7934.32
2023-11-21,2,PT1H,MC-BajoPutumayo,6651.16,7448.18
2023-11-21,3,PT1H,MC-BajoPutumayo,8094.01,7187.35
2023-11-21,4,PT1H,MC-BajoPutumayo,6955.45,7028.08
2023-11-21,5,PT1H,MC-BajoPutumayo,5697.52,7067.1
2023-11-21,6,PT1H,MC-BajoPutumayo,6203.83,7611.85
2023-11-21,7,PT1H,MC-BajoPutumayo,7178.16,8229.23
2023-11-21,8,PT1H,MC-BajoPutumayo,8147.05,9049.78
2023-11-21,9,PT1H,MC-BajoPutumayo,10508.34,10322.98
2023-11-21,10,PT1H,MC-BajoPutumayo,11885.96,11293.92
2023-11-21,11,PT1H,MC-BajoPutumayo,12338.36,12334.96
2023-11-21,12,PT1H,MC-BajoPutumayo,13770.3,13047.01
2023-11-21,13,PT1H,MC-BajoPutumayo,13734.79,12784.62
2023-11-21,14,PT1H,MC-BajoPutumayo,13651.18,12976.16
2023-11-21,15,PT1H,MC-BajoPutumayo,15061.26,13452.31
2023-11-21,16,PT1H,MC-BajoPutumayo,13965.99,13765.03
2023-11-21,17,PT1H,MC-BajoPutumayo,14040.17,13698.71
2023-11-21,18,PT1H,MC-BajoPutumayo,13766.11,13639.39
2023-11-21,19,PT1H,MC-BajoPutumayo,14761.32,14700.36
2023-11-21,20,PT1H,MC-BajoPutumayo,14578.37,14080.54
2023-11-21,21,PT1H,MC-BajoPutumayo,13657.06,12979.78
2023-11-21,22,PT1H,MC-BajoPutumayo,12427.43,11802.41
2023-11-21,23,PT1H,MC-BajoPutumayo,10348.61,10300.22
2023-11-21,24,PT1H,MC-BajoPutumayo,9085.73,9061.01
2022-11-03,1,PT1H,MC-BajoPutumayo,5631.82,6803.48
2022-11-03,2,PT1H,MC-BajoPutumayo,5388.09,6428.01
2022-11-03,3,PT1H,MC-BajoPutumayo,5277.43,6224.6
2022-11-03,4,PT1H,MC-BajoPutumayo,5199.32,6104.14
2022-11-03,5,PT1H,MC-BajoPutumayo,5272.89,6107.0
2022-11-03,6,PT1H,MC-BajoPutumayo,5883.0,6488.63
2022-11-03,7,PT1H,MC-BajoPutumayo,6757.54,6956.69
2022-11-03,8,PT1H,MC-BajoPutumayo,7205.04,7696.41
2022-11-03,9,PT1H,MC-BajoPutumayo,8017.83,8597.87
2022-11-03,10,PT1H,MC-BajoPutumayo,8326.91,9546.31
2022-11-03,11,PT1H,MC-BajoPutumayo,8662.9,10553.54
2022-11-03,12,PT1H,MC-BajoPutumayo,9109.08,11242.06
2022-11-03,13,PT1H,MC-BajoPutumayo,8830.61,11340.37
2022-11-03,14,PT1H,MC-BajoPutumayo,8879.6,11425.07
2022-11-03,15,PT1H,MC-BajoPutumayo,9217.63,11738.33
2022-11-03,16,PT1H,MC-BajoPutumayo,9431.31,11191.08
2022-11-03,17,PT1H,MC-BajoPutumayo,9564.22,11251.13
2022-11-03,18,PT1H,MC-BajoPutumayo,10065.95,11293.59
2022-11-03,19,PT1H,MC-BajoPutumayo,11437.61,12411.61
2022-11-03,20,PT1H,MC-BajoPutumayo,11222.17,12381.54
2022-11-03,21,PT1H,MC-BajoPutumayo,10314.64,11671.77
2022-11-03,22,PT1H,MC-BajoPutumayo,9050.78,10637.24
2022-11-03,23,PT1H,MC-BajoPutumayo,7462.53,9286.72
2022-11-03,24,PT1H,MC-BajoPutumayo,6283.53,8109.65
2022-03-29,1,PT1H,MC-BajoPutumayo,6593.56,7000.34
2022-03-29,2,PT1H,MC-BajoPutumayo,6263.77,6583.74
2022-03-29,3,PT1H,MC-BajoPutumayo,6009.58,6370.58
2022-03-29,4,PT1H,MC-BajoPutumayo,5930.45,6251.1
2022-03-29,5,PT1H,MC-BajoPutumayo,5995.43,6255.08
2022-03-29,6,PT1H,MC-BajoPutumayo,6705.21,6834.29
2022-03-29,7,PT1H,MC-BajoPutumayo,7512.64,7606.34
2022-03-29,8,PT1H,MC-BajoPutumayo,8225.2,8106.97
2022-03-29,9,PT1H,MC-BajoPutumayo,9133.72,9012.38
2022-03-29,10,PT1H,MC-BajoPutumayo,9830.23,9699.16
2022-03-29,11,PT1H,MC-BajoPutumayo,10504.0,10269.81
2022-03-29,12,PT1H,MC-BajoPutumayo,10775.14,10697.92
2022-03-29,13,PT1H,MC-BajoPutumayo,10221.68,10401.85
2022-03-29,14,PT1H,MC-BajoPutumayo,9995.64,10401.62
2022-03-29,15,PT1H,MC-BajoPutumayo,10149.87,10930.54
2022-03-29,16,PT1H,MC-BajoPutumayo,10259.1,11278.8
2022-03-29,17,PT1H,MC-BajoPutumayo,10425.5,11167.54
2022-03-29,18,PT1H,MC-BajoPutumayo,10756.47,10852.43
2022-03-29,19,PT1H,MC-BajoPutumayo,11843.61,11767.04
2022-03-29,20,PT1H,MC-BajoPutumayo,11978.06,12489.47
2022-03-29,21,PT1H,MC-BajoPutumayo,11194.14,11824.72
2022-03-29,22,PT1H,MC-BajoPutumayo,9930.45,10677.39
2022-03-29,23,PT1H,MC-BajoPutumayo,8409.22,9146.55
2022-03-29,24,PT1H,MC-BajoPutumayo,7050.64,7718.54
2023-12-03,1,PT1H,MC-BajoPutumayo,8052.92,8468.1
2023-12-03,2,PT1H,MC-BajoPutumayo,7583.16,7958.21
2023-12-03,3,PT1H,MC-BajoPutumayo,7202.43,7623.48
2023-12-03,4,PT1H,MC-BajoPutumayo,6973.72,7409.33
2023-12-03,5,PT1H,MC-BajoPutumayo,6857.08,7263.87
2023-12-03,6,PT1H,MC-BajoPutumayo,6838.32,7109.11
2023-12-03,7,PT1H,MC-BajoPutumayo,7028.55,7390.77
2023-12-03,8,PT1H,MC-BajoPutumayo,7901.31,8180.93
2023-12-03,9,PT1H,MC-BajoPutumayo,9031.67,9113.02
2023-12-03,10,PT1H,MC-BajoPutumayo,9906.92,9815.15
2023-12-03,11,PT1H,MC-BajoPutumayo,10736.37,10197.29
2023-12-03,12,PT1H,MC-BajoPutumayo,11494.15,10744.42
2023-12-03,13,PT1H,MC-BajoPutumayo,11871.59,11035.36
2023-12-03,14,PT1H,MC-BajoPutumayo,11921.42,10904.19
2023-12-03,15,PT1H,MC-BajoPutumayo,11924.61,10797.31
2023-12-03,16,PT1H,MC-BajoPutumayo,11778.54,10582.94
2023-12-03,17,PT1H,MC-BajoPutumayo,11604.32,10638.5
2023-12-03,18,PT1H,MC-BajoPutumayo,11582.1,11605.1
2023-12-03,19,PT1H,MC-BajoPutumayo,12867.71,13033.07
2023-12-03,20,PT1H,MC-BajoPutumayo,13226.58,12807.68
2023-12-03,21,PT1H,MC-BajoPutumayo,12718.8,11955.7
2023-12-03,22,PT1H,MC-BajoPutumayo,11628.11,11549.39
2023-12-03,23,PT1H,MC-BajoPutumayo,10320.89,10304.81
2023-12-03,24,PT1H,MC-BajoPutumayo,9182.63,8750.2
2025-05-05,1,PT1H,MC-BajoPutumayo,7993.52,7602.1
2025-05-05,2,PT1H,MC-BajoPutumayo,7542.53,7243.7
2025-05-05,3,PT1H,MC-BajoPutumayo,7259.99,6961.0
2025-05-05,4,PT1H,MC-BajoPutumayo,7097.15,6829.3
2025-05-05,5,PT1H,MC-BajoPutumayo,7018.12,6871.8
2025-05-05,6,PT1H,MC-BajoPutumayo,7490.01,7387.0
2025-05-05,7,PT1H,MC-BajoPutumayo,8467.43,7889.7
2025-05-05,8,PT1H,MC-BajoPutumayo,8821.8,8761.4
2025-05-05,9,PT1H,MC-BajoPutumayo,9646.92,9994.5
2025-05-05,10,PT1H,MC-BajoPutumayo,10098.47,10803.1
2025-05-05,11,PT1H,MC-BajoPutumayo,10545.49,11096.7
2025-05-05,12,PT1H,MC-BajoPutumayo,10779.41,11501.0
2025-05-05,13,PT1H,MC-BajoPutumayo,10557.21,11296.4
2025-05-05,14,PT1H,MC-BajoPutumayo,10481.29,11647.1
2025-05-05,15,PT1H,MC-BajoPutumayo,11045.53,12429.0
2025-05-05,16,PT1H,MC-BajoPutumayo,11557.44,12688.7
2025-05-05,17,PT1H,MC-BajoPutumayo,11885.09,12602.1
2025-05-05,18,PT1H,MC-BajoPutumayo,11816.27,12364.1
2025-05-05,19,PT1H,MC-BajoPutumayo,13021.21,13263.7
2025-05-05,20,PT1H,MC-BajoPutumayo,13363.89,13631.6
2025-05-05,21,PT1H,MC-BajoPutumayo,12519.32,12689.1
2025-05-05,22,PT1H,MC-BajoPutumayo,11095.25,11562.7
2025-05-05,23,PT1H,MC-BajoPutumayo,9543.64,9938.2
2025-05-05,24,PT1H,MC-BajoPutumayo,8073.97,8600.7
2023-12-09,1,PT1H,MC-BajoPutumayo,7657.91,7923.83
2023-12-09,2,PT1H,MC-BajoPutumayo,7169.5,7427.51
2023-12-09,3,PT1H,MC-BajoPutumayo,6860.58,7092.58
2023-12-09,4,PT1H,MC-BajoPutumayo,6674.22,6895.9
2023-12-09,5,PT1H,MC-BajoPutumayo,6627.35,6758.32
2023-12-09,6,PT1H,MC-BajoPutumayo,6808.4,7022.55
2023-12-09,7,PT1H,MC-BajoPutumayo,7183.53,7397.66
2023-12-09,8,PT1H,MC-BajoPutumayo,8323.35,8405.89
2023-12-09,9,PT1H,MC-BajoPutumayo,9579.66,9761.92
2023-12-09,10,PT1H,MC-BajoPutumayo,10277.79,10894.79
2023-12-09,11,PT1H,MC-BajoPutumayo,10978.59,11760.32
2023-12-09,12,PT1H,MC-BajoPutumayo,11248.94,12284.71
2023-12-09,13,PT1H,MC-BajoPutumayo,10622.94,12235.55
2023-12-09,14,PT1H,MC-BajoPutumayo,10898.87,12227.75
2023-12-09,15,PT1H,MC-BajoPutumayo,11351.35,12343.38
2023-12-09,16,PT1H,MC-BajoPutumayo,11618.91,12277.09
2023-12-09,17,PT1H,MC-BajoPutumayo,11485.21,12259.9
2023-12-09,18,PT1H,MC-BajoPutumayo,11570.5,12212.83
2023-12-09,19,PT1H,MC-BajoPutumayo,12978.89,13568.77
2023-12-09,20,PT1H,MC-BajoPutumayo,13229.23,13450.05
2023-12-09,21,PT1H,MC-BajoPutumayo,12585.9,12765.45
2023-12-09,22,PT1H,MC-BajoPutumayo,11356.76,11821.5
2023-12-09,23,PT1H,MC-BajoPutumayo,10204.91,10538.53
2023-12-09,24,PT1H,MC-BajoPutumayo,8812.94,8933.33
2024-12-11,1,PT1H,MC-BajoPutumayo,7525.35,7403.7
2024-12-11,2,PT1H,MC-BajoPutumayo,7171.36,7029.6
2024-12-11,3,PT1H,MC-BajoPutumayo,7080.41,6930.7
2024-12-11,4,PT1H,MC-BajoPutumayo,7032.65,6901.2
2024-12-11,5,PT1H,MC-BajoPutumayo,7216.18,7232.9
2024-12-11,6,PT1H,MC-BajoPutumayo,7507.63,7538.5
2024-12-11,7,PT1H,MC-BajoPutumayo,8410.8,8532.8
2024-12-11,8,PT1H,MC-BajoPutumayo,9461.04,9494.2
2024-12-11,9,PT1H,MC-BajoPutumayo,10641.99,10557.6
2024-12-11,10,PT1H,MC-BajoPutumayo,11642.71,11390.0
2024-12-11,11,PT1H,MC-BajoPutumayo,12424.19,12041.7
2024-12-11,12,PT1H,MC-BajoPutumayo,12516.47,12151.1
2024-12-11,13,PT1H,MC-BajoPutumayo,12338.96,12051.2
2024-12-11,14,PT1H,MC-BajoPutumayo,12943.42,12513.3
2024-12-11,15,PT1H,MC-BajoPutumayo,13440.47,12941.7
2024-12-11,16,PT1H,MC-BajoPutumayo,13470.43,13018.9
2024-12-11,17,PT1H,MC-BajoPutumayo,13016.26,12883.4
2024-12-11,18,PT1H,MC-BajoPutumayo,13630.43,13287.5
2024-12-11,19,PT1H,MC-BajoPutumayo,14350.1,13897.7
2024-12-11,20,PT1H,MC-BajoPutumayo,13679.58,13271.2
2024-12-11,21,PT1H,MC-BajoPutumayo,12612.28,12155.1
2024-12-11,22,PT1H,MC-BajoPutumayo,11020.55,10475.3
2024-12-11,23,PT1H,MC-BajoPutumayo,9465.39,9330.7
2024-12-11,24,PT1H,MC-BajoPutumayo,8327.17,8339.2
2024-09-30,1,PT1H,MC-BajoPutumayo,7413.08,8945.1
2024-09-30,2,PT1H,MC-BajoPutumayo,7252.44,8393.2
2024-09-30,3,PT1H,MC-BajoPutumayo,7067.4,8026.6
2024-09-30,4,PT1H,MC-BajoPutumayo,6929.31,7767.0
2024-09-30,5,PT1H,MC-BajoPutumayo,7074.84,7959.6
2024-09-30,6,PT1H,MC-BajoPutumayo,7735.79,8647.5
2024-09-30,7,PT1H,MC-BajoPutumayo,8437.46,9165.3
2024-09-30,8,PT1H,MC-BajoPutumayo,9649.9,9845.0
2024-09-30,9,PT1H,MC-BajoPutumayo,10349.52,10808.0
2024-09-30,10,PT1H,MC-BajoPutumayo,10557.29,11430.8
2024-09-30,11,PT1H,MC-BajoPutumayo,11073.51,11782.6
2024-09-30,12,PT1H,MC-BajoPutumayo,11383.66,12128.2
2024-09-30,13,PT1H,MC-BajoPutumayo,11541.73,12086.7
2024-09-30,14,PT1H,MC-BajoPutumayo,12070.4,12610.6
2024-09-30,15,PT1H,MC-BajoPutumayo,12840.57,13515.0
2024-09-30,16,PT1H,MC-BajoPutumayo,12813.47,13548.4
2024-09-30,17,PT1H,MC-BajoPutumayo,12699.18,13065.4
2024-09-30,18,PT1H,MC-BajoPutumayo,12993.99,12776.6
2024-09-30,19,PT1H,MC-BajoPutumayo,14341.59,14325.4
2024-09-30,20,PT1H,MC-BajoPutumayo,13653.77,14233.2
2024-09-30,21,PT1H,MC-BajoPutumayo,12714.34,12856.3
2024-09-30,22,PT1H,MC-BajoPutumayo,11355.67,11373.8
2024-09-30,23,PT1H,MC-BajoPutumayo,9543.66,9578.5
2024-09-30,24,PT1H,MC-BajoPutumayo,8386.94,8532.0
2024-02-17,1,PT1H,MC-BajoPutumayo,7723.27,8695.68
2024-02-17,2,PT1H,MC-BajoPutumayo,7057.58,8116.93
2024-02-17,3,PT1H,MC-BajoPutumayo,6479.23,7768.73
2024-02-17,4,PT1H,MC-BajoPutumayo,6305.08,7497.07
2024-02-17,5,PT1H,MC-BajoPutumayo,6254.95,7292.9
2024-02-17,6,PT1H,MC-BajoPutumayo,6437.29,7212.45
2024-02-17,7,PT1H,MC-BajoPutumayo,6804.2,7269.11
2024-02-17,8,PT1H,MC-BajoPutumayo,6848.46,8092.41
2024-02-17,9,PT1H,MC-BajoPutumayo,8356.3,9229.98
2024-02-17,10,PT1H,MC-BajoPutumayo,9809.6,10036.14
2024-02-17,11,PT1H,MC-BajoPutumayo,10732.14,10726.91
2024-02-17,12,PT1H,MC-BajoPutumayo,11619.04,11304.17
2024-02-17,13,PT1H,MC-BajoPutumayo,11516.41,11574.59
2024-02-17,14,PT1H,MC-BajoPutumayo,11355.43,11471.06
2024-02-17,15,PT1H,MC-BajoPutumayo,11544.39,11332.97
2024-02-17,16,PT1H,MC-BajoPutumayo,11891.04,11144.64
2024-02-17,17,PT1H,MC-BajoPutumayo,11810.13,11120.46
2024-02-17,18,PT1H,MC-BajoPutumayo,11737.45,11035.74
2024-02-17,19,PT1H,MC-BajoPutumayo,12636.52,11862.82
2024-02-17,20,PT1H,MC-BajoPutumayo,13349.79,12745.3
2024-02-17,21,PT1H,MC-BajoPutumayo,12656.96,12140.58
2024-02-17,22,PT1H,MC-BajoPutumayo,11712.83,11408.42
2024-02-17,23,PT1H,MC-BajoPutumayo,10439.48,10258.74
2024-02-17,24,PT1H,MC-BajoPutumayo,9140.3,9118.39
2023-12-17,1,PT1H,MC-BajoPutumayo,8691.39,8084.07
2023-12-17,2,PT1H,MC-BajoPutumayo,8132.47,7567.27
2023-12-17,3,PT1H,MC-BajoPutumayo,7708.09,7191.62
2023-12-17,4,PT1H,MC-BajoPutumayo,7487.51,6955.46
2023-12-17,5,PT1H,MC-BajoPutumayo,7355.64,6844.41
2023-12-17,6,PT1H,MC-BajoPutumayo,7282.27,6690.92
2023-12-17,7,PT1H,MC-BajoPutumayo,7363.16,6874.75
2023-12-17,8,PT1H,MC-BajoPutumayo,8169.22,7652.44
2023-12-17,9,PT1H,MC-BajoPutumayo,9185.9,8569.06
2023-12-17,10,PT1H,MC-BajoPutumayo,9770.67,9294.03
2023-12-17,11,PT1H,MC-BajoPutumayo,10162.4,9860.31
2023-12-17,12,PT1H,MC-BajoPutumayo,10558.54,10386.8
2023-12-17,13,PT1H,MC-BajoPutumayo,10755.1,10710.83
2023-12-17,14,PT1H,MC-BajoPutumayo,10262.28,10745.63
2023-12-17,15,PT1H,MC-BajoPutumayo,6812.47,10719.1
2023-12-17,16,PT1H,MC-BajoPutumayo,9220.94,10434.29
2023-12-17,17,PT1H,MC-BajoPutumayo,10108.82,10350.55
2023-12-17,18,PT1H,MC-BajoPutumayo,10271.84,11270.02
2023-12-17,19,PT1H,MC-BajoPutumayo,11223.38,12443.82
2023-12-17,20,PT1H,MC-BajoPutumayo,11764.58,13056.0
2023-12-17,21,PT1H,MC-BajoPutumayo,11560.26,12254.7
2023-12-17,22,PT1H,MC-BajoPutumayo,10457.19,11581.4
2023-12-17,23,PT1H,MC-BajoPutumayo,9163.64,10091.33
2023-12-17,24,PT1H,MC-BajoPutumayo,8009.21,8614.97
2022-02-09,1,PT1H,MC-BajoPutumayo,6662.66,6450.3
2022-02-09,2,PT1H,MC-BajoPutumayo,6096.09,6190.68
2022-02-09,3,PT1H,MC-BajoPutumayo,5800.44,5798.76
2022-02-09,4,PT1H,MC-BajoPutumayo,5574.16,5556.68
2022-02-09,5,PT1H,MC-BajoPutumayo,5341.05,5594.14
2022-02-09,6,PT1H,MC-BajoPutumayo,6240.61,6071.96
2022-02-09,7,PT1H,MC-BajoPutumayo,7222.84,6427.98
2022-02-09,8,PT1H,MC-BajoPutumayo,7647.46,7025.74
2022-02-09,9,PT1H,MC-BajoPutumayo,8654.13,8272.39
2022-02-09,10,PT1H,MC-BajoPutumayo,9507.65,8973.58
2022-02-09,11,PT1H,MC-BajoPutumayo,9676.66,9746.57
2022-02-09,12,PT1H,MC-BajoPutumayo,9992.24,10237.64
2022-02-09,13,PT1H,MC-BajoPutumayo,9684.58,10143.9
2022-02-09,14,PT1H,MC-BajoPutumayo,9813.45,10187.35
2022-02-09,15,PT1H,MC-BajoPutumayo,10261.89,10716.48
2022-02-09,16,PT1H,MC-BajoPutumayo,10004.67,10715.51
2022-02-09,17,PT1H,MC-BajoPutumayo,9682.99,10518.45
2022-02-09,18,PT1H,MC-BajoPutumayo,9147.19,10561.57
2022-02-09,19,PT1H,MC-BajoPutumayo,10128.64,11374.6
2022-02-09,20,PT1H,MC-BajoPutumayo,12445.46,11756.47
2022-02-09,21,PT1H,MC-BajoPutumayo,12015.39,10977.71
2022-02-09,22,PT1H,MC-BajoPutumayo,10488.79,10116.75
2022-02-09,23,PT1H,MC-BajoPutumayo,9279.84,8929.02
2022-02-09,24,PT1H,MC-BajoPutumayo,8155.78,7444.06
2025-02-19,1,PT1H,MC-BajoPutumayo,7588.3,8454.7
2025-02-19,2,PT1H,MC-BajoPutumayo,7328.69,7997.1
2025-02-19,3,PT1H,MC-BajoPutumayo,7019.47,7601.4
2025-02-19,4,PT1H,MC-BajoPutumayo,6887.28,7234.8
2025-02-19,5,PT1H,MC-BajoPutumayo,6960.92,7239.6
2025-02-19,6,PT1H,MC-BajoPutumayo,7813.76,7649.2
2025-02-19,7,PT1H,MC-BajoPutumayo,8473.75,7998.9
2025-02-19,8,PT1H,MC-BajoPutumayo,9133.0,9082.3
2025-02-19,9,PT1H,MC-BajoPutumayo,10113.41,10085.5
2025-02-19,10,PT1H,MC-BajoPutumayo,10713.73,11096.9
2025-02-19,11,PT1H,MC-BajoPutumayo,10373.41,11990.6
2025-02-19,12,PT1H,MC-BajoPutumayo,11400.73,12563.4
2025-02-19,13,PT1H,MC-BajoPutumayo,11253.24,12227.5
2025-02-19,14,PT1H,MC-BajoPutumayo,11440.65,12358.9
2025-02-19,15,PT1H,MC-BajoPutumayo,12408.05,13153.7
2025-02-19,16,PT1H,MC-BajoPutumayo,12986.77,13444.1
2025-02-19,17,PT1H,MC-BajoPutumayo,13101.77,13368.1
2025-02-19,18,PT1H,MC-BajoPutumayo,12763.41,13056.7
2025-02-19,19,PT1H,MC-BajoPutumayo,13490.04,13675.4
2025-02-19,20,PT1H,MC-BajoPutumayo,14369.02,14258.2
2025-02-19,21,PT1H,MC-BajoPutumayo,13536.86,13469.4
2025-02-19,22,PT1H,MC-BajoPutumayo,12087.17,12294.3
2025-02-19,23,PT1H,MC-BajoPutumayo,10424.1,10719.7
2025-02-19,24,PT1H,MC-BajoPutumayo,8974.17,9301.0
2024-06-17,1,PT1H,MC-BajoPutumayo,7398.42,7078.3
2024-06-17,2,PT1H,MC-BajoPutumayo,7094.43,6681.9
2024-06-17,3,PT1H,MC-BajoPutumayo,6692.26,6565.2
2024-06-17,4,PT1H,MC-BajoPutumayo,6623.66,6283.3
2024-06-17,5,PT1H,MC-BajoPutumayo,6671.76,6564.8
2024-06-17,6,PT1H,MC-BajoPutumayo,7021.75,7488.8
2024-06-17,7,PT1H,MC-BajoPutumayo,7642.89,8602.6
2024-06-17,8,PT1H,MC-BajoPutumayo,8814.25,9146.0
2024-06-17,9,PT1H,MC-BajoPutumayo,10395.63,9810.8
2024-06-17,10,PT1H,MC-BajoPutumayo,11603.01,10541.7
2024-06-17,11,PT1H,MC-BajoPutumayo,12393.52,11223.1
2024-06-17,12,PT1H,MC-BajoPutumayo,13218.39,11607.9
2024-06-17,13,PT1H,MC-BajoPutumayo,12856.16,11033.7
2024-06-17,14,PT1H,MC-BajoPutumayo,13223.4,11282.5
2024-06-17,15,PT1H,MC-BajoPutumayo,13985.61,11615.0
2024-06-17,16,PT1H,MC-BajoPutumayo,13959.71,11672.6
2024-06-17,17,PT1H,MC-BajoPutumayo,13778.44,11633.4
2024-06-17,18,PT1H,MC-BajoPutumayo,13320.56,11631.6
2024-06-17,19,PT1H,MC-BajoPutumayo,14253.49,13217.1
2024-06-17,20,PT1H,MC-BajoPutumayo,14444.65,14219.6
2024-06-17,21,PT1H,MC-BajoPutumayo,13507.41,13470.3
2024-06-17,22,PT1H,MC-BajoPutumayo,12387.13,11916.9
2024-06-17,23,PT1H,MC-BajoPutumayo,10603.49,9689.9
2024-06-17,24,PT1H,MC-BajoPutumayo,9138.2,7799.9
2022-01-24,1,PT1H,MC-BajoPutumayo,6886.71,7200.24
2022-01-24,2,PT1H,MC-BajoPutumayo,6277.44,6674.42
2022-01-24,3,PT1H,MC-BajoPutumayo,5938.21,6394.04
2022-01-24,4,PT1H,MC-BajoPutumayo,5861.44,6172.9
2022-01-24,5,PT1H,MC-BajoPutumayo,5980.24,6184.8
2022-01-24,6,PT1H,MC-BajoPutumayo,7019.21,6350.06
2022-01-24,7,PT1H,MC-BajoPutumayo,7783.48,6590.96
2022-01-24,8,PT1H,MC-BajoPutumayo,8007.58,7501.47
2022-01-24,9,PT1H,MC-BajoPutumayo,8093.57,7844.59
2022-01-24,10,PT1H,MC-BajoPutumayo,8636.48,8745.5
2022-01-24,11,PT1H,MC-BajoPutumayo,9851.66,9283.92
2022-01-24,12,PT1H,MC-BajoPutumayo,10645.35,9814.52
2022-01-24,13,PT1H,MC-BajoPutumayo,10281.04,10182.04
2022-01-24,14,PT1H,MC-BajoPutumayo,10140.9,9941.82
2022-01-24,15,PT1H,MC-BajoPutumayo,10934.78,9950.84
2022-01-24,16,PT1H,MC-BajoPutumayo,10477.56,10126.26
2022-01-24,17,PT1H,MC-BajoPutumayo,10331.11,10073.83
2022-01-24,18,PT1H,MC-BajoPutumayo,10602.76,10449.03
2022-01-24,19,PT1H,MC-BajoPutumayo,11459.39,10390.54
2022-01-24,20,PT1H,MC-BajoPutumayo,11863.97,11115.53
2022-01-24,21,PT1H,MC-BajoPutumayo,11064.38,10963.69
2022-01-24,22,PT1H,MC-BajoPutumayo,10192.04,10242.79
2022-01-24,23,PT1H,MC-BajoPutumayo,8961.54,9073.46
2022-01-24,24,PT1H,MC-BajoPutumayo,7643.57,8073.41
2023-12-15,1,PT1H,MC-BajoPutumayo,7359.25,7131.31
2023-12-15,2,PT1H,MC-BajoPutumayo,6849.89,6669.11
2023-12-15,3,PT1H,MC-BajoPutumayo,6570.16,6384.23
2023-12-15,4,PT1H,MC-BajoPutumayo,6471.9,6215.04
2023-12-15,5,PT1H,MC-BajoPutumayo,6534.63,6193.29
2023-12-15,6,PT1H,MC-BajoPutumayo,6829.5,6516.56
2023-12-15,7,PT1H,MC-BajoPutumayo,7323.31,7001.39
2023-12-15,8,PT1H,MC-BajoPutumayo,8630.92,7891.28
2023-12-15,9,PT1H,MC-BajoPutumayo,10065.82,9126.57
2023-12-15,10,PT1H,MC-BajoPutumayo,11072.56,9996.03
2023-12-15,11,PT1H,MC-BajoPutumayo,11984.13,10663.6
2023-12-15,12,PT1H,MC-BajoPutumayo,12614.31,11294.54
2023-12-15,13,PT1H,MC-BajoPutumayo,12035.42,11090.38
2023-12-15,14,PT1H,MC-BajoPutumayo,11480.78,11244.04
2023-12-15,15,PT1H,MC-BajoPutumayo,11157.05,11935.05
2023-12-15,16,PT1H,MC-BajoPutumayo,11526.23,12000.76
2023-12-15,17,PT1H,MC-BajoPutumayo,11736.02,11909.0
2023-12-15,18,PT1H,MC-BajoPutumayo,11708.44,11181.72
2023-12-15,19,PT1H,MC-BajoPutumayo,12672.79,12659.94
2023-12-15,20,PT1H,MC-BajoPutumayo,12785.98,12623.66
2023-12-15,21,PT1H,MC-BajoPutumayo,12170.7,11885.97
2023-12-15,22,PT1H,MC-BajoPutumayo,11060.96,10793.89
2023-12-15,23,PT1H,MC-BajoPutumayo,9751.37,9524.01
2023-12-15,24,PT1H,MC-BajoPutumayo,8639.73,8325.99
2023-12-11,1,PT1H,MC-BajoPutumayo,7956.16,7907.67
2023-12-11,2,PT1H,MC-BajoPutumayo,7310.38,7323.4
2023-12-11,3,PT1H,MC-BajoPutumayo,6970.38,7007.07
2023-12-11,4,PT1H,MC-BajoPutumayo,6786.3,6754.17
2023-12-11,5,PT1H,MC-BajoPutumayo,6769.94,6659.46
2023-12-11,6,PT1H,MC-BajoPutumayo,6975.03,6827.18
2023-12-11,7,PT1H,MC-BajoPutumayo,7421.99,7497.08
2023-12-11,8,PT1H,MC-BajoPutumayo,8644.79,8541.68
2023-12-11,9,PT1H,MC-BajoPutumayo,9908.48,9480.03
2023-12-11,10,PT1H,MC-BajoPutumayo,10681.81,10429.28
2023-12-11,11,PT1H,MC-BajoPutumayo,11276.08,11121.88
2023-12-11,12,PT1H,MC-BajoPutumayo,11816.34,11803.24
2023-12-11,13,PT1H,MC-BajoPutumayo,11638.33,11847.67
2023-12-11,14,PT1H,MC-BajoPutumayo,12024.79,11959.76
2023-12-11,15,PT1H,MC-BajoPutumayo,12985.82,12369.62
2023-12-11,16,PT1H,MC-BajoPutumayo,13188.2,12516.03
2023-12-11,17,PT1H,MC-BajoPutumayo,13153.61,12230.04
2023-12-11,18,PT1H,MC-BajoPutumayo,12806.49,11990.36
2023-12-11,19,PT1H,MC-BajoPutumayo,13735.11,13511.8
2023-12-11,20,PT1H,MC-BajoPutumayo,14078.87,13402.02
2023-12-11,21,PT1H,MC-BajoPutumayo,13398.93,12387.09
2023-12-11,22,PT1H,MC-BajoPutumayo,12241.21,10958.08
2023-12-11,23,PT1H,MC-BajoPutumayo,10737.46,9535.7
2023-12-11,24,PT1H,MC-BajoPutumayo,9344.27,8063.12
2026-01-23,1,PT1H,MC-BajoPutumayo,8742.56,8129.3
2026-01-23,2,PT1H,MC-BajoPutumayo,8334.58,7754.5
2026-01-23,3,PT1H,MC-BajoPutumayo,8097.86,7501.6
2026-01-23,4,PT1H,MC-BajoPutumayo,8026.96,7349.8
2026-01-23,5,PT1H,MC-BajoPutumayo,8171.21,7321.9
2026-01-23,6,PT1H,MC-BajoPutumayo,8523.24,7411.7
2026-01-23,7,PT1H,MC-BajoPutumayo,8980.51,7771.5
2026-01-23,8,PT1H,MC-BajoPutumayo,10365.21,9068.3
2026-01-23,9,PT1H,MC-BajoPutumayo,11745.67,10474.7
2026-01-23,10,PT1H,MC-BajoPutumayo,12238.39,11622.1
2026-01-23,11,PT1H,MC-BajoPutumayo,13116.07,12248.8
2026-01-23,12,PT1H,MC-BajoPutumayo,13561.65,11719.0
2026-01-23,13,PT1H,MC-BajoPutumayo,13070.78,12137.7
2026-01-23,14,PT1H,MC-BajoPutumayo,12471.05,13011.8
2026-01-23,15,PT1H,MC-BajoPutumayo,14617.71,13413.2
2026-01-23,16,PT1H,MC-BajoPutumayo,14502.06,13735.2
2026-01-23,17,PT1H,MC-BajoPutumayo,14123.79,13505.7
2026-01-23,18,PT1H,MC-BajoPutumayo,14155.41,13495.4
2026-01-23,19,PT1H,MC-BajoPutumayo,15571.09,14594.5
2026-01-23,20,PT1H,MC-BajoPutumayo,15204.9,14289.7
2026-01-23,21,PT1H,MC-BajoPutumayo,14315.77,13289.3
2026-01-23,22,PT1H,MC-BajoPutumayo,12328.93,12050.5
2026-01-23,23,PT1H,MC-BajoPutumayo,11103.76,10689.2
2026-01-23,24,PT1H,MC-BajoPutumayo,9851.23,9539.0
2025-05-31,1,PT1H,MC-BajoPutumayo,7047.11,7564.2
2025-05-31,2,PT1H,MC-BajoPutumayo,6582.27,6977.3
2025-05-31,3,PT1H,MC-BajoPutumayo,6258.45,6660.5
2025-05-31,4,PT1H,MC-BajoPutumayo,6160.34,6511.7
2025-05-31,5,PT1H,MC-BajoPutumayo,6159.33,6495.2
2025-05-31,6,PT1H,MC-BajoPutumayo,6456.57,6725.9
2025-05-31,7,PT1H,MC-BajoPutumayo,6929.33,7164.0
2025-05-31,8,PT1H,MC-BajoPutumayo,7909.19,8115.1
2025-05-31,9,PT1H,MC-BajoPutumayo,9116.75,9250.8
2025-05-31,10,PT1H,MC-BajoPutumayo,9876.05,10099.7
2025-05-31,11,PT1H,MC-BajoPutumayo,10245.54,10818.8
2025-05-31,12,PT1H,MC-BajoPutumayo,10562.65,11440.5
2025-05-31,13,PT1H,MC-BajoPutumayo,10624.77,11565.3
2025-05-31,14,PT1H,MC-BajoPutumayo,10590.25,11630.2
2025-05-31,15,PT1H,MC-BajoPutumayo,10806.39,11982.3
2025-05-31,16,PT1H,MC-BajoPutumayo,10865.19,11988.8
2025-05-31,17,PT1H,MC-BajoPutumayo,10848.73,11906.1
2025-05-31,18,PT1H,MC-BajoPutumayo,11533.45,11787.2
2025-05-31,19,PT1H,MC-BajoPutumayo,12949.37,13000.3
2025-05-31,20,PT1H,MC-BajoPutumayo,13497.66,13287.8
2025-05-31,21,PT1H,MC-BajoPutumayo,12658.25,12467.4
2025-05-31,22,PT1H,MC-BajoPutumayo,11618.58,11442.6
2025-05-31,23,PT1H,MC-BajoPutumayo,10308.14,10205.3
2025-05-31,24,PT1H,MC-BajoPutumayo,9146.39,9077.8
2025-01-30,1,PT1H,MC-BajoPutumayo,7876.63,8485.7
2025-01-30,2,PT1H,MC-BajoPutumayo,7518.33,7972.1
2025-01-30,3,PT1H,MC-BajoPutumayo,7844.96,7570.6
2025-01-30,4,PT1H,MC-BajoPutumayo,7175.14,7402.2
2025-01-30,5,PT1H,MC-BajoPutumayo,7191.81,7322.7
2025-01-30,6,PT1H,MC-BajoPutumayo,7565.19,6294.7
2025-01-30,7,PT1H,MC-BajoPutumayo,7851.38,7828.2
2025-01-30,8,PT1H,MC-BajoPutumayo,9018.31,8617.6
2025-01-30,9,PT1H,MC-BajoPutumayo,10409.62,9915.9
2025-01-30,10,PT1H,MC-BajoPutumayo,10844.66,11055.5
2025-01-30,11,PT1H,MC-BajoPutumayo,11052.79,11904.0
2025-01-30,12,PT1H,MC-BajoPutumayo,11033.01,12568.8
2025-01-30,13,PT1H,MC-BajoPutumayo,10835.84,12241.4
2025-01-30,14,PT1H,MC-BajoPutumayo,10920.23,12388.1
2025-01-30,15,PT1H,MC-BajoPutumayo,12152.17,13097.4
2025-01-30,16,PT1H,MC-BajoPutumayo,12659.61,13089.2
2025-01-30,17,PT1H,MC-BajoPutumayo,12878.18,12880.9
2025-01-30,18,PT1H,MC-BajoPutumayo,12571.82,12742.8
2025-01-30,19,PT1H,MC-BajoPutumayo,13205.26,13420.1
2025-01-30,20,PT1H,MC-BajoPutumayo,13902.76,13735.7
2025-01-30,21,PT1H,MC-BajoPutumayo,13063.1,12951.2
2025-01-30,22,PT1H,MC-BajoPutumayo,11612.76,12010.3
2025-01-30,23,PT1H,MC-BajoPutumayo,10112.2,10681.6
2025-01-30,24,PT1H,MC-BajoPutumayo,8867.58,9477.9
2022-03-15,1,PT1H,MC-BajoPutumayo,6589.32,6680.41
2022-03-15,2,PT1H,MC-BajoPutumayo,6192.58,6280.5
2022-03-15,3,PT1H,MC-BajoPutumayo,6001.12,6068.56
2022-03-15,4,PT1H,MC-BajoPutumayo,5898.97,5947.71
2022-03-15,5,PT1H,MC-BajoPutumayo,5923.48,5965.74
2022-03-15,6,PT1H,MC-BajoPutumayo,6530.24,6414.1
2022-03-15,7,PT1H,MC-BajoPutumayo,7269.26,7094.09
2022-03-15,8,PT1H,MC-BajoPutumayo,7761.96,7620.25
2022-03-15,9,PT1H,MC-BajoPutumayo,8840.03,8469.29
2022-03-15,10,PT1H,MC-BajoPutumayo,9477.1,9022.28
2022-03-15,11,PT1H,MC-BajoPutumayo,10042.03,9616.95
2022-03-15,12,PT1H,MC-BajoPutumayo,10580.88,10197.75
2022-03-15,13,PT1H,MC-BajoPutumayo,10492.5,10002.97
2022-03-15,14,PT1H,MC-BajoPutumayo,10891.92,10158.15
2022-03-15,15,PT1H,MC-BajoPutumayo,11764.22,10736.63
2022-03-15,16,PT1H,MC-BajoPutumayo,11893.98,10937.84
2022-03-15,17,PT1H,MC-BajoPutumayo,11434.7,10937.71
2022-03-15,18,PT1H,MC-BajoPutumayo,10930.94,10866.41
2022-03-15,19,PT1H,MC-BajoPutumayo,11821.0,11559.38
2022-03-15,20,PT1H,MC-BajoPutumayo,12488.42,12253.14
2022-03-15,21,PT1H,MC-BajoPutumayo,11775.27,11658.15
2022-03-15,22,PT1H,MC-BajoPutumayo,10497.79,10652.73
2022-03-15,23,PT1H,MC-BajoPutumayo,8908.16,9246.31
2022-03-15,24,PT1H,MC-BajoPutumayo,7523.81,7736.54
2025-05-26,1,PT1H,MC-BajoPutumayo,7398.09,8244.8
2025-05-26,2,PT1H,MC-BajoPutumayo,6915.71,7760.6
2025-05-26,3,PT1H,MC-BajoPutumayo,6685.99,7490.6
2025-05-26,4,PT1H,MC-BajoPutumayo,6550.44,7318.3
2025-05-26,5,PT1H,MC-BajoPutumayo,6625.91,7416.3
2025-05-26,6,PT1H,MC-BajoPutumayo,7204.61,7683.5
2025-05-26,7,PT1H,MC-BajoPutumayo,8207.79,8447.4
2025-05-26,8,PT1H,MC-BajoPutumayo,8724.2,9055.1
2025-05-26,9,PT1H,MC-BajoPutumayo,9790.37,10295.9
2025-05-26,10,PT1H,MC-BajoPutumayo,10600.31,10855.6
2025-05-26,11,PT1H,MC-BajoPutumayo,10961.21,11144.4
2025-05-26,12,PT1H,MC-BajoPutumayo,12241.08,11487.3
2025-05-26,13,PT1H,MC-BajoPutumayo,12770.96,11204.8
2025-05-26,14,PT1H,MC-BajoPutumayo,11985.42,11111.6
2025-05-26,15,PT1H,MC-BajoPutumayo,12389.67,11887.4
2025-05-26,16,PT1H,MC-BajoPutumayo,12770.21,12299.1
2025-05-26,17,PT1H,MC-BajoPutumayo,12786.15,12364.3
2025-05-26,18,PT1H,MC-BajoPutumayo,12654.01,12408.8
2025-05-26,19,PT1H,MC-BajoPutumayo,13794.25,13751.2
2025-05-26,20,PT1H,MC-BajoPutumayo,14145.72,14094.5
2025-05-26,21,PT1H,MC-BajoPutumayo,13200.26,13232.8
2025-05-26,22,PT1H,MC-BajoPutumayo,11687.31,11866.7
2025-05-26,23,PT1H,MC-BajoPutumayo,9694.83,10085.2
2025-05-26,24,PT1H,MC-BajoPutumayo,8195.07,8650.2
2025-01-03,1,PT1H,MC-BajoPutumayo,8724.3,7808.9
2025-01-03,2,PT1H,MC-BajoPutumayo,8165.37,7421.5
2025-01-03,3,PT1H,MC-BajoPutumayo,7707.65,7246.1
2025-01-03,4,PT1H,MC-BajoPutumayo,7482.68,6965.8
2025-01-03,5,PT1H,MC-BajoPutumayo,7531.22,7212.2
2025-01-03,6,PT1H,MC-BajoPutumayo,7623.96,7483.4
2025-01-03,7,PT1H,MC-BajoPutumayo,7819.41,8327.2
2025-01-03,8,PT1H,MC-BajoPutumayo,8522.94,9574.2
2025-01-03,9,PT1H,MC-BajoPutumayo,9823.87,10566.7
2025-01-03,10,PT1H,MC-BajoPutumayo,10324.86,11517.4
2025-01-03,11,PT1H,MC-BajoPutumayo,10734.5,12061.7
2025-01-03,12,PT1H,MC-BajoPutumayo,11108.15,12265.2
2025-01-03,13,PT1H,MC-BajoPutumayo,11108.75,12104.6
2025-01-03,14,PT1H,MC-BajoPutumayo,10859.75,12776.0
2025-01-03,15,PT1H,MC-BajoPutumayo,11100.3,12400.3
2025-01-03,16,PT1H,MC-BajoPutumayo,11031.95,12367.2
2025-01-03,17,PT1H,MC-BajoPutumayo,10949.95,12265.4
2025-01-03,18,PT1H,MC-BajoPutumayo,11043.32,12570.8
2025-01-03,19,PT1H,MC-BajoPutumayo,12484.71,13232.7
2025-01-03,20,PT1H,MC-BajoPutumayo,12968.13,12662.1
2025-01-03,21,PT1H,MC-BajoPutumayo,12125.53,11793.5
2025-01-03,22,PT1H,MC-BajoPutumayo,11140.91,10471.8
2025-01-03,23,PT1H,MC-BajoPutumayo,9712.16,9289.7
2025-01-03,24,PT1H,MC-BajoPutumayo,8650.9,8399.7
2024-11-09,1,PT1H,MC-BajoPutumayo,8655.08,8518.9
2024-11-09,2,PT1H,MC-BajoPutumayo,8154.98,7785.3
2024-11-09,3,PT1H,MC-BajoPutumayo,7852.98,7586.1
2024-11-09,4,PT1H,MC-BajoPutumayo,7775.32,7307.1
2024-11-09,5,PT1H,MC-BajoPutumayo,7726.44,7348.5
2024-11-09,6,PT1H,MC-BajoPutumayo,7873.97,7349.1
2024-11-09,7,PT1H,MC-BajoPutumayo,8775.08,8114.1
2024-11-09,8,PT1H,MC-BajoPutumayo,10304.85,9081.7
2024-11-09,9,PT1H,MC-BajoPutumayo,11880.45,10143.1
2024-11-09,10,PT1H,MC-BajoPutumayo,12905.96,10992.1
2024-11-09,11,PT1H,MC-BajoPutumayo,13704.33,11792.6
2024-11-09,12,PT1H,MC-BajoPutumayo,13941.62,12034.7
2024-11-09,13,PT1H,MC-BajoPutumayo,13587.78,11754.9
2024-11-09,14,PT1H,MC-BajoPutumayo,13975.75,11595.7
2024-11-09,15,PT1H,MC-BajoPutumayo,14170.63,11823.9
2024-11-09,16,PT1H,MC-BajoPutumayo,14093.93,11769.2
2024-11-09,17,PT1H,MC-BajoPutumayo,13982.44,11613.6
2024-11-09,18,PT1H,MC-BajoPutumayo,14941.36,12349.5
2024-11-09,19,PT1H,MC-BajoPutumayo,12531.47,13214.1
2024-11-09,20,PT1H,MC-BajoPutumayo,13926.97,12637.9
2024-11-09,21,PT1H,MC-BajoPutumayo,10738.47,11824.4
2024-11-09,22,PT1H,MC-BajoPutumayo,9939.91,10800.3
2024-11-09,23,PT1H,MC-BajoPutumayo,10344.82,9386.2
2024-11-09,24,PT1H,MC-BajoPutumayo,9375.52,8452.0
2025-10-18,1,PT1H,MC-BajoPutumayo,8970.8,8146.4
2025-10-18,2,PT1H,MC-BajoPutumayo,8392.83,7560.4
2025-10-18,3,PT1H,MC-BajoPutumayo,7955.13,7148.3
2025-10-18,4,PT1H,MC-BajoPutumayo,7778.54,6943.5
2025-10-18,5,PT1H,MC-BajoPutumayo,7648.73,6900.4
2025-10-18,6,PT1H,MC-BajoPutumayo,7733.6,7081.1
2025-10-18,7,PT1H,MC-BajoPutumayo,8099.81,7630.1
2025-10-18,8,PT1H,MC-BajoPutumayo,9186.71,8654.8
2025-10-18,9,PT1H,MC-BajoPutumayo,10615.85,9961.6
2025-10-18,10,PT1H,MC-BajoPutumayo,11394.41,10963.2
2025-10-18,11,PT1H,MC-BajoPutumayo,12284.13,11593.8
2025-10-18,12,PT1H,MC-BajoPutumayo,12986.64,12041.8
2025-10-18,13,PT1H,MC-BajoPutumayo,12952.76,11956.4
2025-10-18,14,PT1H,MC-BajoPutumayo,13002.06,11889.0
2025-10-18,15,PT1H,MC-BajoPutumayo,13551.68,12094.8
2025-10-18,16,PT1H,MC-BajoPutumayo,13813.87,12225.9
2025-10-18,17,PT1H,MC-BajoPutumayo,13689.46,12233.3
2025-10-18,18,PT1H,MC-BajoPutumayo,13768.76,12373.2
2025-10-18,19,PT1H,MC-BajoPutumayo,15369.91,14057.1
2025-10-18,20,PT1H,MC-BajoPutumayo,15013.21,13926.4
2025-10-18,21,PT1H,MC-BajoPutumayo,13905.67,12919.3
2025-10-18,22,PT1H,MC-BajoPutumayo,12573.65,11728.1
2025-10-18,23,PT1H,MC-BajoPutumayo,11219.03,10360.6
2025-10-18,24,PT1H,MC-BajoPutumayo,9874.23,9195.0
2023-12-02,1,PT1H,MC-BajoPutumayo,8370.53,8534.12
2023-12-02,2,PT1H,MC-BajoPutumayo,7736.88,7983.63
2023-12-02,3,PT1H,MC-BajoPutumayo,7284.34,7549.08
2023-12-02,4,PT1H,MC-BajoPutumayo,7060.06,7226.72
2023-12-02,5,PT1H,MC-BajoPutumayo,7031.4,7114.05
2023-12-02,6,PT1H,MC-BajoPutumayo,7168.61,7243.66
2023-12-02,7,PT1H,MC-BajoPutumayo,7565.6,7601.28
2023-12-02,8,PT1H,MC-BajoPutumayo,8600.42,8632.17
2023-12-02,9,PT1H,MC-BajoPutumayo,9794.23,9913.23
2023-12-02,10,PT1H,MC-BajoPutumayo,10595.18,10816.19
2023-12-02,11,PT1H,MC-BajoPutumayo,10895.76,11530.54
2023-12-02,12,PT1H,MC-BajoPutumayo,10884.88,12004.16
2023-12-02,13,PT1H,MC-BajoPutumayo,10997.74,12001.62
2023-12-02,14,PT1H,MC-BajoPutumayo,11002.26,11909.47
2023-12-02,15,PT1H,MC-BajoPutumayo,11102.74,12005.47
2023-12-02,16,PT1H,MC-BajoPutumayo,11270.02,11896.99
2023-12-02,17,PT1H,MC-BajoPutumayo,11366.82,11916.59
2023-12-02,18,PT1H,MC-BajoPutumayo,11578.6,12091.27
2023-12-02,19,PT1H,MC-BajoPutumayo,12934.94,13426.92
2023-12-02,20,PT1H,MC-BajoPutumayo,13072.44,13296.49
2023-12-02,21,PT1H,MC-BajoPutumayo,12191.41,12533.46
2023-12-02,22,PT1H,MC-BajoPutumayo,11140.38,11622.57
2023-12-02,23,PT1H,MC-BajoPutumayo,9966.27,10485.61
2023-12-02,24,PT1H,MC-BajoPutumayo,8875.99,9339.92
2022-09-11,1,PT1H,MC-BajoPutumayo,6873.99,7540.66
2022-09-11,2,PT1H,MC-BajoPutumayo,6476.04,6970.72
2022-09-11,3,PT1H,MC-BajoPutumayo,6169.9,6408.05
2022-09-11,4,PT1H,MC-BajoPutumayo,5870.73,6344.33
2022-09-11,5,PT1H,MC-BajoPutumayo,5786.01,6291.23
2022-09-11,6,PT1H,MC-BajoPutumayo,6051.6,6348.56
2022-09-11,7,PT1H,MC-BajoPutumayo,6529.36,6530.54
2022-09-11,8,PT1H,MC-BajoPutumayo,7500.34,7608.84
2022-09-11,9,PT1H,MC-BajoPutumayo,8505.06,8671.87
2022-09-11,10,PT1H,MC-BajoPutumayo,9422.22,9457.75
2022-09-11,11,PT1H,MC-BajoPutumayo,10092.1,10346.12
2022-09-11,12,PT1H,MC-BajoPutumayo,10624.03,10912.3
2022-09-11,13,PT1H,MC-BajoPutumayo,10938.61,10904.57
2022-09-11,14,PT1H,MC-BajoPutumayo,10965.72,10637.05
2022-09-11,15,PT1H,MC-BajoPutumayo,10976.98,10485.6
2022-09-11,16,PT1H,MC-BajoPutumayo,11051.75,10235.35
2022-09-11,17,PT1H,MC-BajoPutumayo,11027.12,10132.86
2022-09-11,18,PT1H,MC-BajoPutumayo,10923.33,10112.32
2022-09-11,19,PT1H,MC-BajoPutumayo,12404.14,11014.11
2022-09-11,20,PT1H,MC-BajoPutumayo,12624.93,11465.09
2022-09-11,21,PT1H,MC-BajoPutumayo,11907.07,10828.59
2022-09-11,22,PT1H,MC-BajoPutumayo,9867.71,9699.7
2022-09-11,23,PT1H,MC-BajoPutumayo,7363.0,8323.67
2022-09-11,24,PT1H,MC-BajoPutumayo,5931.72,7299.93
2025-04-10,1,PT1H,MC-BajoPutumayo,7606.77,7864.9
2025-04-10,2,PT1H,MC-BajoPutumayo,7243.55,7360.7
2025-04-10,3,PT1H,MC-BajoPutumayo,7036.19,7161.1
2025-04-10,4,PT1H,MC-BajoPutumayo,6937.51,6954.0
2025-04-10,5,PT1H,MC-BajoPutumayo,6833.33,6972.3
2025-04-10,6,PT1H,MC-BajoPutumayo,7752.34,7575.6
2025-04-10,7,PT1H,MC-BajoPutumayo,8250.68,8282.4
2025-04-10,8,PT1H,MC-BajoPutumayo,8986.48,8908.5
2025-04-10,9,PT1H,MC-BajoPutumayo,10209.72,9869.8
2025-04-10,10,PT1H,MC-BajoPutumayo,11359.33,10430.8
2025-04-10,11,PT1H,MC-BajoPutumayo,11895.1,11140.9
2025-04-10,12,PT1H,MC-BajoPutumayo,12408.42,11543.2
2025-04-10,13,PT1H,MC-BajoPutumayo,12182.55,11387.9
2025-04-10,14,PT1H,MC-BajoPutumayo,12657.79,11771.4
2025-04-10,15,PT1H,MC-BajoPutumayo,13588.99,12687.9
2025-04-10,16,PT1H,MC-BajoPutumayo,13624.1,12901.5
2025-04-10,17,PT1H,MC-BajoPutumayo,12690.45,12785.7
2025-04-10,18,PT1H,MC-BajoPutumayo,12656.27,12771.4
2025-04-10,19,PT1H,MC-BajoPutumayo,13629.8,13884.8
2025-04-10,20,PT1H,MC-BajoPutumayo,13839.53,14257.4
2025-04-10,21,PT1H,MC-BajoPutumayo,12819.88,13440.7
2025-04-10,22,PT1H,MC-BajoPutumayo,11596.5,12105.3
2025-04-10,23,PT1H,MC-BajoPutumayo,9988.98,10190.6
2025-04-10,24,PT1H,MC-BajoPutumayo,8506.75,8741.4
2024-06-26,1,PT1H,MC-BajoPutumayo,7993.37,8437.0
2024-06-26,2,PT1H,MC-BajoPutumayo,7553.16,7868.0
2024-06-26,3,PT1H,MC-BajoPutumayo,7308.91,7708.6
2024-06-26,4,PT1H,MC-BajoPutumayo,7194.39,7424.8
2024-06-26,5,PT1H,MC-BajoPutumayo,7295.19,7317.2
2024-06-26,6,PT1H,MC-BajoPutumayo,7953.73,7769.1
2024-06-26,7,PT1H,MC-BajoPutumayo,8716.19,8403.1
2024-06-26,8,PT1H,MC-BajoPutumayo,8955.34,9019.5
2024-06-26,9,PT1H,MC-BajoPutumayo,6255.65,5885.6
2024-06-26,10,PT1H,MC-BajoPutumayo,6508.33,6688.7
2024-06-26,11,PT1H,MC-BajoPutumayo,6739.63,7057.7
2024-06-26,12,PT1H,MC-BajoPutumayo,6770.2,6975.0
2024-06-26,13,PT1H,MC-BajoPutumayo,6215.51,6689.2
2024-06-26,14,PT1H,MC-BajoPutumayo,6006.58,6700.0
2024-06-26,15,PT1H,MC-BajoPutumayo,6172.48,7126.6
2024-06-26,16,PT1H,MC-BajoPutumayo,6496.27,7243.7
2024-06-26,17,PT1H,MC-BajoPutumayo,6818.32,7414.7
2024-06-26,18,PT1H,MC-BajoPutumayo,12017.62,12089.1
2024-06-26,19,PT1H,MC-BajoPutumayo,13185.03,13308.2
2024-06-26,20,PT1H,MC-BajoPutumayo,13165.1,13452.4
2024-06-26,21,PT1H,MC-BajoPutumayo,12221.52,12461.4
2024-06-26,22,PT1H,MC-BajoPutumayo,11009.0,11123.4
2024-06-26,23,PT1H,MC-BajoPutumayo,9235.25,9464.3
2024-06-26,24,PT1H,MC-BajoPutumayo,7958.18,8124.9
2025-07-30,1,PT1H,MC-BajoPutumayo,7808.75,8388.5
2025-07-30,2,PT1H,MC-BajoPutumayo,7338.56,7926.3
2025-07-30,3,PT1H,MC-BajoPutumayo,7114.8,7657.4
2025-07-30,4,PT1H,MC-BajoPutumayo,6989.04,7534.5
2025-07-30,5,PT1H,MC-BajoPutumayo,7053.07,7578.7
2025-07-30,6,PT1H,MC-BajoPutumayo,7771.29,8193.9
2025-07-30,7,PT1H,MC-BajoPutumayo,8693.33,9033.9
2025-07-30,8,PT1H,MC-BajoPutumayo,9438.34,9899.9
2025-07-30,9,PT1H,MC-BajoPutumayo,10684.57,10873.6
2025-07-30,10,PT1H,MC-BajoPutumayo,11763.58,11931.8
2025-07-30,11,PT1H,MC-BajoPutumayo,12726.15,12553.9
2025-07-30,12,PT1H,MC-BajoPutumayo,13507.11,13021.0
2025-07-30,13,PT1H,MC-BajoPutumayo,13191.19,12555.3
2025-07-30,14,PT1H,MC-BajoPutumayo,13500.67,12412.5
2025-07-30,15,PT1H,MC-BajoPutumayo,14454.96,12913.0
2025-07-30,16,PT1H,MC-BajoPutumayo,14792.07,13025.6
2025-07-30,17,PT1H,MC-BajoPutumayo,14690.15,13106.3
2025-07-30,18,PT1H,MC-BajoPutumayo,14247.54,13414.8
2025-07-30,19,PT1H,MC-BajoPutumayo,15116.32,14663.9
2025-07-30,20,PT1H,MC-BajoPutumayo,15644.93,15067.8
2025-07-30,21,PT1H,MC-BajoPutumayo,14755.55,14098.6
2025-07-30,22,PT1H,MC-BajoPutumayo,13252.6,12522.8
2025-07-30,23,PT1H,MC-BajoPutumayo,11324.94,10703.5
2025-07-30,24,PT1H,MC-BajoPutumayo,9755.03,9181.6
2024-04-13,1,PT1H,MC-BajoPutumayo,9257.67,8962.54
2024-04-13,2,PT1H,MC-BajoPutumayo,8704.8,8350.85
2024-04-13,3,PT1H,MC-BajoPutumayo,8291.79,7893.88
2024-04-13,4,PT1H,MC-BajoPutumayo,8064.86,7669.59
2024-04-13,5,PT1H,MC-BajoPutumayo,7944.78,7541.79
2024-04-13,6,PT1H,MC-BajoPutumayo,8104.22,7536.84
2024-04-13,7,PT1H,MC-BajoPutumayo,8324.1,7663.5
2024-04-13,8,PT1H,MC-BajoPutumayo,9290.91,8501.14
2024-04-13,9,PT1H,MC-BajoPutumayo,10619.49,9619.82
2024-04-13,10,PT1H,MC-BajoPutumayo,11632.68,10427.45
2024-04-13,11,PT1H,MC-BajoPutumayo,12378.45,11167.92
2024-04-13,12,PT1H,MC-BajoPutumayo,13150.45,11295.93
2024-04-13,13,PT1H,MC-BajoPutumayo,13166.39,11873.98
2024-04-13,14,PT1H,MC-BajoPutumayo,13181.26,12176.83
2024-04-13,15,PT1H,MC-BajoPutumayo,13434.76,12259.08
2024-04-13,16,PT1H,MC-BajoPutumayo,13559.64,12249.61
2024-04-13,17,PT1H,MC-BajoPutumayo,13479.98,12183.85
2024-04-13,18,PT1H,MC-BajoPutumayo,13315.38,12256.0
2024-04-13,19,PT1H,MC-BajoPutumayo,14063.13,13460.58
2024-04-13,20,PT1H,MC-BajoPutumayo,14883.83,13969.35
2024-04-13,21,PT1H,MC-BajoPutumayo,14075.03,13567.46
2024-04-13,22,PT1H,MC-BajoPutumayo,13218.9,12816.16
2024-04-13,23,PT1H,MC-BajoPutumayo,12051.18,11552.06
2024-04-13,24,PT1H,MC-BajoPutumayo,11121.44,10249.82
2025-10-03,1,PT1H,MC-BajoPutumayo,11470.44,15428.3
2025-10-03,2,PT1H,MC-BajoPutumayo,17300.46,14535.2
2025-10-03,3,PT1H,MC-BajoPutumayo,16213.28,13940.9
2025-10-03,4,PT1H,MC-BajoPutumayo,15511.42,13647.1
2025-10-03,5,PT1H,MC-BajoPutumayo,15659.9,13725.8
2025-10-03,6,PT1H,MC-BajoPutumayo,16817.04,14359.9
2025-10-03,7,PT1H,MC-BajoPutumayo,17780.22,16053.3
2025-10-03,8,PT1H,MC-BajoPutumayo,18600.2,17683.5
2025-10-03,9,PT1H,MC-BajoPutumayo,20176.66,19894.9
2025-10-03,10,PT1H,MC-BajoPutumayo,21327.68,21242.2
2025-10-03,11,PT1H,MC-BajoPutumayo,22239.88,22549.9
2025-10-03,12,PT1H,MC-BajoPutumayo,22737.24,23824.6
2025-10-03,13,PT1H,MC-BajoPutumayo,21918.6,23475.0
2025-10-03,14,PT1H,MC-BajoPutumayo,20424.24,23981.6
2025-10-03,15,PT1H,MC-BajoPutumayo,19257.6,26163.0
2025-10-03,16,PT1H,MC-BajoPutumayo,20442.2,26692.3
2025-10-03,17,PT1H,MC-BajoPutumayo,24212.22,25909.5
2025-10-03,18,PT1H,MC-BajoPutumayo,24643.58,25544.3
2025-10-03,19,PT1H,MC-BajoPutumayo,27987.1,28067.1
2025-10-03,20,PT1H,MC-BajoPutumayo,27645.16,28177.3
2025-10-03,21,PT1H,MC-BajoPutumayo,25942.44,26297.0
2025-10-03,22,PT1H,MC-BajoPutumayo,23485.96,23711.6
2025-10-03,23,PT1H,MC-BajoPutumayo,20585.18,19978.2
2025-10-03,24,PT1H,MC-BajoPutumayo,17837.38,17365.1
2022-05-26,1,PT1H,MC-BajoPutumayo,6231.47,6754.99
2022-05-26,2,PT1H,MC-BajoPutumayo,5912.56,6498.86
2022-05-26,3,PT1H,MC-BajoPutumayo,5723.52,6258.66
2022-05-26,4,PT1H,MC-BajoPutumayo,5638.9,6222.09
2022-05-26,5,PT1H,MC-BajoPutumayo,5599.6,6167.51
2022-05-26,6,PT1H,MC-BajoPutumayo,6118.08,6664.58
2022-05-26,7,PT1H,MC-BajoPutumayo,6942.46,7226.79
2022-05-26,8,PT1H,MC-BajoPutumayo,7769.51,7892.62
2022-05-26,9,PT1H,MC-BajoPutumayo,8819.26,8645.83
2022-05-26,10,PT1H,MC-BajoPutumayo,9641.66,9144.58
2022-05-26,11,PT1H,MC-BajoPutumayo,9113.72,9598.86
2022-05-26,12,PT1H,MC-BajoPutumayo,10689.75,9598.51
2022-05-26,13,PT1H,MC-BajoPutumayo,10434.65,9451.43
2022-05-26,14,PT1H,MC-BajoPutumayo,10266.26,9504.22
2022-05-26,15,PT1H,MC-BajoPutumayo,10206.39,9972.85
2022-05-26,16,PT1H,MC-BajoPutumayo,10345.46,10140.78
2022-05-26,17,PT1H,MC-BajoPutumayo,10651.98,10302.7
2022-05-26,18,PT1H,MC-BajoPutumayo,10809.19,10187.13
2022-05-26,19,PT1H,MC-BajoPutumayo,11667.45,11524.86
2022-05-26,20,PT1H,MC-BajoPutumayo,12063.04,11744.61
2022-05-26,21,PT1H,MC-BajoPutumayo,11395.18,11149.75
2022-05-26,22,PT1H,MC-BajoPutumayo,10362.06,10031.8
2022-05-26,23,PT1H,MC-BajoPutumayo,8660.21,8565.98
2022-05-26,24,PT1H,MC-BajoPutumayo,7395.97,7318.93
2025-03-08,1,PT1H,MC-BajoPutumayo,8336.38,7830.9
2025-03-08,2,PT1H,MC-BajoPutumayo,7806.48,7390.5
2025-03-08,3,PT1H,MC-BajoPutumayo,7478.61,7137.0
2025-03-08,4,PT1H,MC-BajoPutumayo,7231.56,7097.9
2025-03-08,5,PT1H,MC-BajoPutumayo,7182.26,7148.5
2025-03-08,6,PT1H,MC-BajoPutumayo,7424.69,8039.2
2025-03-08,7,PT1H,MC-BajoPutumayo,7811.15,8773.2
2025-03-08,8,PT1H,MC-BajoPutumayo,8907.3,9463.5
2025-03-08,9,PT1H,MC-BajoPutumayo,10271.45,10417.3
2025-03-08,10,PT1H,MC-BajoPutumayo,11207.77,11097.5
2025-03-08,11,PT1H,MC-BajoPutumayo,11976.26,11776.5
2025-03-08,12,PT1H,MC-BajoPutumayo,12506.14,11945.1
2025-03-08,13,PT1H,MC-BajoPutumayo,12364.76,11572.8
2025-03-08,14,PT1H,MC-BajoPutumayo,12272.49,11881.2
2025-03-08,15,PT1H,MC-BajoPutumayo,12424.29,12637.3
2025-03-08,16,PT1H,MC-BajoPutumayo,12526.3,12964.4
2025-03-08,17,PT1H,MC-BajoPutumayo,12563.62,12541.3
2025-03-08,18,PT1H,MC-BajoPutumayo,12656.44,12222.9
2025-03-08,19,PT1H,MC-BajoPutumayo,13814.12,13484.2
2025-03-08,20,PT1H,MC-BajoPutumayo,14104.67,14590.3
2025-03-08,21,PT1H,MC-BajoPutumayo,13231.26,13978.2
2025-03-08,22,PT1H,MC-BajoPutumayo,12158.54,12570.5
2025-03-08,23,PT1H,MC-BajoPutumayo,10898.57,10411.4
2025-03-08,24,PT1H,MC-BajoPutumayo,9780.85,8706.3
2025-05-18,1,PT1H,MC-BajoPutumayo,8788.69,9498.4
2025-05-18,2,PT1H,MC-BajoPutumayo,8081.75,8869.1
2025-05-18,3,PT1H,MC-BajoPutumayo,7636.48,8360.1
2025-05-18,4,PT1H,MC-BajoPutumayo,7314.62,8107.2
2025-05-18,5,PT1H,MC-BajoPutumayo,7130.79,7953.5
2025-05-18,6,PT1H,MC-BajoPutumayo,7192.98,8013.4
2025-05-18,7,PT1H,MC-BajoPutumayo,7433.12,8107.4
2025-05-18,8,PT1H,MC-BajoPutumayo,8435.59,8906.0
2025-05-18,9,PT1H,MC-BajoPutumayo,9680.3,9975.8
2025-05-18,10,PT1H,MC-BajoPutumayo,10606.41,10888.4
2025-05-18,11,PT1H,MC-BajoPutumayo,11308.79,11454.9
2025-05-18,12,PT1H,MC-BajoPutumayo,12019.17,11789.2
2025-05-18,13,PT1H,MC-BajoPutumayo,12546.71,11879.5
2025-05-18,14,PT1H,MC-BajoPutumayo,12589.82,11877.0
2025-05-18,15,PT1H,MC-BajoPutumayo,12809.76,12057.4
2025-05-18,16,PT1H,MC-BajoPutumayo,12837.26,12130.4
2025-05-18,17,PT1H,MC-BajoPutumayo,12696.43,12307.8
2025-05-18,18,PT1H,MC-BajoPutumayo,12528.28,12135.4
2025-05-18,19,PT1H,MC-BajoPutumayo,13864.48,13647.2
2025-05-18,20,PT1H,MC-BajoPutumayo,14452.25,14080.1
2025-05-18,21,PT1H,MC-BajoPutumayo,13959.41,13501.8
2025-05-18,22,PT1H,MC-BajoPutumayo,13009.38,12496.8
2025-05-18,23,PT1H,MC-BajoPutumayo,11538.18,11002.7
2025-05-18,24,PT1H,MC-BajoPutumayo,10157.87,9619.4
2024-12-28,1,PT1H,MC-BajoPutumayo,8024.29,7001.9
2024-12-28,2,PT1H,MC-BajoPutumayo,7431.49,6576.4
2024-12-28,3,PT1H,MC-BajoPutumayo,7003.63,6332.8
2024-12-28,4,PT1H,MC-BajoPutumayo,6864.74,6280.4
2024-12-28,5,PT1H,MC-BajoPutumayo,7086.43,6384.6
2024-12-28,6,PT1H,MC-BajoPutumayo,7300.06,6465.6
2024-12-28,7,PT1H,MC-BajoPutumayo,7430.66,7285.7
2024-12-28,8,PT1H,MC-BajoPutumayo,8296.69,8476.0
2024-12-28,9,PT1H,MC-BajoPutumayo,9380.29,9715.0
2024-12-28,10,PT1H,MC-BajoPutumayo,10216.83,10507.9
2024-12-28,11,PT1H,MC-BajoPutumayo,10733.06,10842.6
2024-12-28,12,PT1H,MC-BajoPutumayo,10947.66,11237.0
2024-12-28,13,PT1H,MC-BajoPutumayo,10723.96,11070.5
2024-12-28,14,PT1H,MC-BajoPutumayo,10284.03,11160.0
2024-12-28,15,PT1H,MC-BajoPutumayo,10217.93,11363.2
2024-12-28,16,PT1H,MC-BajoPutumayo,10293.48,10858.6
2024-12-28,17,PT1H,MC-BajoPutumayo,10195.9,10798.7
2024-12-28,18,PT1H,MC-BajoPutumayo,10162.34,11644.7
2024-12-28,19,PT1H,MC-BajoPutumayo,11583.6,12522.3
2024-12-28,20,PT1H,MC-BajoPutumayo,12322.84,11856.8
2024-12-28,21,PT1H,MC-BajoPutumayo,11975.13,11040.2
2024-12-28,22,PT1H,MC-BajoPutumayo,11208.13,9889.2
2024-12-28,23,PT1H,MC-BajoPutumayo,10118.47,8974.8
2024-12-28,24,PT1H,MC-BajoPutumayo,9080.8,8171.9
2023-03-16,1,PT1H,MC-BajoPutumayo,6218.97,7400.19
2023-03-16,2,PT1H,MC-BajoPutumayo,5903.06,6966.48
2023-03-16,3,PT1H,MC-BajoPutumayo,5688.68,6733.85
2023-03-16,4,PT1H,MC-BajoPutumayo,5619.25,6603.53
2023-03-16,5,PT1H,MC-BajoPutumayo,5653.9,6670.33
2023-03-16,6,PT1H,MC-BajoPutumayo,6374.92,7300.93
2023-03-16,7,PT1H,MC-BajoPutumayo,7157.98,7941.1
2023-03-16,8,PT1H,MC-BajoPutumayo,8086.63,8620.28
2023-03-16,9,PT1H,MC-BajoPutumayo,9112.72,9492.14
2023-03-16,10,PT1H,MC-BajoPutumayo,10152.88,10089.8
2023-03-16,11,PT1H,MC-BajoPutumayo,11036.54,10677.66
2023-03-16,12,PT1H,MC-BajoPutumayo,11844.68,10991.56
2023-03-16,13,PT1H,MC-BajoPutumayo,11773.18,10587.51
2023-03-16,14,PT1H,MC-BajoPutumayo,11988.89,10854.7
2023-03-16,15,PT1H,MC-BajoPutumayo,12947.51,11466.14
2023-03-16,16,PT1H,MC-BajoPutumayo,13130.89,11701.33
2023-03-16,17,PT1H,MC-BajoPutumayo,13125.39,11749.44
2023-03-16,18,PT1H,MC-BajoPutumayo,12874.07,11597.17
2023-03-16,19,PT1H,MC-BajoPutumayo,13525.9,12244.11
2023-03-16,20,PT1H,MC-BajoPutumayo,13978.89,13005.04
2023-03-16,21,PT1H,MC-BajoPutumayo,12644.09,12233.84
2023-03-16,22,PT1H,MC-BajoPutumayo,11013.05,11074.24
2023-03-16,23,PT1H,MC-BajoPutumayo,9416.28,9441.22
2023-03-16,24,PT1H,MC-BajoPutumayo,8155.36,8109.73
2024-04-21,1,PT1H,MC-BajoPutumayo,9050.48,8244.31
2024-04-21,2,PT1H,MC-BajoPutumayo,8150.79,7693.15
2024-04-21,3,PT1H,MC-BajoPutumayo,8252.01,7309.58
2024-04-21,4,PT1H,MC-BajoPutumayo,7881.99,7124.15
2024-04-21,5,PT1H,MC-BajoPutumayo,7936.0,7032.33
2024-04-21,6,PT1H,MC-BajoPutumayo,8049.12,7094.44
2024-04-21,7,PT1H,MC-BajoPutumayo,6193.24,7120.31
2024-04-21,8,PT1H,MC-BajoPutumayo,7836.38,0.0
2024-04-21,9,PT1H,MC-BajoPutumayo,9609.07,0.0
2024-04-21,10,PT1H,MC-BajoPutumayo,11367.38,0.0
2024-04-21,11,PT1H,MC-BajoPutumayo,12194.56,0.0
2024-04-21,12,PT1H,MC-BajoPutumayo,13157.86,0.0
2024-04-21,13,PT1H,MC-BajoPutumayo,13368.26,0.0
2024-04-21,14,PT1H,MC-BajoPutumayo,13325.83,0.0
2024-04-21,15,PT1H,MC-BajoPutumayo,13194.21,0.0
2024-04-21,16,PT1H,MC-BajoPutumayo,13115.43,0.0
2024-04-21,17,PT1H,MC-BajoPutumayo,12997.17,0.0
2024-04-21,18,PT1H,MC-BajoPutumayo,11651.73,11733.25
2024-04-21,19,PT1H,MC-BajoPutumayo,11654.94,13129.66
2024-04-21,20,PT1H,MC-BajoPutumayo,13055.61,13520.23
2024-04-21,21,PT1H,MC-BajoPutumayo,15177.58,12905.75
2024-04-21,22,PT1H,MC-BajoPutumayo,14691.39,12034.49
2024-04-21,23,PT1H,MC-BajoPutumayo,13237.16,10682.03
2024-04-21,24,PT1H,MC-BajoPutumayo,11875.39,9434.25
2024-04-20,17,PT1H,MC-BajoPutumayo,13673.47,11155.9
2024-04-20,18,PT1H,MC-BajoPutumayo,13551.4,11071.6
2024-04-20,19,PT1H,MC-BajoPutumayo,14313.13,11949.53
2024-04-20,20,PT1H,MC-BajoPutumayo,15392.83,12374.0
2024-04-20,21,PT1H,MC-BajoPutumayo,14293.58,12170.55
2024-04-20,22,PT1H,MC-BajoPutumayo,13425.67,11362.36
2024-04-20,23,PT1H,MC-BajoPutumayo,12531.51,10099.33
2024-04-20,24,PT1H,MC-BajoPutumayo,10511.93,9027.0
2024-04-20,1,PT1H,MC-BajoPutumayo,9470.53,8204.49
2024-04-20,2,PT1H,MC-BajoPutumayo,8722.98,7640.49
2024-04-20,3,PT1H,MC-BajoPutumayo,7762.77,7355.79
2024-04-20,4,PT1H,MC-BajoPutumayo,6740.8,7154.66
2024-04-20,5,PT1H,MC-BajoPutumayo,6623.89,7139.16
2024-04-20,6,PT1H,MC-BajoPutumayo,6842.96,7356.45
2024-04-20,7,PT1H,MC-BajoPutumayo,7103.7,7738.0
2024-04-20,8,PT1H,MC-BajoPutumayo,9144.44,8604.0
2024-04-20,9,PT1H,MC-BajoPutumayo,10625.19,9895.53
2024-04-20,10,PT1H,MC-BajoPutumayo,11613.29,10821.48
2024-04-20,11,PT1H,MC-BajoPutumayo,11868.67,11538.1
2024-04-20,12,PT1H,MC-BajoPutumayo,13025.85,12074.9
2024-04-20,13,PT1H,MC-BajoPutumayo,13072.58,12039.9
2024-04-20,14,PT1H,MC-BajoPutumayo,13230.99,11884.95
2024-04-20,15,PT1H,MC-BajoPutumayo,13501.09,11663.39
2024-04-20,16,PT1H,MC-BajoPutumayo,13678.6,11154.77
2025-07-16,1,PT1H,MC-BajoPutumayo,7795.68,7930.6
2025-07-16,2,PT1H,MC-BajoPutumayo,7349.81,7485.3
2025-07-16,3,PT1H,MC-BajoPutumayo,7044.36,7261.3
2025-07-16,4,PT1H,MC-BajoPutumayo,6897.96,7141.0
2025-07-16,5,PT1H,MC-BajoPutumayo,6928.56,7172.6
2025-07-16,6,PT1H,MC-BajoPutumayo,7550.36,7659.6
2025-07-16,7,PT1H,MC-BajoPutumayo,8266.66,8267.7
2025-07-16,8,PT1H,MC-BajoPutumayo,8925.78,9193.2
2025-07-16,9,PT1H,MC-BajoPutumayo,9454.47,10497.9
2025-07-16,10,PT1H,MC-BajoPutumayo,11209.27,11211.6
2025-07-16,11,PT1H,MC-BajoPutumayo,12002.72,11913.0
2025-07-16,12,PT1H,MC-BajoPutumayo,12537.95,12426.6
2025-07-16,13,PT1H,MC-BajoPutumayo,12030.08,12075.8
2025-07-16,14,PT1H,MC-BajoPutumayo,12176.97,12052.8
2025-07-16,15,PT1H,MC-BajoPutumayo,12930.44,12393.4
2025-07-16,16,PT1H,MC-BajoPutumayo,13064.85,12647.2
2025-07-16,17,PT1H,MC-BajoPutumayo,12925.21,12810.8
2025-07-16,18,PT1H,MC-BajoPutumayo,12824.39,12764.1
2025-07-16,19,PT1H,MC-BajoPutumayo,13850.2,13911.5
2025-07-16,20,PT1H,MC-BajoPutumayo,14491.25,14268.4
2025-07-16,21,PT1H,MC-BajoPutumayo,13782.03,13366.3
2025-07-16,22,PT1H,MC-BajoPutumayo,12506.47,12002.7
2025-07-16,23,PT1H,MC-BajoPutumayo,10901.89,10257.4
2025-07-16,24,PT1H,MC-BajoPutumayo,9192.02,8943.7
2024-09-02,1,PT1H,MC-BajoPutumayo,8091.45,7794.1
2024-09-02,2,PT1H,MC-BajoPutumayo,7612.22,7393.4
2024-09-02,3,PT1H,MC-BajoPutumayo,7352.39,7160.5
2024-09-02,4,PT1H,MC-BajoPutumayo,7244.7,6993.5
2024-09-02,5,PT1H,MC-BajoPutumayo,7367.79,7091.0
2024-09-02,6,PT1H,MC-BajoPutumayo,8019.71,7580.0
2024-09-02,7,PT1H,MC-BajoPutumayo,8570.2,8112.8
2024-09-02,8,PT1H,MC-BajoPutumayo,9785.04,9078.4
2024-09-02,9,PT1H,MC-BajoPutumayo,10918.91,10061.3
2024-09-02,10,PT1H,MC-BajoPutumayo,11762.96,10658.4
2024-09-02,11,PT1H,MC-BajoPutumayo,12694.92,11072.7
2024-09-02,12,PT1H,MC-BajoPutumayo,13172.74,11426.3
2024-09-02,13,PT1H,MC-BajoPutumayo,13118.41,11328.3
2024-09-02,14,PT1H,MC-BajoPutumayo,13588.23,11417.1
2024-09-02,15,PT1H,MC-BajoPutumayo,14092.99,11475.9
2024-09-02,16,PT1H,MC-BajoPutumayo,13651.01,11145.7
2024-09-02,17,PT1H,MC-BajoPutumayo,12627.16,11108.6
2024-09-02,18,PT1H,MC-BajoPutumayo,12111.63,11074.5
2024-09-02,19,PT1H,MC-BajoPutumayo,9348.22,12410.2
2024-09-02,20,PT1H,MC-BajoPutumayo,13624.17,12440.2
2024-09-02,21,PT1H,MC-BajoPutumayo,12395.2,11581.1
2024-09-02,22,PT1H,MC-BajoPutumayo,10730.27,10064.6
2024-09-02,23,PT1H,MC-BajoPutumayo,9331.76,8535.0
2024-09-02,24,PT1H,MC-BajoPutumayo,8356.45,7479.8
2023-02-05,1,PT1H,MC-BajoPutumayo,9176.71,8242.39
2023-02-05,2,PT1H,MC-BajoPutumayo,8589.08,7705.82
2023-02-05,3,PT1H,MC-BajoPutumayo,8187.09,7397.73
2023-02-05,4,PT1H,MC-BajoPutumayo,7852.1,7176.42
2023-02-05,5,PT1H,MC-BajoPutumayo,7594.31,7142.69
2023-02-05,6,PT1H,MC-BajoPutumayo,7401.11,7242.04
2023-02-05,7,PT1H,MC-BajoPutumayo,7422.57,7534.26
2023-02-05,8,PT1H,MC-BajoPutumayo,8150.6,8546.14
2023-02-05,9,PT1H,MC-BajoPutumayo,9112.36,9727.03
2023-02-05,10,PT1H,MC-BajoPutumayo,9474.55,10586.24
2023-02-05,11,PT1H,MC-BajoPutumayo,9815.26,11045.36
2023-02-05,12,PT1H,MC-BajoPutumayo,9959.42,11279.34
2023-02-05,13,PT1H,MC-BajoPutumayo,9826.46,11526.43
2023-02-05,14,PT1H,MC-BajoPutumayo,9854.58,11360.79
2023-02-05,15,PT1H,MC-BajoPutumayo,9728.06,11229.02
2023-02-05,16,PT1H,MC-BajoPutumayo,9897.61,11169.37
2023-02-05,17,PT1H,MC-BajoPutumayo,10093.68,11265.4
2023-02-05,18,PT1H,MC-BajoPutumayo,10081.26,11197.17
2023-02-05,19,PT1H,MC-BajoPutumayo,11135.16,12547.79
2023-02-05,20,PT1H,MC-BajoPutumayo,11653.71,13296.82
2023-02-05,21,PT1H,MC-BajoPutumayo,6879.17,12658.5
2023-02-05,22,PT1H,MC-BajoPutumayo,6474.98,11583.38
2023-02-05,23,PT1H,MC-BajoPutumayo,5774.38,10153.35
2023-02-05,24,PT1H,MC-BajoPutumayo,8024.36,8910.71
2022-03-02,1,PT1H,MC-BajoPutumayo,6824.1,6979.86
2022-03-02,2,PT1H,MC-BajoPutumayo,6432.96,6556.39
2022-03-02,3,PT1H,MC-BajoPutumayo,6270.3,6277.53
2022-03-02,4,PT1H,MC-BajoPutumayo,6136.06,6084.02
2022-03-02,5,PT1H,MC-BajoPutumayo,6124.85,6206.28
2022-03-02,6,PT1H,MC-BajoPutumayo,6680.88,6486.64
2022-03-02,7,PT1H,MC-BajoPutumayo,7565.37,7068.54
2022-03-02,8,PT1H,MC-BajoPutumayo,7939.34,7676.65
2022-03-02,9,PT1H,MC-BajoPutumayo,8745.51,8439.79
2022-03-02,10,PT1H,MC-BajoPutumayo,9308.74,9185.56
2022-03-02,11,PT1H,MC-BajoPutumayo,9669.79,9712.25
2022-03-02,12,PT1H,MC-BajoPutumayo,9990.55,10184.38
2022-03-02,13,PT1H,MC-BajoPutumayo,9785.61,10037.69
2022-03-02,14,PT1H,MC-BajoPutumayo,10191.53,10233.01
2022-03-02,15,PT1H,MC-BajoPutumayo,11204.72,10671.93
2022-03-02,16,PT1H,MC-BajoPutumayo,11272.91,10539.0
2022-03-02,17,PT1H,MC-BajoPutumayo,11653.88,10308.51
2022-03-02,18,PT1H,MC-BajoPutumayo,11392.41,10499.8
2022-03-02,19,PT1H,MC-BajoPutumayo,12015.89,11613.94
2022-03-02,20,PT1H,MC-BajoPutumayo,12272.43,12204.63
2022-03-02,21,PT1H,MC-BajoPutumayo,11319.61,11624.6
2022-03-02,22,PT1H,MC-BajoPutumayo,10283.6,10435.79
2022-03-02,23,PT1H,MC-BajoPutumayo,8641.64,9163.29
2022-03-02,24,PT1H,MC-BajoPutumayo,7236.09,7833.0
2023-01-03,1,PT1H,MC-BajoPutumayo,7563.95,7529.02
2023-01-03,2,PT1H,MC-BajoPutumayo,7044.14,6968.02
2023-01-03,3,PT1H,MC-BajoPutumayo,6545.96,6732.64
2023-01-03,4,PT1H,MC-BajoPutumayo,6696.1,6667.95
2023-01-03,5,PT1H,MC-BajoPutumayo,6644.85,6701.56
2023-01-03,6,PT1H,MC-BajoPutumayo,6784.48,7541.62
2023-01-03,7,PT1H,MC-BajoPutumayo,7081.97,7916.22
2023-01-03,8,PT1H,MC-BajoPutumayo,8319.01,8591.87
2023-01-03,9,PT1H,MC-BajoPutumayo,9403.97,9693.08
2023-01-03,10,PT1H,MC-BajoPutumayo,10077.75,10982.64
2023-01-03,11,PT1H,MC-BajoPutumayo,10935.91,11620.92
2023-01-03,12,PT1H,MC-BajoPutumayo,11526.22,12159.82
2023-01-03,13,PT1H,MC-BajoPutumayo,11314.51,11725.16
2023-01-03,14,PT1H,MC-BajoPutumayo,11245.25,11463.81
2023-01-03,15,PT1H,MC-BajoPutumayo,11470.12,12261.73
2023-01-03,16,PT1H,MC-BajoPutumayo,11478.78,12211.72
2023-01-03,17,PT1H,MC-BajoPutumayo,11496.28,12086.52
2023-01-03,18,PT1H,MC-BajoPutumayo,11264.6,12155.91
2023-01-03,19,PT1H,MC-BajoPutumayo,12290.01,13195.18
2023-01-03,20,PT1H,MC-BajoPutumayo,12714.19,13462.44
2023-01-03,21,PT1H,MC-BajoPutumayo,11927.09,12946.45
2023-01-03,22,PT1H,MC-BajoPutumayo,10940.85,11854.3
2023-01-03,23,PT1H,MC-BajoPutumayo,9606.64,10554.31
2023-01-03,24,PT1H,MC-BajoPutumayo,8535.18,8837.12
2025-10-13,1,PT1H,MC-BajoPutumayo,15577.66,15171.7
2025-10-13,2,PT1H,MC-BajoPutumayo,14727.1,14452.8
2025-10-13,3,PT1H,MC-BajoPutumayo,14087.28,13652.9
2025-10-13,4,PT1H,MC-BajoPutumayo,13817.48,13169.9
2025-10-13,5,PT1H,MC-BajoPutumayo,13875.86,13318.0
2025-10-13,6,PT1H,MC-BajoPutumayo,14538.56,14407.2
2025-10-13,7,PT1H,MC-BajoPutumayo,14602.52,15760.4
2025-10-13,8,PT1H,MC-BajoPutumayo,16701.34,17532.6
2025-10-13,9,PT1H,MC-BajoPutumayo,19516.42,20083.4
2025-10-13,10,PT1H,MC-BajoPutumayo,21640.14,21887.4
2025-10-13,11,PT1H,MC-BajoPutumayo,23572.02,22566.8
2025-10-13,12,PT1H,MC-BajoPutumayo,25254.08,23000.7
2025-10-13,13,PT1H,MC-BajoPutumayo,25429.48,22910.0
2025-10-13,14,PT1H,MC-BajoPutumayo,25708.48,23497.2
2025-10-13,15,PT1H,MC-BajoPutumayo,25542.38,26293.3
2025-10-13,16,PT1H,MC-BajoPutumayo,25230.48,27254.5
2025-10-13,17,PT1H,MC-BajoPutumayo,25082.38,27201.7
2025-10-13,18,PT1H,MC-BajoPutumayo,25424.18,26756.3
2025-10-13,19,PT1H,MC-BajoPutumayo,28391.16,27956.8
2025-10-13,20,PT1H,MC-BajoPutumayo,27323.58,27677.1
2025-10-13,21,PT1H,MC-BajoPutumayo,25740.16,26086.4
2025-10-13,22,PT1H,MC-BajoPutumayo,22653.0,23453.5
2025-10-13,23,PT1H,MC-BajoPutumayo,19536.5,20605.5
2025-10-13,24,PT1H,MC-BajoPutumayo,16514.08,17516.7
2024-05-03,1,PT1H,MC-BajoPutumayo,9037.81,8568.55
2024-05-03,2,PT1H,MC-BajoPutumayo,8477.18,8051.41
2024-05-03,3,PT1H,MC-BajoPutumayo,8138.68,7763.18
2024-05-03,4,PT1H,MC-BajoPutumayo,7856.27,7574.43
2024-05-03,5,PT1H,MC-BajoPutumayo,7838.98,7495.65
2024-05-03,6,PT1H,MC-BajoPutumayo,8171.9,7928.59
2024-05-03,7,PT1H,MC-BajoPutumayo,8695.36,8518.63
2024-05-03,8,PT1H,MC-BajoPutumayo,9749.73,9189.08
2024-05-03,9,PT1H,MC-BajoPutumayo,10776.41,10326.1
2024-05-03,10,PT1H,MC-BajoPutumayo,11170.63,11130.32
2024-05-03,11,PT1H,MC-BajoPutumayo,11544.87,11869.08
2024-05-03,12,PT1H,MC-BajoPutumayo,12100.65,12417.57
2024-05-03,13,PT1H,MC-BajoPutumayo,11561.74,12053.52
2024-05-03,14,PT1H,MC-BajoPutumayo,11327.81,12396.27
2024-05-03,15,PT1H,MC-BajoPutumayo,11916.64,13237.37
2024-05-03,16,PT1H,MC-BajoPutumayo,12080.94,13303.64
2024-05-03,17,PT1H,MC-BajoPutumayo,12133.63,13313.2
2024-05-03,18,PT1H,MC-BajoPutumayo,12093.31,13235.48
2024-05-03,19,PT1H,MC-BajoPutumayo,13412.62,14212.59
2024-05-03,20,PT1H,MC-BajoPutumayo,13653.73,14384.13
2024-05-03,21,PT1H,MC-BajoPutumayo,12910.78,13502.45
2024-05-03,22,PT1H,MC-BajoPutumayo,11931.02,12342.85
2024-05-03,23,PT1H,MC-BajoPutumayo,10490.09,10789.71
2024-05-03,24,PT1H,MC-BajoPutumayo,9226.7,9519.44
2025-02-03,1,PT1H,MC-BajoPutumayo,8772.25,8862.8
2025-02-03,2,PT1H,MC-BajoPutumayo,8248.12,8227.9
2025-02-03,3,PT1H,MC-BajoPutumayo,7975.49,7809.2
2025-02-03,4,PT1H,MC-BajoPutumayo,7819.45,7621.5
2025-02-03,5,PT1H,MC-BajoPutumayo,7896.59,7579.1
2025-02-03,6,PT1H,MC-BajoPutumayo,8540.0,7750.1
2025-02-03,7,PT1H,MC-BajoPutumayo,8995.36,8024.7
2025-02-03,8,PT1H,MC-BajoPutumayo,9788.03,9203.3
2025-02-03,9,PT1H,MC-BajoPutumayo,11111.31,10744.1
2025-02-03,10,PT1H,MC-BajoPutumayo,12146.23,11960.3
2025-02-03,11,PT1H,MC-BajoPutumayo,13072.41,12919.2
2025-02-03,12,PT1H,MC-BajoPutumayo,13746.15,13579.3
2025-02-03,13,PT1H,MC-BajoPutumayo,13465.69,13223.7
2025-02-03,14,PT1H,MC-BajoPutumayo,13928.66,13412.5
2025-02-03,15,PT1H,MC-BajoPutumayo,14916.65,14182.8
2025-02-03,16,PT1H,MC-BajoPutumayo,14429.04,14330.1
2025-02-03,17,PT1H,MC-BajoPutumayo,14791.27,14199.9
2025-02-03,18,PT1H,MC-BajoPutumayo,14348.52,13748.0
2025-02-03,19,PT1H,MC-BajoPutumayo,15039.29,14250.6
2025-02-03,20,PT1H,MC-BajoPutumayo,15549.42,14754.0
2025-02-03,21,PT1H,MC-BajoPutumayo,14752.28,14044.7
2025-02-03,22,PT1H,MC-BajoPutumayo,13503.22,13031.5
2025-02-03,23,PT1H,MC-BajoPutumayo,11846.35,11563.2
2025-02-03,24,PT1H,MC-BajoPutumayo,10234.55,10209.0
2022-03-25,1,PT1H,MC-BajoPutumayo,7076.28,6873.68
2022-03-25,2,PT1H,MC-BajoPutumayo,6658.39,6543.47
2022-03-25,3,PT1H,MC-BajoPutumayo,6438.61,6427.01
2022-03-25,4,PT1H,MC-BajoPutumayo,6286.74,6245.8
2022-03-25,5,PT1H,MC-BajoPutumayo,6317.07,6286.24
2022-03-25,6,PT1H,MC-BajoPutumayo,6929.05,6971.63
2022-03-25,7,PT1H,MC-BajoPutumayo,7681.92,7827.19
2022-03-25,8,PT1H,MC-BajoPutumayo,8354.89,8503.7
2022-03-25,9,PT1H,MC-BajoPutumayo,9373.45,9486.63
2022-03-25,10,PT1H,MC-BajoPutumayo,10337.43,10027.01
2022-03-25,11,PT1H,MC-BajoPutumayo,11176.28,10662.41
2022-03-25,12,PT1H,MC-BajoPutumayo,11854.14,11180.25
2022-03-25,13,PT1H,MC-BajoPutumayo,11528.67,11021.05
2022-03-25,14,PT1H,MC-BajoPutumayo,11434.57,11336.89
2022-03-25,15,PT1H,MC-BajoPutumayo,10677.46,12165.57
2022-03-25,16,PT1H,MC-BajoPutumayo,9689.9,12358.66
2022-03-25,17,PT1H,MC-BajoPutumayo,10432.03,12240.53
2022-03-25,18,PT1H,MC-BajoPutumayo,10333.84,11457.71
2022-03-25,19,PT1H,MC-BajoPutumayo,11775.09,11696.95
2022-03-25,20,PT1H,MC-BajoPutumayo,12187.49,12488.71
2022-03-25,21,PT1H,MC-BajoPutumayo,11637.69,11848.16
2022-03-25,22,PT1H,MC-BajoPutumayo,10554.81,10836.45
2022-03-25,23,PT1H,MC-BajoPutumayo,9142.91,9361.2
2022-03-25,24,PT1H,MC-BajoPutumayo,7851.73,7874.46
2025-07-13,1,PT1H,MC-BajoPutumayo,7709.9,7476.3
2025-07-13,2,PT1H,MC-BajoPutumayo,7187.29,7024.5
2025-07-13,3,PT1H,MC-BajoPutumayo,6834.46,6480.0
2025-07-13,4,PT1H,MC-BajoPutumayo,6602.67,6324.8
2025-07-13,5,PT1H,MC-BajoPutumayo,6525.73,6211.0
2025-07-13,6,PT1H,MC-BajoPutumayo,6704.61,6295.6
2025-07-13,7,PT1H,MC-BajoPutumayo,6880.88,6606.9
2025-07-13,8,PT1H,MC-BajoPutumayo,7527.55,7458.1
2025-07-13,9,PT1H,MC-BajoPutumayo,2842.09,0.0
2025-07-13,10,PT1H,MC-BajoPutumayo,0.0,0.0
2025-07-13,11,PT1H,MC-BajoPutumayo,0.0,0.0
2025-07-13,12,PT1H,MC-BajoPutumayo,0.0,0.0
2025-07-13,13,PT1H,MC-BajoPutumayo,0.0,0.0
2025-07-13,14,PT1H,MC-BajoPutumayo,0.0,0.0
2025-07-13,15,PT1H,MC-BajoPutumayo,0.0,0.0
2025-07-13,16,PT1H,MC-BajoPutumayo,0.0,0.0
2025-07-13,17,PT1H,MC-BajoPutumayo,0.0,0.0
2025-07-13,18,PT1H,MC-BajoPutumayo,4907.31,10306.7
2025-07-13,19,PT1H,MC-BajoPutumayo,13035.06,11322.9
2025-07-13,20,PT1H,MC-BajoPutumayo,13066.69,12113.1
2025-07-13,21,PT1H,MC-BajoPutumayo,11641.57,11564.7
2025-07-13,22,PT1H,MC-BajoPutumayo,3014.77,10626.7
2025-07-13,23,PT1H,MC-BajoPutumayo,0.0,9382.4
2025-07-13,24,PT1H,MC-BajoPutumayo,0.0,8270.3
2023-07-30,1,PT1H,MC-BajoPutumayo,6970.17,8024.45
2023-07-30,2,PT1H,MC-BajoPutumayo,6515.31,7527.11
2023-07-30,3,PT1H,MC-BajoPutumayo,6223.56,7164.94
2023-07-30,4,PT1H,MC-BajoPutumayo,6028.33,6943.85
2023-07-30,5,PT1H,MC-BajoPutumayo,6018.87,6851.36
2023-07-30,6,PT1H,MC-BajoPutumayo,6089.7,6837.38
2023-07-30,7,PT1H,MC-BajoPutumayo,6254.46,6986.83
2023-07-30,8,PT1H,MC-BajoPutumayo,7030.3,7929.76
2023-07-30,9,PT1H,MC-BajoPutumayo,7984.72,9020.39
2023-07-30,10,PT1H,MC-BajoPutumayo,8593.21,9874.04
2023-07-30,11,PT1H,MC-BajoPutumayo,9025.44,10276.81
2023-07-30,12,PT1H,MC-BajoPutumayo,9153.29,10745.72
2023-07-30,13,PT1H,MC-BajoPutumayo,9210.17,11098.58
2023-07-30,14,PT1H,MC-BajoPutumayo,9147.47,11084.55
2023-07-30,15,PT1H,MC-BajoPutumayo,9185.01,10823.56
2023-07-30,16,PT1H,MC-BajoPutumayo,9103.19,10419.62
2023-07-30,17,PT1H,MC-BajoPutumayo,8946.03,10306.08
2023-07-30,18,PT1H,MC-BajoPutumayo,8980.77,10247.46
2023-07-30,19,PT1H,MC-BajoPutumayo,10431.98,11350.71
2023-07-30,20,PT1H,MC-BajoPutumayo,11274.56,11912.69
2023-07-30,21,PT1H,MC-BajoPutumayo,10761.21,11380.3
2023-07-30,22,PT1H,MC-BajoPutumayo,9772.88,10448.65
2023-07-30,23,PT1H,MC-BajoPutumayo,8472.84,9133.1
2023-07-30,24,PT1H,MC-BajoPutumayo,7432.46,8043.86
2024-12-17,4,PT1H,MC-BajoPutumayo,7232.4,6595.5
2024-12-17,5,PT1H,MC-BajoPutumayo,7477.24,6763.3
2024-12-17,6,PT1H,MC-BajoPutumayo,7793.56,7129.8
2024-12-17,7,PT1H,MC-BajoPutumayo,8005.11,7999.4
2024-12-17,8,PT1H,MC-BajoPutumayo,9068.38,9133.6
2024-12-17,9,PT1H,MC-BajoPutumayo,10457.02,10209.8
2024-12-17,10,PT1H,MC-BajoPutumayo,11114.89,11224.8
2024-12-17,11,PT1H,MC-BajoPutumayo,11651.54,12227.9
2024-12-17,12,PT1H,MC-BajoPutumayo,11971.78,12399.7
2024-12-17,13,PT1H,MC-BajoPutumayo,11596.16,11958.9
2024-12-17,14,PT1H,MC-BajoPutumayo,11269.97,12577.0
2024-12-17,15,PT1H,MC-BajoPutumayo,11389.73,12776.6
2024-12-17,16,PT1H,MC-BajoPutumayo,11529.89,12771.5
2024-12-17,17,PT1H,MC-BajoPutumayo,11578.93,12528.5
2024-12-17,18,PT1H,MC-BajoPutumayo,11253.72,13056.8
2024-12-17,19,PT1H,MC-BajoPutumayo,12449.29,14325.7
2024-12-17,20,PT1H,MC-BajoPutumayo,12730.48,13449.9
2024-12-17,21,PT1H,MC-BajoPutumayo,12117.65,12361.0
2024-12-17,22,PT1H,MC-BajoPutumayo,11109.04,10808.8
2024-12-17,23,PT1H,MC-BajoPutumayo,9720.76,9313.0
2024-12-17,24,PT1H,MC-BajoPutumayo,8362.85,8265.3
2024-12-17,1,PT1H,MC-BajoPutumayo,7826.72,7235.1
2024-12-17,2,PT1H,MC-BajoPutumayo,7577.71,6894.5
2024-12-17,3,PT1H,MC-BajoPutumayo,7306.41,6558.5
2024-08-05,1,PT1H,MC-BajoPutumayo,7056.2,7477.8
2024-08-05,2,PT1H,MC-BajoPutumayo,6732.38,7027.9
2024-08-05,3,PT1H,MC-BajoPutumayo,6621.49,6745.9
2024-08-05,4,PT1H,MC-BajoPutumayo,6475.29,6577.1
2024-08-05,5,PT1H,MC-BajoPutumayo,6686.69,6586.4
2024-08-05,6,PT1H,MC-BajoPutumayo,7460.05,7036.1
2024-08-05,7,PT1H,MC-BajoPutumayo,8195.46,7707.5
2024-08-05,8,PT1H,MC-BajoPutumayo,9165.38,8880.5
2024-08-05,9,PT1H,MC-BajoPutumayo,10269.08,10071.1
2024-08-05,10,PT1H,MC-BajoPutumayo,10942.0,11026.1
2024-08-05,11,PT1H,MC-BajoPutumayo,11238.55,11696.5
2024-08-05,12,PT1H,MC-BajoPutumayo,11986.31,12181.2
2024-08-05,13,PT1H,MC-BajoPutumayo,12133.38,11832.4
2024-08-05,14,PT1H,MC-BajoPutumayo,12022.06,12075.3
2024-08-05,15,PT1H,MC-BajoPutumayo,12038.25,12816.8
2024-08-05,16,PT1H,MC-BajoPutumayo,11653.52,12915.8
2024-08-05,17,PT1H,MC-BajoPutumayo,11618.61,12787.2
2024-08-05,18,PT1H,MC-BajoPutumayo,11632.73,12530.0
2024-08-05,19,PT1H,MC-BajoPutumayo,12856.1,13650.6
2024-08-05,20,PT1H,MC-BajoPutumayo,12804.17,13975.8
2024-08-05,21,PT1H,MC-BajoPutumayo,11894.07,13155.8
2024-08-05,22,PT1H,MC-BajoPutumayo,10434.55,11653.0
2024-08-05,23,PT1H,MC-BajoPutumayo,8686.98,9818.2
2024-08-05,24,PT1H,MC-BajoPutumayo,7559.06,8488.6
2025-08-15,1,PT1H,MC-BajoPutumayo,8259.44,7552.3
2025-08-15,2,PT1H,MC-BajoPutumayo,7727.76,7131.7
2025-08-15,3,PT1H,MC-BajoPutumayo,7439.98,6914.4
2025-08-15,4,PT1H,MC-BajoPutumayo,7272.62,6713.3
2025-08-15,5,PT1H,MC-BajoPutumayo,7110.43,6737.5
2025-08-15,6,PT1H,MC-BajoPutumayo,7526.34,7404.8
2025-08-15,7,PT1H,MC-BajoPutumayo,8226.49,8326.1
2025-08-15,8,PT1H,MC-BajoPutumayo,8762.25,8965.8
2025-08-15,9,PT1H,MC-BajoPutumayo,9709.81,9816.4
2025-08-15,10,PT1H,MC-BajoPutumayo,10396.25,10481.9
2025-08-15,11,PT1H,MC-BajoPutumayo,11078.6,11122.9
2025-08-15,12,PT1H,MC-BajoPutumayo,11762.67,11514.8
2025-08-15,13,PT1H,MC-BajoPutumayo,11537.1,11295.6
2025-08-15,14,PT1H,MC-BajoPutumayo,11510.6,11493.8
2025-08-15,15,PT1H,MC-BajoPutumayo,12029.33,12333.8
2025-08-15,16,PT1H,MC-BajoPutumayo,12672.14,12711.9
2025-08-15,17,PT1H,MC-BajoPutumayo,12864.12,12783.2
2025-08-15,18,PT1H,MC-BajoPutumayo,12731.58,12741.2
2025-08-15,19,PT1H,MC-BajoPutumayo,13808.48,13922.2
2025-08-15,20,PT1H,MC-BajoPutumayo,14321.85,14468.9
2025-08-15,21,PT1H,MC-BajoPutumayo,13427.88,13631.4
2025-08-15,22,PT1H,MC-BajoPutumayo,11794.39,12339.9
2025-08-15,23,PT1H,MC-BajoPutumayo,10414.97,10650.9
2025-08-15,24,PT1H,MC-BajoPutumayo,9048.19,9159.3
2024-11-08,1,PT1H,MC-BajoPutumayo,8646.93,7506.4
2024-11-08,2,PT1H,MC-BajoPutumayo,8778.08,7246.5
2024-11-08,3,PT1H,MC-BajoPutumayo,8689.37,7029.6
2024-11-08,4,PT1H,MC-BajoPutumayo,8499.52,6901.9
2024-11-08,5,PT1H,MC-BajoPutumayo,8575.42,7048.0
2024-11-08,6,PT1H,MC-BajoPutumayo,9048.49,7431.5
2024-11-08,7,PT1H,MC-BajoPutumayo,9474.75,8023.6
2024-11-08,8,PT1H,MC-BajoPutumayo,10266.72,9314.2
2024-11-08,9,PT1H,MC-BajoPutumayo,11516.08,10304.7
2024-11-08,10,PT1H,MC-BajoPutumayo,11853.01,11617.3
2024-11-08,11,PT1H,MC-BajoPutumayo,12533.78,12215.2
2024-11-08,12,PT1H,MC-BajoPutumayo,12299.34,12644.4
2024-11-08,13,PT1H,MC-BajoPutumayo,12617.21,12426.2
2024-11-08,14,PT1H,MC-BajoPutumayo,13282.99,13106.7
2024-11-08,15,PT1H,MC-BajoPutumayo,14027.9,13881.8
2024-11-08,16,PT1H,MC-BajoPutumayo,13826.08,13755.5
2024-11-08,17,PT1H,MC-BajoPutumayo,13593.7,13401.0
2024-11-08,18,PT1H,MC-BajoPutumayo,14425.07,13626.2
2024-11-08,19,PT1H,MC-BajoPutumayo,15125.82,14699.2
2024-11-08,20,PT1H,MC-BajoPutumayo,14349.62,13585.5
2024-11-08,21,PT1H,MC-BajoPutumayo,13302.22,12809.9
2024-11-08,22,PT1H,MC-BajoPutumayo,12008.1,11751.8
2024-11-08,23,PT1H,MC-BajoPutumayo,10570.82,10399.1
2024-11-08,24,PT1H,MC-BajoPutumayo,9326.09,9432.7
2022-10-12,1,PT1H,MC-BajoPutumayo,8350.71,8833.41
2022-10-12,2,PT1H,MC-BajoPutumayo,7815.43,8217.26
2022-10-12,3,PT1H,MC-BajoPutumayo,7542.75,7884.92
2022-10-12,4,PT1H,MC-BajoPutumayo,7368.28,7686.73
2022-10-12,5,PT1H,MC-BajoPutumayo,7342.32,7664.58
2022-10-12,6,PT1H,MC-BajoPutumayo,7500.39,8191.36
2022-10-12,7,PT1H,MC-BajoPutumayo,7878.98,8885.7
2022-10-12,8,PT1H,MC-BajoPutumayo,7856.88,9854.12
2022-10-12,9,PT1H,MC-BajoPutumayo,10790.32,11289.19
2022-10-12,10,PT1H,MC-BajoPutumayo,12931.3,12286.31
2022-10-12,11,PT1H,MC-BajoPutumayo,13583.93,13292.8
2022-10-12,12,PT1H,MC-BajoPutumayo,13551.4,13779.91
2022-10-12,13,PT1H,MC-BajoPutumayo,12629.59,13281.91
2022-10-12,14,PT1H,MC-BajoPutumayo,12803.92,13767.83
2022-10-12,15,PT1H,MC-BajoPutumayo,14394.29,14402.25
2022-10-12,16,PT1H,MC-BajoPutumayo,14967.22,14623.11
2022-10-12,17,PT1H,MC-BajoPutumayo,13160.75,14434.65
2022-10-12,18,PT1H,MC-BajoPutumayo,12062.24,14187.99
2022-10-12,19,PT1H,MC-BajoPutumayo,13199.84,15167.38
2022-10-12,20,PT1H,MC-BajoPutumayo,14237.85,14922.39
2022-10-12,21,PT1H,MC-BajoPutumayo,13610.23,14209.27
2022-10-12,22,PT1H,MC-BajoPutumayo,11641.73,12431.78
2022-10-12,23,PT1H,MC-BajoPutumayo,10035.56,10962.95
2022-10-12,24,PT1H,MC-BajoPutumayo,8593.78,9282.19
2025-01-17,1,PT1H,MC-BajoPutumayo,9464.86,9395.8
2025-01-17,2,PT1H,MC-BajoPutumayo,9003.34,8842.4
2025-01-17,3,PT1H,MC-BajoPutumayo,8613.39,8447.0
2025-01-17,4,PT1H,MC-BajoPutumayo,8400.99,8329.4
2025-01-17,5,PT1H,MC-BajoPutumayo,8364.33,8538.1
2025-01-17,6,PT1H,MC-BajoPutumayo,8609.25,8825.7
2025-01-17,7,PT1H,MC-BajoPutumayo,8872.46,9138.3
2025-01-17,8,PT1H,MC-BajoPutumayo,10158.5,10340.4
2025-01-17,9,PT1H,MC-BajoPutumayo,11494.16,11609.5
2025-01-17,10,PT1H,MC-BajoPutumayo,12440.6,12221.8
2025-01-17,11,PT1H,MC-BajoPutumayo,13505.58,12684.9
2025-01-17,12,PT1H,MC-BajoPutumayo,14265.97,12992.4
2025-01-17,13,PT1H,MC-BajoPutumayo,13865.16,12821.4
2025-01-17,14,PT1H,MC-BajoPutumayo,13855.43,12827.5
2025-01-17,15,PT1H,MC-BajoPutumayo,14561.56,12495.7
2025-01-17,16,PT1H,MC-BajoPutumayo,14854.21,12474.8
2025-01-17,17,PT1H,MC-BajoPutumayo,14807.39,12563.4
2025-01-17,18,PT1H,MC-BajoPutumayo,14450.78,12810.8
2025-01-17,19,PT1H,MC-BajoPutumayo,14964.07,13962.7
2025-01-17,20,PT1H,MC-BajoPutumayo,15284.89,14081.3
2025-01-17,21,PT1H,MC-BajoPutumayo,14285.52,13192.6
2025-01-17,22,PT1H,MC-BajoPutumayo,13225.34,11976.0
2025-01-17,23,PT1H,MC-BajoPutumayo,11723.11,10528.7
2025-01-17,24,PT1H,MC-BajoPutumayo,10404.27,9463.3
2023-05-25,1,PT1H,MC-BajoPutumayo,7414.67,7209.72
2023-05-25,2,PT1H,MC-BajoPutumayo,7022.12,6708.35
2023-05-25,3,PT1H,MC-BajoPutumayo,6791.16,6503.36
2023-05-25,4,PT1H,MC-BajoPutumayo,6612.83,6368.11
2023-05-25,5,PT1H,MC-BajoPutumayo,6635.3,6361.32
2023-05-25,6,PT1H,MC-BajoPutumayo,7111.28,6968.92
2023-05-25,7,PT1H,MC-BajoPutumayo,7787.32,7636.79
2023-05-25,8,PT1H,MC-BajoPutumayo,8453.9,8150.53
2023-05-25,9,PT1H,MC-BajoPutumayo,9384.54,9135.44
2023-05-25,10,PT1H,MC-BajoPutumayo,9924.96,9747.68
2023-05-25,11,PT1H,MC-BajoPutumayo,10510.08,10278.87
2023-05-25,12,PT1H,MC-BajoPutumayo,11270.92,10924.27
2023-05-25,13,PT1H,MC-BajoPutumayo,11252.94,10522.87
2023-05-25,14,PT1H,MC-BajoPutumayo,11524.67,10528.94
2023-05-25,15,PT1H,MC-BajoPutumayo,12473.44,11224.48
2023-05-25,16,PT1H,MC-BajoPutumayo,12718.39,11456.27
2023-05-25,17,PT1H,MC-BajoPutumayo,12742.9,11409.81
2023-05-25,18,PT1H,MC-BajoPutumayo,12490.96,11116.97
2023-05-25,19,PT1H,MC-BajoPutumayo,13484.56,12129.56
2023-05-25,20,PT1H,MC-BajoPutumayo,13907.75,12393.21
2023-05-25,21,PT1H,MC-BajoPutumayo,13062.71,11763.57
2023-05-25,22,PT1H,MC-BajoPutumayo,11681.22,11058.91
2023-05-25,23,PT1H,MC-BajoPutumayo,10021.24,9508.88
2023-05-25,24,PT1H,MC-BajoPutumayo,8579.41,8418.97
2024-10-04,1,PT1H,MC-BajoPutumayo,8525.38,8559.3
2024-10-04,2,PT1H,MC-BajoPutumayo,7708.53,8168.2
2024-10-04,3,PT1H,MC-BajoPutumayo,7673.33,7878.8
2024-10-04,4,PT1H,MC-BajoPutumayo,7368.1,7784.9
2024-10-04,5,PT1H,MC-BajoPutumayo,7383.94,7900.7
2024-10-04,6,PT1H,MC-BajoPutumayo,7807.02,8592.6
2024-10-04,7,PT1H,MC-BajoPutumayo,8619.03,9047.9
2024-10-04,8,PT1H,MC-BajoPutumayo,9472.38,10257.3
2024-10-04,9,PT1H,MC-BajoPutumayo,10312.08,11113.2
2024-10-04,10,PT1H,MC-BajoPutumayo,10439.71,11559.4
2024-10-04,11,PT1H,MC-BajoPutumayo,10843.66,12039.6
2024-10-04,12,PT1H,MC-BajoPutumayo,11290.43,12336.0
2024-10-04,13,PT1H,MC-BajoPutumayo,11072.43,12451.6
2024-10-04,14,PT1H,MC-BajoPutumayo,11522.38,13422.4
2024-10-04,15,PT1H,MC-BajoPutumayo,12132.4,14319.1
2024-10-04,16,PT1H,MC-BajoPutumayo,12382.41,14449.2
2024-10-04,17,PT1H,MC-BajoPutumayo,12370.63,14081.1
2024-10-04,18,PT1H,MC-BajoPutumayo,12751.24,14529.8
2024-10-04,19,PT1H,MC-BajoPutumayo,14092.09,16021.4
2024-10-04,20,PT1H,MC-BajoPutumayo,13602.6,15431.4
2024-10-04,21,PT1H,MC-BajoPutumayo,12728.25,14508.9
2024-10-04,22,PT1H,MC-BajoPutumayo,11456.84,13301.5
2024-10-04,23,PT1H,MC-BajoPutumayo,9674.67,11654.3
2024-10-04,24,PT1H,MC-BajoPutumayo,8647.93,10216.5
2026-02-19,1,PT1H,MC-BajoPutumayo,8130.17,8102.6
2026-02-19,2,PT1H,MC-BajoPutumayo,7736.7,7736.6
2026-02-19,3,PT1H,MC-BajoPutumayo,7561.55,7528.7
2026-02-19,4,PT1H,MC-BajoPutumayo,7512.92,7234.8
2026-02-19,5,PT1H,MC-BajoPutumayo,7777.52,7453.4
2026-02-19,6,PT1H,MC-BajoPutumayo,8615.96,8226.3
2026-02-19,7,PT1H,MC-BajoPutumayo,9252.69,8544.6
2026-02-19,8,PT1H,MC-BajoPutumayo,10638.85,9144.9
2026-02-19,9,PT1H,MC-BajoPutumayo,10639.62,10120.4
2026-02-19,10,PT1H,MC-BajoPutumayo,10794.16,10649.9
2026-02-19,11,PT1H,MC-BajoPutumayo,11271.47,11248.4
2026-02-19,12,PT1H,MC-BajoPutumayo,11314.97,11568.5
2026-02-19,13,PT1H,MC-BajoPutumayo,11055.86,11464.1
2026-02-19,14,PT1H,MC-BajoPutumayo,12975.36,11711.4
2026-02-19,15,PT1H,MC-BajoPutumayo,11995.13,12390.6
2026-02-19,16,PT1H,MC-BajoPutumayo,11349.02,12469.9
2026-02-19,17,PT1H,MC-BajoPutumayo,11737.84,12351.8
2026-02-19,18,PT1H,MC-BajoPutumayo,12011.19,12398.7
2026-02-19,19,PT1H,MC-BajoPutumayo,13946.51,13946.8
2026-02-19,20,PT1H,MC-BajoPutumayo,13453.72,13770.6
2026-02-19,21,PT1H,MC-BajoPutumayo,12447.96,12733.6
2026-02-19,22,PT1H,MC-BajoPutumayo,10750.68,11264.4
2026-02-19,23,PT1H,MC-BajoPutumayo,9123.99,9731.0
2026-02-19,24,PT1H,MC-BajoPutumayo,8008.11,8449.3
2023-08-31,1,PT1H,MC-BajoPutumayo,8769.51,7380.55
2023-08-31,2,PT1H,MC-BajoPutumayo,8242.5,6942.79
2023-08-31,3,PT1H,MC-BajoPutumayo,7922.62,6622.19
2023-08-31,4,PT1H,MC-BajoPutumayo,7690.19,6507.82
2023-08-31,5,PT1H,MC-BajoPutumayo,7640.77,6401.22
2023-08-31,6,PT1H,MC-BajoPutumayo,8044.76,6946.89
2023-08-31,7,PT1H,MC-BajoPutumayo,8584.07,7731.78
2023-08-31,8,PT1H,MC-BajoPutumayo,9509.75,8555.68
2023-08-31,9,PT1H,MC-BajoPutumayo,11082.49,9740.93
2023-08-31,10,PT1H,MC-BajoPutumayo,12251.93,10433.21
2023-08-31,11,PT1H,MC-BajoPutumayo,13092.47,11184.76
2023-08-31,12,PT1H,MC-BajoPutumayo,14036.54,11494.79
2023-08-31,13,PT1H,MC-BajoPutumayo,15280.29,11181.87
2023-08-31,14,PT1H,MC-BajoPutumayo,15165.54,11591.47
2023-08-31,15,PT1H,MC-BajoPutumayo,15612.61,12532.86
2023-08-31,16,PT1H,MC-BajoPutumayo,15491.05,13222.27
2023-08-31,17,PT1H,MC-BajoPutumayo,14878.02,13109.03
2023-08-31,18,PT1H,MC-BajoPutumayo,14360.8,12867.75
2023-08-31,19,PT1H,MC-BajoPutumayo,15236.1,12902.48
2023-08-31,20,PT1H,MC-BajoPutumayo,15544.34,13754.59
2023-08-31,21,PT1H,MC-BajoPutumayo,14742.64,13457.29
2023-08-31,22,PT1H,MC-BajoPutumayo,13709.62,11914.84
2023-08-31,23,PT1H,MC-BajoPutumayo,12143.35,10150.94
2023-08-31,24,PT1H,MC-BajoPutumayo,10318.47,8624.11
2022-07-05,1,PT1H,MC-BajoPutumayo,6429.14,6371.24
2022-07-05,2,PT1H,MC-BajoPutumayo,6081.79,6008.29
2022-07-05,3,PT1H,MC-BajoPutumayo,5856.89,5893.29
2022-07-05,4,PT1H,MC-BajoPutumayo,5746.07,5726.35
2022-07-05,5,PT1H,MC-BajoPutumayo,5772.4,5995.49
2022-07-05,6,PT1H,MC-BajoPutumayo,6094.41,6596.83
2022-07-05,7,PT1H,MC-BajoPutumayo,6426.2,7200.91
2022-07-05,8,PT1H,MC-BajoPutumayo,7535.22,8110.11
2022-07-05,9,PT1H,MC-BajoPutumayo,8577.45,9253.02
2022-07-05,10,PT1H,MC-BajoPutumayo,9053.64,9746.38
2022-07-05,11,PT1H,MC-BajoPutumayo,9389.33,10398.34
2022-07-05,12,PT1H,MC-BajoPutumayo,9582.45,10779.09
2022-07-05,13,PT1H,MC-BajoPutumayo,9390.81,10552.74
2022-07-05,14,PT1H,MC-BajoPutumayo,9318.96,10753.07
2022-07-05,15,PT1H,MC-BajoPutumayo,9517.82,11290.01
2022-07-05,16,PT1H,MC-BajoPutumayo,9604.15,11309.86
2022-07-05,17,PT1H,MC-BajoPutumayo,9700.38,11670.52
2022-07-05,18,PT1H,MC-BajoPutumayo,9885.82,11218.94
2022-07-05,19,PT1H,MC-BajoPutumayo,10923.75,12124.94
2022-07-05,20,PT1H,MC-BajoPutumayo,11345.12,12535.09
2022-07-05,21,PT1H,MC-BajoPutumayo,10672.9,11861.77
2022-07-05,22,PT1H,MC-BajoPutumayo,9661.48,10584.04
2022-07-05,23,PT1H,MC-BajoPutumayo,8193.66,8914.39
2022-07-05,24,PT1H,MC-BajoPutumayo,6829.26,7564.02
2023-11-18,4,PT1H,MC-BajoPutumayo,7176.29,7871.59
2023-11-18,5,PT1H,MC-BajoPutumayo,7145.21,7760.2
2023-11-18,6,PT1H,MC-BajoPutumayo,7403.46,7869.68
2023-11-18,7,PT1H,MC-BajoPutumayo,7675.43,8332.17
2023-11-18,8,PT1H,MC-BajoPutumayo,8861.36,9435.55
2023-11-18,9,PT1H,MC-BajoPutumayo,10547.6,10909.95
2023-11-18,10,PT1H,MC-BajoPutumayo,10471.73,12106.94
2023-11-18,11,PT1H,MC-BajoPutumayo,10814.93,12978.98
2023-11-18,12,PT1H,MC-BajoPutumayo,10862.86,13511.39
2023-11-18,13,PT1H,MC-BajoPutumayo,11957.5,13379.59
2023-11-18,14,PT1H,MC-BajoPutumayo,12471.83,13062.8
2023-11-18,15,PT1H,MC-BajoPutumayo,12886.69,13006.74
2023-11-18,16,PT1H,MC-BajoPutumayo,13021.56,12555.02
2023-11-18,17,PT1H,MC-BajoPutumayo,12915.11,12289.81
2023-11-18,18,PT1H,MC-BajoPutumayo,12746.39,12522.48
2023-11-18,19,PT1H,MC-BajoPutumayo,14125.08,14078.09
2023-11-18,20,PT1H,MC-BajoPutumayo,14280.86,14165.03
2023-11-18,21,PT1H,MC-BajoPutumayo,12964.07,13282.17
2023-11-18,22,PT1H,MC-BajoPutumayo,11943.22,12237.59
2023-11-18,23,PT1H,MC-BajoPutumayo,10901.47,11012.64
2023-11-18,24,PT1H,MC-BajoPutumayo,9908.94,9810.08
2023-11-18,1,PT1H,MC-BajoPutumayo,8068.05,9217.5
2023-11-18,2,PT1H,MC-BajoPutumayo,7668.78,8637.78
2023-11-18,3,PT1H,MC-BajoPutumayo,7453.82,8214.39
2022-05-22,1,PT1H,MC-BajoPutumayo,6838.61,7429.19
2022-05-22,2,PT1H,MC-BajoPutumayo,6406.8,7027.84
2022-05-22,3,PT1H,MC-BajoPutumayo,5707.38,6715.51
2022-05-22,4,PT1H,MC-BajoPutumayo,3926.02,6529.92
2022-05-22,5,PT1H,MC-BajoPutumayo,4012.77,6545.6
2022-05-22,6,PT1H,MC-BajoPutumayo,4259.42,6944.49
2022-05-22,7,PT1H,MC-BajoPutumayo,3998.13,7227.95
2022-05-22,8,PT1H,MC-BajoPutumayo,4555.73,7731.24
2022-05-22,9,PT1H,MC-BajoPutumayo,7144.1,8693.64
2022-05-22,10,PT1H,MC-BajoPutumayo,9404.99,9267.61
2022-05-22,11,PT1H,MC-BajoPutumayo,10000.45,9761.23
2022-05-22,12,PT1H,MC-BajoPutumayo,10567.26,10116.75
2022-05-22,13,PT1H,MC-BajoPutumayo,10703.16,9994.23
2022-05-22,14,PT1H,MC-BajoPutumayo,10649.27,10065.16
2022-05-22,15,PT1H,MC-BajoPutumayo,9806.04,10197.85
2022-05-22,16,PT1H,MC-BajoPutumayo,9919.32,10140.5
2022-05-22,17,PT1H,MC-BajoPutumayo,10058.27,9775.21
2022-05-22,18,PT1H,MC-BajoPutumayo,10389.9,10708.56
2022-05-22,19,PT1H,MC-BajoPutumayo,11635.71,11783.37
2022-05-22,20,PT1H,MC-BajoPutumayo,12268.76,12150.22
2022-05-22,21,PT1H,MC-BajoPutumayo,11802.54,11636.43
2022-05-22,22,PT1H,MC-BajoPutumayo,11003.48,10762.42
2022-05-22,23,PT1H,MC-BajoPutumayo,9630.26,9466.1
2022-05-22,24,PT1H,MC-BajoPutumayo,8363.12,7893.18
2024-11-15,1,PT1H,MC-BajoPutumayo,7459.02,7926.0
2024-11-15,2,PT1H,MC-BajoPutumayo,7133.23,7597.7
2024-11-15,3,PT1H,MC-BajoPutumayo,6852.71,7363.4
2024-11-15,4,PT1H,MC-BajoPutumayo,6918.21,7234.6
2024-11-15,5,PT1H,MC-BajoPutumayo,7317.2,7355.9
2024-11-15,6,PT1H,MC-BajoPutumayo,7952.52,7775.8
2024-11-15,7,PT1H,MC-BajoPutumayo,8732.48,8370.0
2024-11-15,8,PT1H,MC-BajoPutumayo,9481.77,9665.9
2024-11-15,9,PT1H,MC-BajoPutumayo,10699.77,10760.6
2024-11-15,10,PT1H,MC-BajoPutumayo,11522.69,12064.0
2024-11-15,11,PT1H,MC-BajoPutumayo,11742.86,12630.2
2024-11-15,12,PT1H,MC-BajoPutumayo,12787.54,13020.6
2024-11-15,13,PT1H,MC-BajoPutumayo,12683.48,12748.0
2024-11-15,14,PT1H,MC-BajoPutumayo,13392.05,13501.9
2024-11-15,15,PT1H,MC-BajoPutumayo,14176.76,14307.2
2024-11-15,16,PT1H,MC-BajoPutumayo,14252.6,13951.4
2024-11-15,17,PT1H,MC-BajoPutumayo,14099.85,13510.8
2024-11-15,18,PT1H,MC-BajoPutumayo,14361.61,13919.3
2024-11-15,19,PT1H,MC-BajoPutumayo,15627.98,14963.2
2024-11-15,20,PT1H,MC-BajoPutumayo,14445.53,14238.8
2024-11-15,21,PT1H,MC-BajoPutumayo,13132.25,13072.5
2024-11-15,22,PT1H,MC-BajoPutumayo,11390.01,11923.4
2024-11-15,23,PT1H,MC-BajoPutumayo,10106.41,10584.9
2024-11-15,24,PT1H,MC-BajoPutumayo,9176.22,9637.5
2025-04-24,1,PT1H,MC-BajoPutumayo,9518.87,7780.0
2025-04-24,2,PT1H,MC-BajoPutumayo,8735.9,7346.5
2025-04-24,3,PT1H,MC-BajoPutumayo,8398.36,7098.7
2025-04-24,4,PT1H,MC-BajoPutumayo,8082.0,6978.5
2025-04-24,5,PT1H,MC-BajoPutumayo,7972.76,6937.2
2025-04-24,6,PT1H,MC-BajoPutumayo,8236.86,7630.3
2025-04-24,7,PT1H,MC-BajoPutumayo,8977.44,8255.8
2025-04-24,8,PT1H,MC-BajoPutumayo,9494.73,8900.7
2025-04-24,9,PT1H,MC-BajoPutumayo,10391.58,9985.7
2025-04-24,10,PT1H,MC-BajoPutumayo,11022.16,10909.7
2025-04-24,11,PT1H,MC-BajoPutumayo,11335.04,11724.7
2025-04-24,12,PT1H,MC-BajoPutumayo,11661.49,12382.6
2025-04-24,13,PT1H,MC-BajoPutumayo,11273.25,12258.2
2025-04-24,14,PT1H,MC-BajoPutumayo,11169.38,12643.4
2025-04-24,15,PT1H,MC-BajoPutumayo,11720.81,13319.6
2025-04-24,16,PT1H,MC-BajoPutumayo,11759.32,13511.3
2025-04-24,17,PT1H,MC-BajoPutumayo,11948.87,13343.2
2025-04-24,18,PT1H,MC-BajoPutumayo,12066.48,13214.7
2025-04-24,19,PT1H,MC-BajoPutumayo,13459.38,14161.7
2025-04-24,20,PT1H,MC-BajoPutumayo,13736.07,14527.2
2025-04-24,21,PT1H,MC-BajoPutumayo,12853.73,13562.7
2025-04-24,22,PT1H,MC-BajoPutumayo,11535.73,12260.5
2025-04-24,23,PT1H,MC-BajoPutumayo,9949.63,10549.8
2025-04-24,24,PT1H,MC-BajoPutumayo,8665.81,8970.1
2024-05-02,1,PT1H,MC-BajoPutumayo,7513.2,8381.12
2024-05-02,2,PT1H,MC-BajoPutumayo,7171.19,7903.47
2024-05-02,3,PT1H,MC-BajoPutumayo,6950.64,7660.07
2024-05-02,4,PT1H,MC-BajoPutumayo,6780.74,7497.64
2024-05-02,5,PT1H,MC-BajoPutumayo,6855.44,7537.93
2024-05-02,6,PT1H,MC-BajoPutumayo,7456.88,8193.27
2024-05-02,7,PT1H,MC-BajoPutumayo,8028.95,8769.72
2024-05-02,8,PT1H,MC-BajoPutumayo,8746.55,9456.81
2024-05-02,9,PT1H,MC-BajoPutumayo,10321.38,10649.13
2024-05-02,10,PT1H,MC-BajoPutumayo,11411.92,11286.81
2024-05-02,11,PT1H,MC-BajoPutumayo,12288.17,11893.75
2024-05-02,12,PT1H,MC-BajoPutumayo,13165.78,12512.89
2024-05-02,13,PT1H,MC-BajoPutumayo,12750.45,12259.29
2024-05-02,14,PT1H,MC-BajoPutumayo,13851.42,12721.76
2024-05-02,15,PT1H,MC-BajoPutumayo,14223.19,13683.22
2024-05-02,16,PT1H,MC-BajoPutumayo,14445.22,13969.44
2024-05-02,17,PT1H,MC-BajoPutumayo,14354.09,13962.91
2024-05-02,18,PT1H,MC-BajoPutumayo,14140.82,13789.47
2024-05-02,19,PT1H,MC-BajoPutumayo,15175.73,14816.33
2024-05-02,20,PT1H,MC-BajoPutumayo,15404.07,14942.65
2024-05-02,21,PT1H,MC-BajoPutumayo,14714.91,14145.75
2024-05-02,22,PT1H,MC-BajoPutumayo,13520.9,12813.91
2024-05-02,23,PT1H,MC-BajoPutumayo,11942.87,11090.46
2024-05-02,24,PT1H,MC-BajoPutumayo,10389.69,9720.52
2025-06-19,1,PT1H,MC-BajoPutumayo,7763.86,7248.7
2025-06-19,2,PT1H,MC-BajoPutumayo,7330.93,6798.8
2025-06-19,3,PT1H,MC-BajoPutumayo,6986.77,6549.6
2025-06-19,4,PT1H,MC-BajoPutumayo,6889.91,6449.3
2025-06-19,5,PT1H,MC-BajoPutumayo,6920.21,6469.6
2025-06-19,6,PT1H,MC-BajoPutumayo,7580.88,6995.5
2025-06-19,7,PT1H,MC-BajoPutumayo,8385.3,7750.3
2025-06-19,8,PT1H,MC-BajoPutumayo,9030.85,8522.4
2025-06-19,9,PT1H,MC-BajoPutumayo,10087.22,9367.1
2025-06-19,10,PT1H,MC-BajoPutumayo,10646.82,9968.9
2025-06-19,11,PT1H,MC-BajoPutumayo,11132.42,10600.3
2025-06-19,12,PT1H,MC-BajoPutumayo,11709.36,11219.5
2025-06-19,13,PT1H,MC-BajoPutumayo,11553.88,10866.3
2025-06-19,14,PT1H,MC-BajoPutumayo,11712.19,10993.8
2025-06-19,15,PT1H,MC-BajoPutumayo,11953.63,11783.4
2025-06-19,16,PT1H,MC-BajoPutumayo,11626.11,12081.6
2025-06-19,17,PT1H,MC-BajoPutumayo,11625.41,11963.3
2025-06-19,18,PT1H,MC-BajoPutumayo,11743.12,11899.9
2025-06-19,19,PT1H,MC-BajoPutumayo,12979.71,13012.4
2025-06-19,20,PT1H,MC-BajoPutumayo,13472.68,13287.4
2025-06-19,21,PT1H,MC-BajoPutumayo,12645.29,12444.4
2025-06-19,22,PT1H,MC-BajoPutumayo,11152.88,11223.7
2025-06-19,23,PT1H,MC-BajoPutumayo,9513.19,9672.6
2025-06-19,24,PT1H,MC-BajoPutumayo,8258.99,8288.0
2024-03-07,1,PT1H,MC-BajoPutumayo,7494.5,8351.01
2024-03-07,2,PT1H,MC-BajoPutumayo,7146.53,7924.64
2024-03-07,3,PT1H,MC-BajoPutumayo,6921.29,7647.09
2024-03-07,4,PT1H,MC-BajoPutumayo,6813.72,7462.98
2024-03-07,5,PT1H,MC-BajoPutumayo,6889.81,7459.13
2024-03-07,6,PT1H,MC-BajoPutumayo,7523.62,7778.68
2024-03-07,7,PT1H,MC-BajoPutumayo,8228.14,8230.53
2024-03-07,8,PT1H,MC-BajoPutumayo,8978.62,9175.49
2024-03-07,9,PT1H,MC-BajoPutumayo,9871.42,9771.02
2024-03-07,10,PT1H,MC-BajoPutumayo,10224.01,10517.51
2024-03-07,11,PT1H,MC-BajoPutumayo,10492.49,10962.4
2024-03-07,12,PT1H,MC-BajoPutumayo,10759.85,11497.03
2024-03-07,13,PT1H,MC-BajoPutumayo,4669.38,11179.98
2024-03-07,14,PT1H,MC-BajoPutumayo,10381.42,11462.35
2024-03-07,15,PT1H,MC-BajoPutumayo,10576.34,12136.65
2024-03-07,16,PT1H,MC-BajoPutumayo,10771.85,12341.38
2024-03-07,17,PT1H,MC-BajoPutumayo,10905.34,12041.46
2024-03-07,18,PT1H,MC-BajoPutumayo,11063.46,11773.57
2024-03-07,19,PT1H,MC-BajoPutumayo,12137.53,12404.56
2024-03-07,20,PT1H,MC-BajoPutumayo,12656.97,13087.35
2024-03-07,21,PT1H,MC-BajoPutumayo,11845.82,12375.16
2024-03-07,22,PT1H,MC-BajoPutumayo,10736.56,11281.36
2024-03-07,23,PT1H,MC-BajoPutumayo,9256.02,9839.22
2024-03-07,24,PT1H,MC-BajoPutumayo,8062.22,8655.83
2022-05-18,1,PT1H,MC-BajoPutumayo,6489.22,6520.57
2022-05-18,2,PT1H,MC-BajoPutumayo,6529.81,6110.6
2022-05-18,3,PT1H,MC-BajoPutumayo,6187.2,5749.16
2022-05-18,4,PT1H,MC-BajoPutumayo,6062.66,5897.81
2022-05-18,5,PT1H,MC-BajoPutumayo,6082.77,5830.47
2022-05-18,6,PT1H,MC-BajoPutumayo,6754.38,6177.47
2022-05-18,7,PT1H,MC-BajoPutumayo,7582.62,6626.47
2022-05-18,8,PT1H,MC-BajoPutumayo,8145.73,6987.93
2022-05-18,9,PT1H,MC-BajoPutumayo,8746.03,8017.42
2022-05-18,10,PT1H,MC-BajoPutumayo,9285.24,8507.76
2022-05-18,11,PT1H,MC-BajoPutumayo,8926.34,9061.09
2022-05-18,12,PT1H,MC-BajoPutumayo,10939.12,9616.42
2022-05-18,13,PT1H,MC-BajoPutumayo,9826.58,9358.8
2022-05-18,14,PT1H,MC-BajoPutumayo,9182.74,9419.66
2022-05-18,15,PT1H,MC-BajoPutumayo,9700.65,10146.5
2022-05-18,16,PT1H,MC-BajoPutumayo,10036.82,10419.76
2022-05-18,17,PT1H,MC-BajoPutumayo,8140.31,10315.2
2022-05-18,18,PT1H,MC-BajoPutumayo,8787.98,10257.35
2022-05-18,19,PT1H,MC-BajoPutumayo,11163.63,11037.71
2022-05-18,20,PT1H,MC-BajoPutumayo,11248.29,11068.75
2022-05-18,21,PT1H,MC-BajoPutumayo,10379.85,10471.33
2022-05-18,22,PT1H,MC-BajoPutumayo,7906.82,9183.71
2022-05-18,23,PT1H,MC-BajoPutumayo,7353.48,7861.81
2022-05-18,24,PT1H,MC-BajoPutumayo,6317.36,6590.83
2024-07-22,1,PT1H,MC-BajoPutumayo,6668.32,6816.8
2024-07-22,2,PT1H,MC-BajoPutumayo,6296.21,6439.3
2024-07-22,3,PT1H,MC-BajoPutumayo,6085.04,6198.9
2024-07-22,4,PT1H,MC-BajoPutumayo,6000.69,6118.9
2024-07-22,5,PT1H,MC-BajoPutumayo,6188.83,6038.3
2024-07-22,6,PT1H,MC-BajoPutumayo,6920.67,6351.7
2024-07-22,7,PT1H,MC-BajoPutumayo,7548.55,6841.8
2024-07-22,8,PT1H,MC-BajoPutumayo,8613.68,7738.0
2024-07-22,9,PT1H,MC-BajoPutumayo,9648.68,8621.6
2024-07-22,10,PT1H,MC-BajoPutumayo,10452.32,9392.2
2024-07-22,11,PT1H,MC-BajoPutumayo,11015.58,9912.1
2024-07-22,12,PT1H,MC-BajoPutumayo,11365.75,10497.4
2024-07-22,13,PT1H,MC-BajoPutumayo,10845.75,10606.6
2024-07-22,14,PT1H,MC-BajoPutumayo,11242.03,10653.7
2024-07-22,15,PT1H,MC-BajoPutumayo,11976.82,11189.1
2024-07-22,16,PT1H,MC-BajoPutumayo,12030.08,11190.6
2024-07-22,17,PT1H,MC-BajoPutumayo,11903.49,11357.9
2024-07-22,18,PT1H,MC-BajoPutumayo,11979.86,11043.1
2024-07-22,19,PT1H,MC-BajoPutumayo,13294.56,12027.4
2024-07-22,20,PT1H,MC-BajoPutumayo,13548.19,12114.5
2024-07-22,21,PT1H,MC-BajoPutumayo,12658.0,11431.6
2024-07-22,22,PT1H,MC-BajoPutumayo,11249.97,10314.9
2024-07-22,23,PT1H,MC-BajoPutumayo,9404.14,8812.6
2024-07-22,24,PT1H,MC-BajoPutumayo,8073.12,7414.0
2025-03-18,1,PT1H,MC-BajoPutumayo,6871.71,8002.9
2025-03-18,2,PT1H,MC-BajoPutumayo,6564.69,7974.0
2025-03-18,3,PT1H,MC-BajoPutumayo,6462.66,7625.6
2025-03-18,4,PT1H,MC-BajoPutumayo,6360.37,7458.2
2025-03-18,5,PT1H,MC-BajoPutumayo,6469.45,7583.3
2025-03-18,6,PT1H,MC-BajoPutumayo,6906.49,8158.0
2025-03-18,7,PT1H,MC-BajoPutumayo,5478.79,8873.8
2025-03-18,8,PT1H,MC-BajoPutumayo,4974.3,9462.0
2025-03-18,9,PT1H,MC-BajoPutumayo,5952.13,10312.8
2025-03-18,10,PT1H,MC-BajoPutumayo,6567.49,10797.3
2025-03-18,11,PT1H,MC-BajoPutumayo,7181.53,11358.3
2025-03-18,12,PT1H,MC-BajoPutumayo,7577.38,11819.4
2025-03-18,13,PT1H,MC-BajoPutumayo,12879.53,11569.0
2025-03-18,14,PT1H,MC-BajoPutumayo,13105.72,12031.9
2025-03-18,15,PT1H,MC-BajoPutumayo,12981.64,13280.2
2025-03-18,16,PT1H,MC-BajoPutumayo,12339.71,13642.7
2025-03-18,17,PT1H,MC-BajoPutumayo,11951.34,13434.3
2025-03-18,18,PT1H,MC-BajoPutumayo,12329.05,13397.3
2025-03-18,19,PT1H,MC-BajoPutumayo,13480.25,14294.1
2025-03-18,20,PT1H,MC-BajoPutumayo,13523.66,14841.2
2025-03-18,21,PT1H,MC-BajoPutumayo,12514.35,13898.9
2025-03-18,22,PT1H,MC-BajoPutumayo,11148.76,12582.6
2025-03-18,23,PT1H,MC-BajoPutumayo,9578.6,10731.8
2025-03-18,24,PT1H,MC-BajoPutumayo,8465.69,9196.3
2025-11-02,1,PT1H,MC-BajoPutumayo,9036.38,7513.4
2025-11-02,2,PT1H,MC-BajoPutumayo,8532.69,7129.6
2025-11-02,3,PT1H,MC-BajoPutumayo,8028.27,6926.7
2025-11-02,4,PT1H,MC-BajoPutumayo,7654.18,6801.8
2025-11-02,5,PT1H,MC-BajoPutumayo,7502.07,6865.9
2025-11-02,6,PT1H,MC-BajoPutumayo,7357.87,7460.3
2025-11-02,7,PT1H,MC-BajoPutumayo,7748.09,8312.1
2025-11-02,8,PT1H,MC-BajoPutumayo,8994.72,9464.4
2025-11-02,9,PT1H,MC-BajoPutumayo,10113.69,10575.3
2025-11-02,10,PT1H,MC-BajoPutumayo,11078.69,11341.2
2025-11-02,11,PT1H,MC-BajoPutumayo,11867.54,12009.0
2025-11-02,12,PT1H,MC-BajoPutumayo,12191.1,12436.5
2025-11-02,13,PT1H,MC-BajoPutumayo,12259.93,12044.2
2025-11-02,14,PT1H,MC-BajoPutumayo,12276.26,12313.1
2025-11-02,15,PT1H,MC-BajoPutumayo,12378.47,13036.5
2025-11-02,16,PT1H,MC-BajoPutumayo,12462.21,13187.4
2025-11-02,17,PT1H,MC-BajoPutumayo,12388.3,12911.4
2025-11-02,18,PT1H,MC-BajoPutumayo,12760.29,12610.4
2025-11-02,19,PT1H,MC-BajoPutumayo,13858.33,14423.8
2025-11-02,20,PT1H,MC-BajoPutumayo,14134.35,14477.6
2025-11-02,21,PT1H,MC-BajoPutumayo,13461.29,13617.4
2025-11-02,22,PT1H,MC-BajoPutumayo,12359.37,12088.2
2025-11-02,23,PT1H,MC-BajoPutumayo,10658.09,10139.0
2025-11-02,24,PT1H,MC-BajoPutumayo,9815.45,8529.5
2025-07-23,1,PT1H,MC-BajoPutumayo,7911.22,8103.1
2025-07-23,2,PT1H,MC-BajoPutumayo,7460.86,7526.0
2025-07-23,3,PT1H,MC-BajoPutumayo,7165.85,7220.4
2025-07-23,4,PT1H,MC-BajoPutumayo,7029.6,7025.8
2025-07-23,5,PT1H,MC-BajoPutumayo,7022.4,7034.3
2025-07-23,6,PT1H,MC-BajoPutumayo,7680.07,7096.7
2025-07-23,7,PT1H,MC-BajoPutumayo,8585.1,7212.1
2025-07-23,8,PT1H,MC-BajoPutumayo,9337.46,8792.1
2025-07-23,9,PT1H,MC-BajoPutumayo,10149.16,10585.7
2025-07-23,10,PT1H,MC-BajoPutumayo,10787.91,11695.5
2025-07-23,11,PT1H,MC-BajoPutumayo,11322.02,12479.9
2025-07-23,12,PT1H,MC-BajoPutumayo,11965.45,12862.2
2025-07-23,13,PT1H,MC-BajoPutumayo,11525.71,12546.1
2025-07-23,14,PT1H,MC-BajoPutumayo,11060.25,12192.4
2025-07-23,15,PT1H,MC-BajoPutumayo,11235.58,12403.3
2025-07-23,16,PT1H,MC-BajoPutumayo,11472.23,12318.6
2025-07-23,17,PT1H,MC-BajoPutumayo,11563.2,12251.2
2025-07-23,18,PT1H,MC-BajoPutumayo,11952.76,12079.4
2025-07-23,19,PT1H,MC-BajoPutumayo,12847.05,13721.1
2025-07-23,20,PT1H,MC-BajoPutumayo,13261.12,14594.2
2025-07-23,21,PT1H,MC-BajoPutumayo,12324.25,13744.8
2025-07-23,22,PT1H,MC-BajoPutumayo,10941.91,12500.3
2025-07-23,23,PT1H,MC-BajoPutumayo,9166.99,10869.5
2025-07-23,24,PT1H,MC-BajoPutumayo,7899.17,9377.5
2025-09-26,1,PT1H,MC-BajoPutumayo,7593.41,7587.0
2025-09-26,2,PT1H,MC-BajoPutumayo,7233.78,7172.1
2025-09-26,3,PT1H,MC-BajoPutumayo,7007.56,6901.4
2025-09-26,4,PT1H,MC-BajoPutumayo,6907.2,6762.3
2025-09-26,5,PT1H,MC-BajoPutumayo,7017.89,6851.1
2025-09-26,6,PT1H,MC-BajoPutumayo,7694.94,7436.1
2025-09-26,7,PT1H,MC-BajoPutumayo,8614.52,8129.3
2025-09-26,8,PT1H,MC-BajoPutumayo,9297.45,8956.3
2025-09-26,9,PT1H,MC-BajoPutumayo,10153.39,10075.9
2025-09-26,10,PT1H,MC-BajoPutumayo,10655.84,10726.7
2025-09-26,11,PT1H,MC-BajoPutumayo,11037.72,11312.6
2025-09-26,12,PT1H,MC-BajoPutumayo,11362.77,11929.4
2025-09-26,13,PT1H,MC-BajoPutumayo,11000.16,11738.6
2025-09-26,14,PT1H,MC-BajoPutumayo,11087.15,11860.9
2025-09-26,15,PT1H,MC-BajoPutumayo,12115.78,12896.1
2025-09-26,16,PT1H,MC-BajoPutumayo,12527.39,13248.8
2025-09-26,17,PT1H,MC-BajoPutumayo,12642.26,12957.1
2025-09-26,18,PT1H,MC-BajoPutumayo,12735.99,12836.3
2025-09-26,19,PT1H,MC-BajoPutumayo,14378.03,14078.5
2025-09-26,20,PT1H,MC-BajoPutumayo,14247.67,14251.8
2025-09-26,21,PT1H,MC-BajoPutumayo,13262.74,13274.4
2025-09-26,22,PT1H,MC-BajoPutumayo,11978.01,11925.0
2025-09-26,23,PT1H,MC-BajoPutumayo,10219.27,10018.7
2025-09-26,24,PT1H,MC-BajoPutumayo,8855.35,8637.9
2023-01-08,1,PT1H,MC-BajoPutumayo,6812.87,7674.77
2023-01-08,2,PT1H,MC-BajoPutumayo,6379.18,7146.59
2023-01-08,3,PT1H,MC-BajoPutumayo,6167.7,6730.4
2023-01-08,4,PT1H,MC-BajoPutumayo,6030.13,6452.28
2023-01-08,5,PT1H,MC-BajoPutumayo,5945.87,6418.46
2023-01-08,6,PT1H,MC-BajoPutumayo,6035.39,6564.88
2023-01-08,7,PT1H,MC-BajoPutumayo,6224.65,6609.61
2023-01-08,8,PT1H,MC-BajoPutumayo,7031.47,7557.32
2023-01-08,9,PT1H,MC-BajoPutumayo,8048.76,8564.02
2023-01-08,10,PT1H,MC-BajoPutumayo,8744.83,9697.67
2023-01-08,11,PT1H,MC-BajoPutumayo,9096.37,10409.79
2023-01-08,12,PT1H,MC-BajoPutumayo,9030.93,11007.02
2023-01-08,13,PT1H,MC-BajoPutumayo,9290.79,11077.28
2023-01-08,14,PT1H,MC-BajoPutumayo,9285.15,11027.08
2023-01-08,15,PT1H,MC-BajoPutumayo,9339.95,11211.73
2023-01-08,16,PT1H,MC-BajoPutumayo,9307.33,10936.17
2023-01-08,17,PT1H,MC-BajoPutumayo,9425.44,10930.37
2023-01-08,18,PT1H,MC-BajoPutumayo,9369.2,10609.47
2023-01-08,19,PT1H,MC-BajoPutumayo,10421.16,11834.69
2023-01-08,20,PT1H,MC-BajoPutumayo,11023.99,12479.13
2023-01-08,21,PT1H,MC-BajoPutumayo,10433.73,11905.69
2023-01-08,22,PT1H,MC-BajoPutumayo,9560.04,11098.74
2023-01-08,23,PT1H,MC-BajoPutumayo,8409.0,9986.61
2023-01-08,24,PT1H,MC-BajoPutumayo,7458.95,8593.13
2023-06-29,1,PT1H,MC-BajoPutumayo,7350.81,6953.63
2023-06-29,2,PT1H,MC-BajoPutumayo,6728.59,6506.1
2023-06-29,3,PT1H,MC-BajoPutumayo,6516.35,6305.05
2023-06-29,4,PT1H,MC-BajoPutumayo,6404.24,6155.37
2023-06-29,5,PT1H,MC-BajoPutumayo,6432.83,6180.08
2023-06-29,6,PT1H,MC-BajoPutumayo,6796.97,6673.7
2023-06-29,7,PT1H,MC-BajoPutumayo,7234.71,7324.06
2023-06-29,8,PT1H,MC-BajoPutumayo,8236.46,8056.91
2023-06-29,9,PT1H,MC-BajoPutumayo,9353.28,9092.59
2023-06-29,10,PT1H,MC-BajoPutumayo,9932.04,9760.55
2023-06-29,11,PT1H,MC-BajoPutumayo,9950.94,10308.8
2023-06-29,12,PT1H,MC-BajoPutumayo,10375.45,10989.9
2023-06-29,13,PT1H,MC-BajoPutumayo,10177.75,10735.68
2023-06-29,14,PT1H,MC-BajoPutumayo,10330.33,10960.67
2023-06-29,15,PT1H,MC-BajoPutumayo,10902.01,11844.24
2023-06-29,16,PT1H,MC-BajoPutumayo,10910.2,11999.58
2023-06-29,17,PT1H,MC-BajoPutumayo,10934.62,11916.86
2023-06-29,18,PT1H,MC-BajoPutumayo,10919.66,11663.04
2023-06-29,19,PT1H,MC-BajoPutumayo,11980.5,12584.73
2023-06-29,20,PT1H,MC-BajoPutumayo,12442.2,12851.01
2023-06-29,21,PT1H,MC-BajoPutumayo,11648.89,12081.33
2023-06-29,22,PT1H,MC-BajoPutumayo,10143.43,10929.24
2023-06-29,23,PT1H,MC-BajoPutumayo,8201.82,9452.85
2023-06-29,24,PT1H,MC-BajoPutumayo,7347.0,8197.13
2025-01-02,1,PT1H,MC-BajoPutumayo,8468.45,7881.3
2025-01-02,2,PT1H,MC-BajoPutumayo,7919.67,7508.6
2025-01-02,3,PT1H,MC-BajoPutumayo,7451.56,7128.9
2025-01-02,4,PT1H,MC-BajoPutumayo,7386.47,7127.1
2025-01-02,5,PT1H,MC-BajoPutumayo,7567.88,7273.7
2025-01-02,6,PT1H,MC-BajoPutumayo,7496.28,7619.1
2025-01-02,7,PT1H,MC-BajoPutumayo,7599.25,8497.4
2025-01-02,8,PT1H,MC-BajoPutumayo,8414.31,9712.6
2025-01-02,9,PT1H,MC-BajoPutumayo,9443.24,10920.2
2025-01-02,10,PT1H,MC-BajoPutumayo,10357.69,11631.9
2025-01-02,11,PT1H,MC-BajoPutumayo,10896.77,12533.6
2025-01-02,12,PT1H,MC-BajoPutumayo,11499.5,12550.3
2025-01-02,13,PT1H,MC-BajoPutumayo,11700.04,12426.0
2025-01-02,14,PT1H,MC-BajoPutumayo,11744.76,12753.6
2025-01-02,15,PT1H,MC-BajoPutumayo,12096.88,12912.3
2025-01-02,16,PT1H,MC-BajoPutumayo,12225.54,12980.1
2025-01-02,17,PT1H,MC-BajoPutumayo,12348.17,12777.2
2025-01-02,18,PT1H,MC-BajoPutumayo,12142.98,13384.0
2025-01-02,19,PT1H,MC-BajoPutumayo,12916.39,14486.0
2025-01-02,20,PT1H,MC-BajoPutumayo,13408.02,13858.3
2025-01-02,21,PT1H,MC-BajoPutumayo,12678.14,12982.6
2025-01-02,22,PT1H,MC-BajoPutumayo,11879.92,11401.5
2025-01-02,23,PT1H,MC-BajoPutumayo,10713.06,10227.4
2025-01-02,24,PT1H,MC-BajoPutumayo,9502.01,9210.4
2024-02-01,1,PT1H,MC-BajoPutumayo,9535.01,8859.51
2024-02-01,2,PT1H,MC-BajoPutumayo,8958.77,8256.56
2024-02-01,3,PT1H,MC-BajoPutumayo,8613.62,7919.87
2024-02-01,4,PT1H,MC-BajoPutumayo,8363.38,7602.47
2024-02-01,5,PT1H,MC-BajoPutumayo,8310.51,7547.33
2024-02-01,6,PT1H,MC-BajoPutumayo,8553.61,7384.26
2024-02-01,7,PT1H,MC-BajoPutumayo,8856.09,7679.04
2024-02-01,8,PT1H,MC-BajoPutumayo,9895.19,8448.85
2024-02-01,9,PT1H,MC-BajoPutumayo,11220.47,9622.18
2024-02-01,10,PT1H,MC-BajoPutumayo,12056.47,10988.26
2024-02-01,11,PT1H,MC-BajoPutumayo,12786.89,12122.77
2024-02-01,12,PT1H,MC-BajoPutumayo,13378.79,12827.45
2024-02-01,13,PT1H,MC-BajoPutumayo,13003.44,12551.6
2024-02-01,14,PT1H,MC-BajoPutumayo,12802.35,12428.13
2024-02-01,15,PT1H,MC-BajoPutumayo,12850.71,12870.01
2024-02-01,16,PT1H,MC-BajoPutumayo,12549.4,12765.92
2024-02-01,17,PT1H,MC-BajoPutumayo,12694.67,12486.7
2024-02-01,18,PT1H,MC-BajoPutumayo,12709.61,12079.48
2024-02-01,19,PT1H,MC-BajoPutumayo,13585.0,12814.39
2024-02-01,20,PT1H,MC-BajoPutumayo,14056.03,13319.78
2024-02-01,21,PT1H,MC-BajoPutumayo,13340.93,12630.34
2024-02-01,22,PT1H,MC-BajoPutumayo,12294.09,11627.58
2024-02-01,23,PT1H,MC-BajoPutumayo,10731.24,10348.35
2024-02-01,24,PT1H,MC-BajoPutumayo,9542.84,9244.78
2022-07-25,1,PT1H,MC-BajoPutumayo,6730.56,6666.14
2022-07-25,2,PT1H,MC-BajoPutumayo,6263.4,6246.95
2022-07-25,3,PT1H,MC-BajoPutumayo,6067.17,5981.12
2022-07-25,4,PT1H,MC-BajoPutumayo,5961.92,5848.21
2022-07-25,5,PT1H,MC-BajoPutumayo,5907.62,5848.21
2022-07-25,6,PT1H,MC-BajoPutumayo,6433.93,6175.38
2022-07-25,7,PT1H,MC-BajoPutumayo,7188.31,6410.54
2022-07-25,8,PT1H,MC-BajoPutumayo,8087.81,7463.63
2022-07-25,9,PT1H,MC-BajoPutumayo,9067.51,8158.87
2022-07-25,10,PT1H,MC-BajoPutumayo,9643.36,9293.75
2022-07-25,11,PT1H,MC-BajoPutumayo,10113.55,9569.8
2022-07-25,12,PT1H,MC-BajoPutumayo,10352.22,10121.9
2022-07-25,13,PT1H,MC-BajoPutumayo,9909.71,10152.57
2022-07-25,14,PT1H,MC-BajoPutumayo,9996.58,9988.99
2022-07-25,15,PT1H,MC-BajoPutumayo,10386.04,9999.21
2022-07-25,16,PT1H,MC-BajoPutumayo,10301.8,9999.14
2022-07-25,17,PT1H,MC-BajoPutumayo,10555.3,10152.57
2022-07-25,18,PT1H,MC-BajoPutumayo,10614.39,10152.57
2022-07-25,19,PT1H,MC-BajoPutumayo,11381.7,11389.7
2022-07-25,20,PT1H,MC-BajoPutumayo,12119.23,12023.59
2022-07-25,21,PT1H,MC-BajoPutumayo,11397.95,11226.11
2022-07-25,22,PT1H,MC-BajoPutumayo,9975.2,10346.83
2022-07-25,23,PT1H,MC-BajoPutumayo,8313.34,8751.87
2022-07-25,24,PT1H,MC-BajoPutumayo,7103.81,7596.54
2023-03-30,1,PT1H,MC-BajoPutumayo,7020.36,7178.3
2023-03-30,2,PT1H,MC-BajoPutumayo,6398.99,6781.67
2023-03-30,3,PT1H,MC-BajoPutumayo,6382.08,6552.28
2023-03-30,4,PT1H,MC-BajoPutumayo,6225.92,6449.79
2023-03-30,5,PT1H,MC-BajoPutumayo,5423.25,6568.83
2023-03-30,6,PT1H,MC-BajoPutumayo,7061.05,7143.14
2023-03-30,7,PT1H,MC-BajoPutumayo,7864.75,7921.66
2023-03-30,8,PT1H,MC-BajoPutumayo,8510.64,8608.66
2023-03-30,9,PT1H,MC-BajoPutumayo,9448.36,9619.95
2023-03-30,10,PT1H,MC-BajoPutumayo,9989.59,10428.65
2023-03-30,11,PT1H,MC-BajoPutumayo,10844.11,10966.07
2023-03-30,12,PT1H,MC-BajoPutumayo,11564.19,11201.27
2023-03-30,13,PT1H,MC-BajoPutumayo,11354.04,10829.56
2023-03-30,14,PT1H,MC-BajoPutumayo,11483.55,10802.21
2023-03-30,15,PT1H,MC-BajoPutumayo,12393.67,11544.95
2023-03-30,16,PT1H,MC-BajoPutumayo,12642.93,11907.19
2023-03-30,17,PT1H,MC-BajoPutumayo,12708.52,12012.01
2023-03-30,18,PT1H,MC-BajoPutumayo,12464.78,11817.16
2023-03-30,19,PT1H,MC-BajoPutumayo,13513.6,12652.23
2023-03-30,20,PT1H,MC-BajoPutumayo,14062.84,13186.54
2023-03-30,21,PT1H,MC-BajoPutumayo,13162.92,12238.76
2023-03-30,22,PT1H,MC-BajoPutumayo,11752.08,10838.23
2023-03-30,23,PT1H,MC-BajoPutumayo,10083.9,9234.64
2023-03-30,24,PT1H,MC-BajoPutumayo,8554.29,8036.24
2024-12-09,1,PT1H,MC-BajoPutumayo,8394.2,8152.8
2024-12-09,2,PT1H,MC-BajoPutumayo,7858.47,7754.1
2024-12-09,3,PT1H,MC-BajoPutumayo,7689.18,7407.4
2024-12-09,4,PT1H,MC-BajoPutumayo,7573.1,7350.3
2024-12-09,5,PT1H,MC-BajoPutumayo,7624.11,7580.1
2024-12-09,6,PT1H,MC-BajoPutumayo,7859.15,8016.9
2024-12-09,7,PT1H,MC-BajoPutumayo,8808.73,8436.3
2024-12-09,8,PT1H,MC-BajoPutumayo,10222.32,9722.4
2024-12-09,9,PT1H,MC-BajoPutumayo,11269.7,10834.4
2024-12-09,10,PT1H,MC-BajoPutumayo,11573.23,11548.3
2024-12-09,11,PT1H,MC-BajoPutumayo,12250.43,12635.3
2024-12-09,12,PT1H,MC-BajoPutumayo,12491.61,13032.4
2024-12-09,13,PT1H,MC-BajoPutumayo,12165.16,12515.9
2024-12-09,14,PT1H,MC-BajoPutumayo,12375.46,12523.7
2024-12-09,15,PT1H,MC-BajoPutumayo,12823.69,12861.4
2024-12-09,16,PT1H,MC-BajoPutumayo,13048.9,13073.2
2024-12-09,17,PT1H,MC-BajoPutumayo,12494.34,12597.9
2024-12-09,18,PT1H,MC-BajoPutumayo,13526.94,13276.3
2024-12-09,19,PT1H,MC-BajoPutumayo,13976.48,14310.6
2024-12-09,20,PT1H,MC-BajoPutumayo,11764.14,13770.8
2024-12-09,21,PT1H,MC-BajoPutumayo,11058.09,12785.7
2024-12-09,22,PT1H,MC-BajoPutumayo,11013.61,11335.7
2024-12-09,23,PT1H,MC-BajoPutumayo,9583.31,9850.1
2024-12-09,24,PT1H,MC-BajoPutumayo,8645.62,8751.4
2024-11-03,1,PT1H,MC-BajoPutumayo,9972.82,8460.6
2024-11-03,2,PT1H,MC-BajoPutumayo,9436.7,7930.4
2024-11-03,3,PT1H,MC-BajoPutumayo,8725.06,7555.2
2024-11-03,4,PT1H,MC-BajoPutumayo,8711.91,7397.3
2024-11-03,5,PT1H,MC-BajoPutumayo,8264.44,7259.4
2024-11-03,6,PT1H,MC-BajoPutumayo,8115.12,7138.4
2024-11-03,7,PT1H,MC-BajoPutumayo,9136.02,7786.3
2024-11-03,8,PT1H,MC-BajoPutumayo,9390.25,8576.7
2024-11-03,9,PT1H,MC-BajoPutumayo,10577.65,9762.5
2024-11-03,10,PT1H,MC-BajoPutumayo,11794.53,10622.6
2024-11-03,11,PT1H,MC-BajoPutumayo,12500.56,11257.1
2024-11-03,12,PT1H,MC-BajoPutumayo,12899.94,11696.5
2024-11-03,13,PT1H,MC-BajoPutumayo,13185.75,11824.5
2024-11-03,14,PT1H,MC-BajoPutumayo,12969.59,11828.2
2024-11-03,15,PT1H,MC-BajoPutumayo,12288.93,11907.2
2024-11-03,16,PT1H,MC-BajoPutumayo,12692.62,11779.0
2024-11-03,17,PT1H,MC-BajoPutumayo,12365.8,11346.1
2024-11-03,18,PT1H,MC-BajoPutumayo,13329.35,11904.3
2024-11-03,19,PT1H,MC-BajoPutumayo,13779.17,13091.2
2024-11-03,20,PT1H,MC-BajoPutumayo,12756.21,12897.4
2024-11-03,21,PT1H,MC-BajoPutumayo,11561.35,12160.5
2024-11-03,22,PT1H,MC-BajoPutumayo,10349.36,10856.4
2024-11-03,23,PT1H,MC-BajoPutumayo,9503.32,9406.6
2024-11-03,24,PT1H,MC-BajoPutumayo,7795.39,8769.1
2024-02-02,1,PT1H,MC-BajoPutumayo,8589.7,8538.92
2024-02-02,2,PT1H,MC-BajoPutumayo,8129.26,8060.07
2024-02-02,3,PT1H,MC-BajoPutumayo,7859.17,7754.24
2024-02-02,4,PT1H,MC-BajoPutumayo,7689.53,7574.82
2024-02-02,5,PT1H,MC-BajoPutumayo,7726.85,7531.06
2024-02-02,6,PT1H,MC-BajoPutumayo,8034.66,7643.28
2024-02-02,7,PT1H,MC-BajoPutumayo,8466.76,7785.59
2024-02-02,8,PT1H,MC-BajoPutumayo,9505.02,8666.89
2024-02-02,9,PT1H,MC-BajoPutumayo,9234.33,8701.35
2024-02-02,10,PT1H,MC-BajoPutumayo,9700.32,9418.84
2024-02-02,11,PT1H,MC-BajoPutumayo,9942.75,10012.43
2024-02-02,12,PT1H,MC-BajoPutumayo,10417.6,10588.86
2024-02-02,13,PT1H,MC-BajoPutumayo,9825.6,10674.29
2024-02-02,14,PT1H,MC-BajoPutumayo,10251.32,10649.92
2024-02-02,15,PT1H,MC-BajoPutumayo,10806.38,10772.95
2024-02-02,16,PT1H,MC-BajoPutumayo,11098.66,10904.85
2024-02-02,17,PT1H,MC-BajoPutumayo,11261.83,12013.54
2024-02-02,18,PT1H,MC-BajoPutumayo,11312.31,11812.63
2024-02-02,19,PT1H,MC-BajoPutumayo,12169.06,12574.86
2024-02-02,20,PT1H,MC-BajoPutumayo,12648.44,13260.53
2024-02-02,21,PT1H,MC-BajoPutumayo,11939.8,12694.5
2024-02-02,22,PT1H,MC-BajoPutumayo,10757.03,11710.98
2024-02-02,23,PT1H,MC-BajoPutumayo,9342.06,10542.85
2024-02-02,24,PT1H,MC-BajoPutumayo,8245.36,9480.32
2025-08-31,1,PT1H,MC-BajoPutumayo,9198.08,7868.4
2025-08-31,2,PT1H,MC-BajoPutumayo,8584.34,7468.0
2025-08-31,3,PT1H,MC-BajoPutumayo,8125.04,7068.3
2025-08-31,4,PT1H,MC-BajoPutumayo,7881.26,6818.8
2025-08-31,5,PT1H,MC-BajoPutumayo,7713.11,6723.7
2025-08-31,6,PT1H,MC-BajoPutumayo,7743.95,6912.5
2025-08-31,7,PT1H,MC-BajoPutumayo,7997.72,7062.2
2025-08-31,8,PT1H,MC-BajoPutumayo,8424.49,7975.6
2025-08-31,9,PT1H,MC-BajoPutumayo,9181.27,9132.2
2025-08-31,10,PT1H,MC-BajoPutumayo,9680.69,10026.5
2025-08-31,11,PT1H,MC-BajoPutumayo,10135.62,10606.5
2025-08-31,12,PT1H,MC-BajoPutumayo,10450.57,11204.3
2025-08-31,13,PT1H,MC-BajoPutumayo,10461.12,11490.1
2025-08-31,14,PT1H,MC-BajoPutumayo,10391.15,11482.4
2025-08-31,15,PT1H,MC-BajoPutumayo,10385.23,11639.0
2025-08-31,16,PT1H,MC-BajoPutumayo,10531.28,11643.5
2025-08-31,17,PT1H,MC-BajoPutumayo,10642.03,11501.7
2025-08-31,18,PT1H,MC-BajoPutumayo,10866.36,11415.8
2025-08-31,19,PT1H,MC-BajoPutumayo,12269.2,12671.6
2025-08-31,20,PT1H,MC-BajoPutumayo,12771.93,13346.3
2025-08-31,21,PT1H,MC-BajoPutumayo,12109.81,12890.9
2025-08-31,22,PT1H,MC-BajoPutumayo,11008.41,11887.9
2025-08-31,23,PT1H,MC-BajoPutumayo,9510.57,10443.1
2025-08-31,24,PT1H,MC-BajoPutumayo,8331.07,9137.3
2022-01-17,1,PT1H,MC-BajoPutumayo,6699.27,6916.17
2022-01-17,2,PT1H,MC-BajoPutumayo,6486.88,6568.27
2022-01-17,3,PT1H,MC-BajoPutumayo,6316.02,6365.34
2022-01-17,4,PT1H,MC-BajoPutumayo,5732.42,6220.15
2022-01-17,5,PT1H,MC-BajoPutumayo,6554.77,6280.48
2022-01-17,6,PT1H,MC-BajoPutumayo,6685.96,6545.48
2022-01-17,7,PT1H,MC-BajoPutumayo,7152.32,6981.28
2022-01-17,8,PT1H,MC-BajoPutumayo,7694.28,7981.37
2022-01-17,9,PT1H,MC-BajoPutumayo,8322.34,8827.79
2022-01-17,10,PT1H,MC-BajoPutumayo,9574.95,9422.9
2022-01-17,11,PT1H,MC-BajoPutumayo,9607.43,9888.86
2022-01-17,12,PT1H,MC-BajoPutumayo,9403.62,10268.67
2022-01-17,13,PT1H,MC-BajoPutumayo,10035.62,10095.7
2022-01-17,14,PT1H,MC-BajoPutumayo,10223.06,9924.02
2022-01-17,15,PT1H,MC-BajoPutumayo,10394.91,10128.47
2022-01-17,16,PT1H,MC-BajoPutumayo,10433.84,10152.99
2022-01-17,17,PT1H,MC-BajoPutumayo,10091.07,10187.28
2022-01-17,18,PT1H,MC-BajoPutumayo,9863.93,10160.15
2022-01-17,19,PT1H,MC-BajoPutumayo,10982.52,11601.03
2022-01-17,20,PT1H,MC-BajoPutumayo,11802.38,12662.1
2022-01-17,21,PT1H,MC-BajoPutumayo,10944.29,12014.91
2022-01-17,22,PT1H,MC-BajoPutumayo,10286.51,10886.34
2022-01-17,23,PT1H,MC-BajoPutumayo,9200.54,9168.32
2022-01-17,24,PT1H,MC-BajoPutumayo,7317.32,7781.91
2025-04-16,1,PT1H,MC-BajoPutumayo,8678.72,8513.0
2025-04-16,2,PT1H,MC-BajoPutumayo,8127.34,7997.7
2025-04-16,3,PT1H,MC-BajoPutumayo,7816.0,7802.0
2025-04-16,4,PT1H,MC-BajoPutumayo,7600.83,7666.0
2025-04-16,5,PT1H,MC-BajoPutumayo,7559.12,7727.3
2025-04-16,6,PT1H,MC-BajoPutumayo,7785.04,8373.1
2025-04-16,7,PT1H,MC-BajoPutumayo,8040.18,9041.1
2025-04-16,8,PT1H,MC-BajoPutumayo,9263.04,9718.3
2025-04-16,9,PT1H,MC-BajoPutumayo,10773.38,11071.2
2025-04-16,10,PT1H,MC-BajoPutumayo,11736.38,11760.2
2025-04-16,11,PT1H,MC-BajoPutumayo,12656.65,12882.6
2025-04-16,12,PT1H,MC-BajoPutumayo,12996.39,13761.1
2025-04-16,13,PT1H,MC-BajoPutumayo,12048.73,13523.3
2025-04-16,14,PT1H,MC-BajoPutumayo,11592.06,13685.3
2025-04-16,15,PT1H,MC-BajoPutumayo,11926.09,14176.5
2025-04-16,16,PT1H,MC-BajoPutumayo,12061.72,14213.9
2025-04-16,17,PT1H,MC-BajoPutumayo,12046.12,14279.3
2025-04-16,18,PT1H,MC-BajoPutumayo,12125.74,14061.9
2025-04-16,19,PT1H,MC-BajoPutumayo,13295.4,15060.0
2025-04-16,20,PT1H,MC-BajoPutumayo,13511.82,15474.6
2025-04-16,21,PT1H,MC-BajoPutumayo,12844.03,14389.9
2025-04-16,22,PT1H,MC-BajoPutumayo,11684.37,12627.0
2025-04-16,23,PT1H,MC-BajoPutumayo,10261.43,10976.1
2025-04-16,24,PT1H,MC-BajoPutumayo,9012.55,9432.7
2023-01-25,1,PT1H,MC-BajoPutumayo,6982.3,7440.85
2023-01-25,2,PT1H,MC-BajoPutumayo,6538.63,7020.97
2023-01-25,3,PT1H,MC-BajoPutumayo,6365.44,6787.69
2023-01-25,4,PT1H,MC-BajoPutumayo,6219.19,6615.66
2023-01-25,5,PT1H,MC-BajoPutumayo,6194.38,6538.84
2023-01-25,6,PT1H,MC-BajoPutumayo,6515.78,6768.67
2023-01-25,7,PT1H,MC-BajoPutumayo,6928.34,7061.67
2023-01-25,8,PT1H,MC-BajoPutumayo,8230.65,8059.94
2023-01-25,9,PT1H,MC-BajoPutumayo,9308.65,9057.75
2023-01-25,10,PT1H,MC-BajoPutumayo,10097.48,9677.75
2023-01-25,11,PT1H,MC-BajoPutumayo,11157.24,10510.86
2023-01-25,12,PT1H,MC-BajoPutumayo,11944.59,10946.8
2023-01-25,13,PT1H,MC-BajoPutumayo,11621.83,10898.36
2023-01-25,14,PT1H,MC-BajoPutumayo,11824.3,10791.8
2023-01-25,15,PT1H,MC-BajoPutumayo,12603.08,10927.42
2023-01-25,16,PT1H,MC-BajoPutumayo,12893.34,10995.24
2023-01-25,17,PT1H,MC-BajoPutumayo,12840.99,11092.11
2023-01-25,18,PT1H,MC-BajoPutumayo,12545.38,10611.61
2023-01-25,19,PT1H,MC-BajoPutumayo,13010.3,11492.75
2023-01-25,20,PT1H,MC-BajoPutumayo,13769.19,12038.64
2023-01-25,21,PT1H,MC-BajoPutumayo,12853.78,11508.23
2023-01-25,22,PT1H,MC-BajoPutumayo,11731.77,10554.78
2023-01-25,23,PT1H,MC-BajoPutumayo,10180.26,9428.14
2023-01-25,24,PT1H,MC-BajoPutumayo,8569.51,8539.28
2022-04-04,1,PT1H,MC-BajoPutumayo,7158.99,7673.72
2022-04-04,2,PT1H,MC-BajoPutumayo,6698.22,7229.18
2022-04-04,3,PT1H,MC-BajoPutumayo,6463.69,6898.0
2022-04-04,4,PT1H,MC-BajoPutumayo,6321.53,6697.93
2022-04-04,5,PT1H,MC-BajoPutumayo,6314.67,6655.2
2022-04-04,6,PT1H,MC-BajoPutumayo,6853.33,6919.44
2022-04-04,7,PT1H,MC-BajoPutumayo,7548.58,7193.35
2022-04-04,8,PT1H,MC-BajoPutumayo,8208.98,8110.25
2022-04-04,9,PT1H,MC-BajoPutumayo,9326.95,9237.46
2022-04-04,10,PT1H,MC-BajoPutumayo,9454.45,10035.34
2022-04-04,11,PT1H,MC-BajoPutumayo,10476.56,10669.79
2022-04-04,12,PT1H,MC-BajoPutumayo,10744.68,10926.98
2022-04-04,13,PT1H,MC-BajoPutumayo,10101.52,10531.27
2022-04-04,14,PT1H,MC-BajoPutumayo,10080.9,10316.65
2022-04-04,15,PT1H,MC-BajoPutumayo,10848.0,10460.32
2022-04-04,16,PT1H,MC-BajoPutumayo,10975.97,10698.83
2022-04-04,17,PT1H,MC-BajoPutumayo,11089.3,10843.74
2022-04-04,18,PT1H,MC-BajoPutumayo,10831.67,10808.77
2022-04-04,19,PT1H,MC-BajoPutumayo,11807.7,12039.24
2022-04-04,20,PT1H,MC-BajoPutumayo,11988.47,12943.84
2022-04-04,21,PT1H,MC-BajoPutumayo,11240.01,12374.31
2022-04-04,22,PT1H,MC-BajoPutumayo,10010.53,11237.85
2022-04-04,23,PT1H,MC-BajoPutumayo,8526.23,9591.8
2022-04-04,24,PT1H,MC-BajoPutumayo,7194.91,8137.95
2022-10-21,1,PT1H,MC-BajoPutumayo,7478.81,6892.98
2022-10-21,2,PT1H,MC-BajoPutumayo,7029.74,6557.3
2022-10-21,3,PT1H,MC-BajoPutumayo,6796.58,6311.27
2022-10-21,4,PT1H,MC-BajoPutumayo,6666.88,6220.47
2022-10-21,5,PT1H,MC-BajoPutumayo,6640.16,6381.5
2022-10-21,6,PT1H,MC-BajoPutumayo,7134.46,7183.32
2022-10-21,7,PT1H,MC-BajoPutumayo,8205.62,8195.41
2022-10-21,8,PT1H,MC-BajoPutumayo,9052.27,8613.03
2022-10-21,9,PT1H,MC-BajoPutumayo,10039.49,9130.53
2022-10-21,10,PT1H,MC-BajoPutumayo,10518.16,9745.8
2022-10-21,11,PT1H,MC-BajoPutumayo,12351.62,10458.94
2022-10-21,12,PT1H,MC-BajoPutumayo,12572.95,11034.64
2022-10-21,13,PT1H,MC-BajoPutumayo,12283.97,10654.42
2022-10-21,14,PT1H,MC-BajoPutumayo,13706.26,10596.89
2022-10-21,15,PT1H,MC-BajoPutumayo,13346.41,11527.02
2022-10-21,16,PT1H,MC-BajoPutumayo,12853.98,11928.85
2022-10-21,17,PT1H,MC-BajoPutumayo,12888.0,11906.54
2022-10-21,18,PT1H,MC-BajoPutumayo,12760.53,11908.53
2022-10-21,19,PT1H,MC-BajoPutumayo,13951.46,13570.46
2022-10-21,20,PT1H,MC-BajoPutumayo,13808.43,14115.76
2022-10-21,21,PT1H,MC-BajoPutumayo,12875.87,13025.6
2022-10-21,22,PT1H,MC-BajoPutumayo,11772.05,11519.59
2022-10-21,23,PT1H,MC-BajoPutumayo,10379.78,9340.05
2022-10-21,24,PT1H,MC-BajoPutumayo,8905.7,7745.83
2022-10-27,1,PT1H,MC-BajoPutumayo,8040.91,7533.95
2022-10-27,2,PT1H,MC-BajoPutumayo,7633.94,7101.39
2022-10-27,3,PT1H,MC-BajoPutumayo,7321.79,6839.95
2022-10-27,4,PT1H,MC-BajoPutumayo,7197.26,6745.78
2022-10-27,5,PT1H,MC-BajoPutumayo,7154.04,6769.9
2022-10-27,6,PT1H,MC-BajoPutumayo,7681.27,7110.67
2022-10-27,7,PT1H,MC-BajoPutumayo,8461.35,7371.13
2022-10-27,8,PT1H,MC-BajoPutumayo,9297.53,8504.25
2022-10-27,9,PT1H,MC-BajoPutumayo,10921.35,9659.96
2022-10-27,10,PT1H,MC-BajoPutumayo,12046.24,10779.67
2022-10-27,11,PT1H,MC-BajoPutumayo,12859.1,11856.11
2022-10-27,12,PT1H,MC-BajoPutumayo,13464.3,12470.89
2022-10-27,13,PT1H,MC-BajoPutumayo,13176.92,12565.92
2022-10-27,14,PT1H,MC-BajoPutumayo,13590.23,12628.05
2022-10-27,15,PT1H,MC-BajoPutumayo,14367.41,12965.84
2022-10-27,16,PT1H,MC-BajoPutumayo,14495.32,12447.48
2022-10-27,17,PT1H,MC-BajoPutumayo,14411.74,12427.39
2022-10-27,18,PT1H,MC-BajoPutumayo,14275.44,12416.39
2022-10-27,19,PT1H,MC-BajoPutumayo,15459.29,13591.4
2022-10-27,20,PT1H,MC-BajoPutumayo,15244.09,13621.48
2022-10-27,21,PT1H,MC-BajoPutumayo,14382.55,12902.64
2022-10-27,22,PT1H,MC-BajoPutumayo,13184.78,11835.06
2022-10-27,23,PT1H,MC-BajoPutumayo,11551.26,10438.31
2022-10-27,24,PT1H,MC-BajoPutumayo,10042.3,9127.36
2025-03-19,1,PT1H,MC-BajoPutumayo,7649.05,7244.2
2025-03-19,2,PT1H,MC-BajoPutumayo,6929.65,6519.9
2025-03-19,3,PT1H,MC-BajoPutumayo,6815.38,6285.0
2025-03-19,4,PT1H,MC-BajoPutumayo,6650.83,6169.4
2025-03-19,5,PT1H,MC-BajoPutumayo,6835.56,6205.5
2025-03-19,6,PT1H,MC-BajoPutumayo,7569.04,6732.8
2025-03-19,7,PT1H,MC-BajoPutumayo,8399.79,7173.0
2025-03-19,8,PT1H,MC-BajoPutumayo,8946.73,7720.5
2025-03-19,9,PT1H,MC-BajoPutumayo,10155.23,8760.9
2025-03-19,10,PT1H,MC-BajoPutumayo,10713.66,10335.5
2025-03-19,11,PT1H,MC-BajoPutumayo,11685.83,11601.3
2025-03-19,12,PT1H,MC-BajoPutumayo,12979.65,11726.3
2025-03-19,13,PT1H,MC-BajoPutumayo,12732.46,11124.1
2025-03-19,14,PT1H,MC-BajoPutumayo,13267.69,11165.6
2025-03-19,15,PT1H,MC-BajoPutumayo,14096.6,12763.6
2025-03-19,16,PT1H,MC-BajoPutumayo,13977.83,12867.9
2025-03-19,17,PT1H,MC-BajoPutumayo,13919.04,12838.1
2025-03-19,18,PT1H,MC-BajoPutumayo,13646.32,12549.3
2025-03-19,19,PT1H,MC-BajoPutumayo,14506.16,13169.5
2025-03-19,20,PT1H,MC-BajoPutumayo,14773.66,13343.6
2025-03-19,21,PT1H,MC-BajoPutumayo,13511.6,12344.2
2025-03-19,22,PT1H,MC-BajoPutumayo,11220.0,11405.7
2025-03-19,23,PT1H,MC-BajoPutumayo,10026.21,9846.8
2025-03-19,24,PT1H,MC-BajoPutumayo,8468.46,8563.5
2024-10-05,1,PT1H,MC-BajoPutumayo,8037.7,7855.6
2024-10-05,2,PT1H,MC-BajoPutumayo,7729.54,7423.4
2024-10-05,3,PT1H,MC-BajoPutumayo,7335.34,7097.9
2024-10-05,4,PT1H,MC-BajoPutumayo,7162.44,6866.5
2024-10-05,5,PT1H,MC-BajoPutumayo,7241.99,6832.6
2024-10-05,6,PT1H,MC-BajoPutumayo,7440.9,6962.0
2024-10-05,7,PT1H,MC-BajoPutumayo,8197.01,7576.4
2024-10-05,8,PT1H,MC-BajoPutumayo,9583.21,8677.3
2024-10-05,9,PT1H,MC-BajoPutumayo,11223.97,9780.9
2024-10-05,10,PT1H,MC-BajoPutumayo,12205.92,10792.8
2024-10-05,11,PT1H,MC-BajoPutumayo,12820.38,11458.2
2024-10-05,12,PT1H,MC-BajoPutumayo,13287.19,11896.3
2024-10-05,13,PT1H,MC-BajoPutumayo,13260.17,11859.2
2024-10-05,14,PT1H,MC-BajoPutumayo,13373.02,11991.8
2024-10-05,15,PT1H,MC-BajoPutumayo,13580.11,12372.9
2024-10-05,16,PT1H,MC-BajoPutumayo,13628.55,12358.3
2024-10-05,17,PT1H,MC-BajoPutumayo,13364.41,12047.7
2024-10-05,18,PT1H,MC-BajoPutumayo,13882.47,12273.3
2024-10-05,19,PT1H,MC-BajoPutumayo,15258.66,13678.4
2024-10-05,20,PT1H,MC-BajoPutumayo,14692.04,13196.0
2024-10-05,21,PT1H,MC-BajoPutumayo,13764.95,12010.0
2024-10-05,22,PT1H,MC-BajoPutumayo,12595.28,11168.9
2024-10-05,23,PT1H,MC-BajoPutumayo,11504.18,10031.4
2024-10-05,24,PT1H,MC-BajoPutumayo,10165.0,9066.3
2025-09-29,1,PT1H,MC-BajoPutumayo,9155.29,8152.9
2025-09-29,2,PT1H,MC-BajoPutumayo,8558.72,7517.2
2025-09-29,3,PT1H,MC-BajoPutumayo,8224.14,7219.5
2025-09-29,4,PT1H,MC-BajoPutumayo,8104.86,7005.4
2025-09-29,5,PT1H,MC-BajoPutumayo,7993.57,7186.0
2025-09-29,6,PT1H,MC-BajoPutumayo,8505.59,7743.1
2025-09-29,7,PT1H,MC-BajoPutumayo,9166.52,8534.0
2025-09-29,8,PT1H,MC-BajoPutumayo,10119.79,9159.9
2025-09-29,9,PT1H,MC-BajoPutumayo,11397.09,10274.6
2025-09-29,10,PT1H,MC-BajoPutumayo,12707.12,10932.3
2025-09-29,11,PT1H,MC-BajoPutumayo,13760.09,11584.5
2025-09-29,12,PT1H,MC-BajoPutumayo,13739.72,12324.3
2025-09-29,13,PT1H,MC-BajoPutumayo,12954.85,12310.9
2025-09-29,14,PT1H,MC-BajoPutumayo,13236.55,12286.4
2025-09-29,15,PT1H,MC-BajoPutumayo,14592.4,13198.9
2025-09-29,16,PT1H,MC-BajoPutumayo,14757.96,13386.2
2025-09-29,17,PT1H,MC-BajoPutumayo,15210.44,13391.0
2025-09-29,18,PT1H,MC-BajoPutumayo,14773.96,13217.3
2025-09-29,19,PT1H,MC-BajoPutumayo,13249.91,14484.5
2025-09-29,20,PT1H,MC-BajoPutumayo,9243.08,14538.7
2025-09-29,21,PT1H,MC-BajoPutumayo,8615.84,13840.2
2025-09-29,22,PT1H,MC-BajoPutumayo,7833.74,12432.4
2025-09-29,23,PT1H,MC-BajoPutumayo,6678.23,10508.3
2025-09-29,24,PT1H,MC-BajoPutumayo,9055.61,9035.1
2023-06-16,1,PT1H,MC-BajoPutumayo,5715.11,7252.36
2023-06-16,2,PT1H,MC-BajoPutumayo,5389.45,6812.27
2023-06-16,3,PT1H,MC-BajoPutumayo,5217.87,6565.75
2023-06-16,4,PT1H,MC-BajoPutumayo,5162.17,6338.49
2023-06-16,5,PT1H,MC-BajoPutumayo,5199.61,6394.64
2023-06-16,6,PT1H,MC-BajoPutumayo,5759.78,6794.54
2023-06-16,7,PT1H,MC-BajoPutumayo,6701.57,7342.54
2023-06-16,8,PT1H,MC-BajoPutumayo,7344.46,8060.81
2023-06-16,9,PT1H,MC-BajoPutumayo,8097.95,9204.57
2023-06-16,10,PT1H,MC-BajoPutumayo,8637.65,9890.51
2023-06-16,11,PT1H,MC-BajoPutumayo,8921.18,10385.01
2023-06-16,12,PT1H,MC-BajoPutumayo,9150.65,10585.5
2023-06-16,13,PT1H,MC-BajoPutumayo,8880.42,10093.29
2023-06-16,14,PT1H,MC-BajoPutumayo,8896.61,10016.43
2023-06-16,15,PT1H,MC-BajoPutumayo,9361.55,10612.64
2023-06-16,16,PT1H,MC-BajoPutumayo,9376.32,10912.78
2023-06-16,17,PT1H,MC-BajoPutumayo,9542.84,10931.07
2023-06-16,18,PT1H,MC-BajoPutumayo,9772.03,10931.7
2023-06-16,19,PT1H,MC-BajoPutumayo,10843.58,12008.84
2023-06-16,20,PT1H,MC-BajoPutumayo,10890.8,12272.25
2023-06-16,21,PT1H,MC-BajoPutumayo,10085.71,11532.76
2023-06-16,22,PT1H,MC-BajoPutumayo,9138.53,10417.91
2023-06-16,23,PT1H,MC-BajoPutumayo,7623.14,9038.38
2023-06-16,24,PT1H,MC-BajoPutumayo,6663.03,7838.25
2022-08-26,1,PT1H,MC-BajoPutumayo,7623.9,6858.03
2022-08-26,2,PT1H,MC-BajoPutumayo,7135.97,6512.31
2022-08-26,3,PT1H,MC-BajoPutumayo,6926.8,6237.21
2022-08-26,4,PT1H,MC-BajoPutumayo,6800.51,5998.23
2022-08-26,5,PT1H,MC-BajoPutumayo,6766.42,6005.41
2022-08-26,6,PT1H,MC-BajoPutumayo,7327.03,6325.2
2022-08-26,7,PT1H,MC-BajoPutumayo,8109.55,7105.58
2022-08-26,8,PT1H,MC-BajoPutumayo,8916.24,8176.33
2022-08-26,9,PT1H,MC-BajoPutumayo,10013.72,9286.22
2022-08-26,10,PT1H,MC-BajoPutumayo,10750.8,10092.07
2022-08-26,11,PT1H,MC-BajoPutumayo,11587.87,10744.39
2022-08-26,12,PT1H,MC-BajoPutumayo,12062.9,11442.1
2022-08-26,13,PT1H,MC-BajoPutumayo,11783.26,11267.26
2022-08-26,14,PT1H,MC-BajoPutumayo,12118.17,11366.14
2022-08-26,15,PT1H,MC-BajoPutumayo,13018.26,11787.13
2022-08-26,16,PT1H,MC-BajoPutumayo,13428.94,11866.32
2022-08-26,17,PT1H,MC-BajoPutumayo,13325.47,11853.35
2022-08-26,18,PT1H,MC-BajoPutumayo,12847.66,11753.09
2022-08-26,19,PT1H,MC-BajoPutumayo,13802.7,12578.39
2022-08-26,20,PT1H,MC-BajoPutumayo,14131.05,13031.56
2022-08-26,21,PT1H,MC-BajoPutumayo,13279.73,12169.44
2022-08-26,22,PT1H,MC-BajoPutumayo,12000.98,11144.07
2022-08-26,23,PT1H,MC-BajoPutumayo,10373.72,9622.69
2022-08-26,24,PT1H,MC-BajoPutumayo,9049.56,8339.58
2023-01-12,1,PT1H,MC-BajoPutumayo,6530.91,7159.82
2023-01-12,2,PT1H,MC-BajoPutumayo,6183.55,6689.73
2023-01-12,3,PT1H,MC-BajoPutumayo,6049.81,6342.13
2023-01-12,4,PT1H,MC-BajoPutumayo,5957.79,6171.78
2023-01-12,5,PT1H,MC-BajoPutumayo,6009.44,6243.58
2023-01-12,6,PT1H,MC-BajoPutumayo,6341.83,6368.34
2023-01-12,7,PT1H,MC-BajoPutumayo,6677.82,6893.24
2023-01-12,8,PT1H,MC-BajoPutumayo,7742.29,8022.13
2023-01-12,9,PT1H,MC-BajoPutumayo,8775.32,9294.43
2023-01-12,10,PT1H,MC-BajoPutumayo,9469.18,9886.8
2023-01-12,11,PT1H,MC-BajoPutumayo,9911.04,10527.61
2023-01-12,12,PT1H,MC-BajoPutumayo,10028.83,11117.25
2023-01-12,13,PT1H,MC-BajoPutumayo,9707.6,10948.72
2023-01-12,14,PT1H,MC-BajoPutumayo,9511.22,11104.97
2023-01-12,15,PT1H,MC-BajoPutumayo,9908.57,11497.04
2023-01-12,16,PT1H,MC-BajoPutumayo,10547.37,11488.23
2023-01-12,17,PT1H,MC-BajoPutumayo,10785.3,11314.17
2023-01-12,18,PT1H,MC-BajoPutumayo,10570.78,11153.64
2023-01-12,19,PT1H,MC-BajoPutumayo,11438.31,12313.45
2023-01-12,20,PT1H,MC-BajoPutumayo,12037.36,12504.07
2023-01-12,21,PT1H,MC-BajoPutumayo,11197.71,11692.19
2023-01-12,22,PT1H,MC-BajoPutumayo,10123.07,10664.1
2023-01-12,23,PT1H,MC-BajoPutumayo,8785.64,9189.49
2023-01-12,24,PT1H,MC-BajoPutumayo,7566.58,8055.6
2023-01-16,1,PT1H,MC-BajoPutumayo,6395.01,6614.82
2023-01-16,2,PT1H,MC-BajoPutumayo,6097.04,6208.41
2023-01-16,3,PT1H,MC-BajoPutumayo,5813.79,5832.34
2023-01-16,4,PT1H,MC-BajoPutumayo,5641.46,5895.47
2023-01-16,5,PT1H,MC-BajoPutumayo,5669.81,5920.85
2023-01-16,6,PT1H,MC-BajoPutumayo,6074.54,6627.85
2023-01-16,7,PT1H,MC-BajoPutumayo,6533.93,7571.19
2023-01-16,8,PT1H,MC-BajoPutumayo,7802.63,8495.88
2023-01-16,9,PT1H,MC-BajoPutumayo,8956.48,9369.79
2023-01-16,10,PT1H,MC-BajoPutumayo,9473.89,10071.63
2023-01-16,11,PT1H,MC-BajoPutumayo,9880.07,10621.59
2023-01-16,12,PT1H,MC-BajoPutumayo,10175.41,11318.03
2023-01-16,13,PT1H,MC-BajoPutumayo,9731.24,11112.46
2023-01-16,14,PT1H,MC-BajoPutumayo,9845.32,10678.88
2023-01-16,15,PT1H,MC-BajoPutumayo,10353.52,10665.17
2023-01-16,16,PT1H,MC-BajoPutumayo,10379.05,10860.85
2023-01-16,17,PT1H,MC-BajoPutumayo,9995.69,10542.73
2023-01-16,18,PT1H,MC-BajoPutumayo,10418.87,10719.76
2023-01-16,19,PT1H,MC-BajoPutumayo,11469.82,12345.39
2023-01-16,20,PT1H,MC-BajoPutumayo,12120.18,13126.29
2023-01-16,21,PT1H,MC-BajoPutumayo,11307.55,12424.24
2023-01-16,22,PT1H,MC-BajoPutumayo,10272.56,10946.22
2023-01-16,23,PT1H,MC-BajoPutumayo,8862.63,9124.69
2023-01-16,24,PT1H,MC-BajoPutumayo,7691.77,7560.18
2024-12-07,1,PT1H,MC-BajoPutumayo,8452.27,8030.8
2024-12-07,2,PT1H,MC-BajoPutumayo,8083.58,7636.6
2024-12-07,3,PT1H,MC-BajoPutumayo,7767.47,7285.1
2024-12-07,4,PT1H,MC-BajoPutumayo,7649.67,7285.9
2024-12-07,5,PT1H,MC-BajoPutumayo,7705.01,7371.6
2024-12-07,6,PT1H,MC-BajoPutumayo,7849.14,7504.4
2024-12-07,7,PT1H,MC-BajoPutumayo,8827.5,8378.8
2024-12-07,8,PT1H,MC-BajoPutumayo,10401.76,9702.9
2024-12-07,9,PT1H,MC-BajoPutumayo,11677.29,10996.0
2024-12-07,10,PT1H,MC-BajoPutumayo,12757.77,11782.8
2024-12-07,11,PT1H,MC-BajoPutumayo,12321.26,12204.7
2024-12-07,12,PT1H,MC-BajoPutumayo,12236.06,12186.1
2024-12-07,13,PT1H,MC-BajoPutumayo,12753.21,11941.1
2024-12-07,14,PT1H,MC-BajoPutumayo,11695.97,12357.3
2024-12-07,15,PT1H,MC-BajoPutumayo,12820.05,12608.3
2024-12-07,16,PT1H,MC-BajoPutumayo,12659.68,12524.4
2024-12-07,17,PT1H,MC-BajoPutumayo,8521.01,12498.4
2024-12-07,18,PT1H,MC-BajoPutumayo,12007.17,13286.9
2024-12-07,19,PT1H,MC-BajoPutumayo,13653.29,14204.2
2024-12-07,20,PT1H,MC-BajoPutumayo,12773.51,13590.2
2024-12-07,21,PT1H,MC-BajoPutumayo,11716.53,12516.2
2024-12-07,22,PT1H,MC-BajoPutumayo,10685.41,11005.3
2024-12-07,23,PT1H,MC-BajoPutumayo,10131.37,9663.3
2024-12-07,24,PT1H,MC-BajoPutumayo,9110.92,8698.7
2023-11-11,21,PT1H,MC-BajoPutumayo,12855.56,11963.92
2023-11-11,22,PT1H,MC-BajoPutumayo,11842.82,11020.2
2023-11-11,23,PT1H,MC-BajoPutumayo,10763.81,9938.95
2023-11-11,24,PT1H,MC-BajoPutumayo,9695.74,8874.13
2023-11-11,1,PT1H,MC-BajoPutumayo,8139.59,8411.08
2023-11-11,2,PT1H,MC-BajoPutumayo,7670.06,7908.4
2023-11-11,3,PT1H,MC-BajoPutumayo,7301.05,7574.54
2023-11-11,4,PT1H,MC-BajoPutumayo,7078.57,7366.32
2023-11-11,5,PT1H,MC-BajoPutumayo,7025.84,7307.26
2023-11-11,6,PT1H,MC-BajoPutumayo,7245.92,7415.93
2023-11-11,7,PT1H,MC-BajoPutumayo,7535.4,7885.01
2023-11-11,8,PT1H,MC-BajoPutumayo,8609.2,9008.87
2023-11-11,9,PT1H,MC-BajoPutumayo,9834.41,10457.43
2023-11-11,10,PT1H,MC-BajoPutumayo,10500.31,11506.96
2023-11-11,11,PT1H,MC-BajoPutumayo,11236.41,12474.68
2023-11-11,12,PT1H,MC-BajoPutumayo,11911.06,12982.97
2023-11-11,13,PT1H,MC-BajoPutumayo,12183.23,12729.71
2023-11-11,14,PT1H,MC-BajoPutumayo,12320.24,12377.33
2023-11-11,15,PT1H,MC-BajoPutumayo,12494.76,12147.35
2023-11-11,16,PT1H,MC-BajoPutumayo,12594.11,11761.92
2023-11-11,17,PT1H,MC-BajoPutumayo,12510.39,11382.03
2023-11-11,18,PT1H,MC-BajoPutumayo,12579.21,11453.93
2023-11-11,19,PT1H,MC-BajoPutumayo,13990.85,12765.44
2023-11-11,20,PT1H,MC-BajoPutumayo,13845.14,12806.89
2024-11-21,1,PT1H,MC-BajoPutumayo,8551.79,7689.9
2024-11-21,2,PT1H,MC-BajoPutumayo,8206.24,7418.3
2024-11-21,3,PT1H,MC-BajoPutumayo,8040.63,7213.8
2024-11-21,4,PT1H,MC-BajoPutumayo,7778.28,7162.1
2024-11-21,5,PT1H,MC-BajoPutumayo,7927.56,7491.3
2024-11-21,6,PT1H,MC-BajoPutumayo,8586.92,7748.6
2024-11-21,7,PT1H,MC-BajoPutumayo,8915.4,8451.1
2024-11-21,8,PT1H,MC-BajoPutumayo,10016.55,9442.8
2024-11-21,9,PT1H,MC-BajoPutumayo,10899.42,10801.7
2024-11-21,10,PT1H,MC-BajoPutumayo,11323.18,11566.9
2024-11-21,11,PT1H,MC-BajoPutumayo,11672.89,12374.3
2024-11-21,12,PT1H,MC-BajoPutumayo,11654.41,12838.2
2024-11-21,13,PT1H,MC-BajoPutumayo,11186.82,12372.1
2024-11-21,14,PT1H,MC-BajoPutumayo,11523.15,12865.9
2024-11-21,15,PT1H,MC-BajoPutumayo,11997.97,13355.1
2024-11-21,16,PT1H,MC-BajoPutumayo,12641.5,13342.6
2024-11-21,17,PT1H,MC-BajoPutumayo,12124.36,13011.7
2024-11-21,18,PT1H,MC-BajoPutumayo,12942.32,13743.3
2024-11-21,19,PT1H,MC-BajoPutumayo,13794.95,14318.8
2024-11-21,20,PT1H,MC-BajoPutumayo,13218.62,13810.8
2024-11-21,21,PT1H,MC-BajoPutumayo,12148.44,12834.4
2024-11-21,22,PT1H,MC-BajoPutumayo,10931.75,11480.7
2024-11-21,23,PT1H,MC-BajoPutumayo,9423.38,10010.4
2024-11-21,24,PT1H,MC-BajoPutumayo,8329.72,8556.7
2025-03-14,1,PT1H,MC-BajoPutumayo,4755.73,7595.3
2025-03-14,2,PT1H,MC-BajoPutumayo,7331.2,7097.1
2025-03-14,3,PT1H,MC-BajoPutumayo,6934.1,6713.5
2025-03-14,4,PT1H,MC-BajoPutumayo,6726.43,6648.4
2025-03-14,5,PT1H,MC-BajoPutumayo,6765.08,6646.8
2025-03-14,6,PT1H,MC-BajoPutumayo,7439.44,7153.5
2025-03-14,7,PT1H,MC-BajoPutumayo,8135.29,7826.7
2025-03-14,8,PT1H,MC-BajoPutumayo,8932.08,8652.4
2025-03-14,9,PT1H,MC-BajoPutumayo,10049.66,9629.1
2025-03-14,10,PT1H,MC-BajoPutumayo,10800.26,9969.2
2025-03-14,11,PT1H,MC-BajoPutumayo,11606.35,10451.8
2025-03-14,12,PT1H,MC-BajoPutumayo,11916.62,10797.9
2025-03-14,13,PT1H,MC-BajoPutumayo,12361.76,10958.4
2025-03-14,14,PT1H,MC-BajoPutumayo,12873.57,11218.7
2025-03-14,15,PT1H,MC-BajoPutumayo,13835.33,12282.8
2025-03-14,16,PT1H,MC-BajoPutumayo,13709.01,12588.8
2025-03-14,17,PT1H,MC-BajoPutumayo,13787.98,12791.9
2025-03-14,18,PT1H,MC-BajoPutumayo,13324.46,12496.3
2025-03-14,19,PT1H,MC-BajoPutumayo,14198.26,12936.9
2025-03-14,20,PT1H,MC-BajoPutumayo,13719.34,13707.4
2025-03-14,21,PT1H,MC-BajoPutumayo,12728.34,12908.0
2025-03-14,22,PT1H,MC-BajoPutumayo,11341.2,11846.8
2025-03-14,23,PT1H,MC-BajoPutumayo,9854.04,10388.2
2025-03-14,24,PT1H,MC-BajoPutumayo,8553.04,9050.4
2025-08-11,1,PT1H,MC-BajoPutumayo,7671.01,8096.1
2025-08-11,2,PT1H,MC-BajoPutumayo,7184.82,7563.6
2025-08-11,3,PT1H,MC-BajoPutumayo,6924.0,7210.5
2025-08-11,4,PT1H,MC-BajoPutumayo,6781.48,7049.2
2025-08-11,5,PT1H,MC-BajoPutumayo,6862.0,6982.7
2025-08-11,6,PT1H,MC-BajoPutumayo,7356.35,7394.3
2025-08-11,7,PT1H,MC-BajoPutumayo,8125.98,7956.6
2025-08-11,8,PT1H,MC-BajoPutumayo,8774.4,8672.0
2025-08-11,9,PT1H,MC-BajoPutumayo,9907.27,9842.6
2025-08-11,10,PT1H,MC-BajoPutumayo,10524.59,10720.7
2025-08-11,11,PT1H,MC-BajoPutumayo,10906.82,11277.3
2025-08-11,12,PT1H,MC-BajoPutumayo,11253.59,11913.6
2025-08-11,13,PT1H,MC-BajoPutumayo,10976.39,11895.3
2025-08-11,14,PT1H,MC-BajoPutumayo,11187.97,11965.8
2025-08-11,15,PT1H,MC-BajoPutumayo,12308.25,12477.7
2025-08-11,16,PT1H,MC-BajoPutumayo,12943.68,12446.6
2025-08-11,17,PT1H,MC-BajoPutumayo,12944.4,12298.2
2025-08-11,18,PT1H,MC-BajoPutumayo,12706.36,12609.0
2025-08-11,19,PT1H,MC-BajoPutumayo,13786.07,13769.7
2025-08-11,20,PT1H,MC-BajoPutumayo,14006.81,14043.4
2025-08-11,21,PT1H,MC-BajoPutumayo,12981.31,13179.0
2025-08-11,22,PT1H,MC-BajoPutumayo,11596.63,11860.7
2025-08-11,23,PT1H,MC-BajoPutumayo,9687.65,10196.4
2025-08-11,24,PT1H,MC-BajoPutumayo,8331.38,8630.6
2023-12-29,1,PT1H,MC-BajoPutumayo,6996.06,8547.19
2023-12-29,2,PT1H,MC-BajoPutumayo,6700.39,7910.63
2023-12-29,3,PT1H,MC-BajoPutumayo,6487.52,7552.85
2023-12-29,4,PT1H,MC-BajoPutumayo,6353.44,7371.76
2023-12-29,5,PT1H,MC-BajoPutumayo,6333.85,7397.8
2023-12-29,6,PT1H,MC-BajoPutumayo,6583.91,7648.4
2023-12-29,7,PT1H,MC-BajoPutumayo,6937.86,8114.26
2023-12-29,8,PT1H,MC-BajoPutumayo,8016.56,9340.9
2023-12-29,9,PT1H,MC-BajoPutumayo,9373.38,10791.92
2023-12-29,10,PT1H,MC-BajoPutumayo,10504.74,11822.63
2023-12-29,11,PT1H,MC-BajoPutumayo,11694.07,12600.49
2023-12-29,12,PT1H,MC-BajoPutumayo,12536.25,13249.22
2023-12-29,13,PT1H,MC-BajoPutumayo,12654.72,12972.35
2023-12-29,14,PT1H,MC-BajoPutumayo,12781.11,12851.86
2023-12-29,15,PT1H,MC-BajoPutumayo,13351.4,13016.58
2023-12-29,16,PT1H,MC-BajoPutumayo,13510.02,13077.38
2023-12-29,17,PT1H,MC-BajoPutumayo,13201.42,13096.7
2023-12-29,18,PT1H,MC-BajoPutumayo,12502.31,13049.72
2023-12-29,19,PT1H,MC-BajoPutumayo,13549.99,14235.54
2023-12-29,20,PT1H,MC-BajoPutumayo,14003.38,14298.98
2023-12-29,21,PT1H,MC-BajoPutumayo,13344.14,13530.36
2023-12-29,22,PT1H,MC-BajoPutumayo,12369.0,12279.02
2023-12-29,23,PT1H,MC-BajoPutumayo,10836.59,10862.58
2023-12-29,24,PT1H,MC-BajoPutumayo,9480.62,9622.22
2022-01-12,1,PT1H,MC-BajoPutumayo,8092.25,7592.52
2022-01-12,2,PT1H,MC-BajoPutumayo,7424.75,7140.17
2022-01-12,3,PT1H,MC-BajoPutumayo,6960.41,6887.96
2022-01-12,4,PT1H,MC-BajoPutumayo,6806.37,6773.7
2022-01-12,5,PT1H,MC-BajoPutumayo,6747.0,6761.11
2022-01-12,6,PT1H,MC-BajoPutumayo,6911.71,7062.68
2022-01-12,7,PT1H,MC-BajoPutumayo,6979.84,7382.02
2022-01-12,8,PT1H,MC-BajoPutumayo,7857.74,8586.81
2022-01-12,9,PT1H,MC-BajoPutumayo,9186.15,9923.14
2022-01-12,10,PT1H,MC-BajoPutumayo,10533.88,10588.22
2022-01-12,11,PT1H,MC-BajoPutumayo,11098.53,11613.36
2022-01-12,12,PT1H,MC-BajoPutumayo,11684.89,12182.69
2022-01-12,13,PT1H,MC-BajoPutumayo,11177.76,11933.19
2022-01-12,14,PT1H,MC-BajoPutumayo,11227.25,12042.76
2022-01-12,15,PT1H,MC-BajoPutumayo,12728.66,12761.15
2022-01-12,16,PT1H,MC-BajoPutumayo,12303.86,12918.59
2022-01-12,17,PT1H,MC-BajoPutumayo,12016.9,12773.24
2022-01-12,18,PT1H,MC-BajoPutumayo,11426.58,12221.43
2022-01-12,19,PT1H,MC-BajoPutumayo,12484.14,12971.65
2022-01-12,20,PT1H,MC-BajoPutumayo,13349.28,13686.09
2022-01-12,21,PT1H,MC-BajoPutumayo,12730.47,12827.04
2022-01-12,22,PT1H,MC-BajoPutumayo,10068.26,11720.22
2022-01-12,23,PT1H,MC-BajoPutumayo,9242.85,10016.18
2022-01-12,24,PT1H,MC-BajoPutumayo,8739.04,8414.07
2023-02-06,1,PT1H,MC-BajoPutumayo,7349.73,7422.62
2023-02-06,2,PT1H,MC-BajoPutumayo,7434.73,6954.76
2023-02-06,3,PT1H,MC-BajoPutumayo,6613.09,6673.15
2023-02-06,4,PT1H,MC-BajoPutumayo,6400.74,6497.27
2023-02-06,5,PT1H,MC-BajoPutumayo,6030.98,6501.27
2023-02-06,6,PT1H,MC-BajoPutumayo,7057.26,6923.21
2023-02-06,7,PT1H,MC-BajoPutumayo,8070.67,7473.48
2023-02-06,8,PT1H,MC-BajoPutumayo,8861.8,8660.43
2023-02-06,9,PT1H,MC-BajoPutumayo,9675.1,9788.05
2023-02-06,10,PT1H,MC-BajoPutumayo,10193.1,10460.99
2023-02-06,11,PT1H,MC-BajoPutumayo,10819.5,10924.84
2023-02-06,12,PT1H,MC-BajoPutumayo,11212.25,11302.52
2023-02-06,13,PT1H,MC-BajoPutumayo,10912.45,10955.93
2023-02-06,14,PT1H,MC-BajoPutumayo,11109.84,10940.15
2023-02-06,15,PT1H,MC-BajoPutumayo,11597.48,11538.69
2023-02-06,16,PT1H,MC-BajoPutumayo,11555.6,11572.83
2023-02-06,17,PT1H,MC-BajoPutumayo,11843.89,11392.47
2023-02-06,18,PT1H,MC-BajoPutumayo,11522.84,11626.04
2023-02-06,19,PT1H,MC-BajoPutumayo,12282.49,12683.49
2023-02-06,20,PT1H,MC-BajoPutumayo,12804.68,13350.08
2023-02-06,21,PT1H,MC-BajoPutumayo,12008.52,12471.34
2023-02-06,22,PT1H,MC-BajoPutumayo,10831.71,11354.56
2023-02-06,23,PT1H,MC-BajoPutumayo,9377.49,9726.59
2023-02-06,24,PT1H,MC-BajoPutumayo,7934.24,8262.03
2022-03-01,1,PT1H,MC-BajoPutumayo,6642.42,7243.02
2022-03-01,2,PT1H,MC-BajoPutumayo,6271.97,6877.93
2022-03-01,3,PT1H,MC-BajoPutumayo,6082.83,6496.1
2022-03-01,4,PT1H,MC-BajoPutumayo,5978.3,6472.02
2022-03-01,5,PT1H,MC-BajoPutumayo,6018.54,6515.65
2022-03-01,6,PT1H,MC-BajoPutumayo,6647.49,6822.53
2022-03-01,7,PT1H,MC-BajoPutumayo,7414.6,7450.64
2022-03-01,8,PT1H,MC-BajoPutumayo,7933.57,8047.37
2022-03-01,9,PT1H,MC-BajoPutumayo,8719.01,9211.7
2022-03-01,10,PT1H,MC-BajoPutumayo,9539.64,9879.39
2022-03-01,11,PT1H,MC-BajoPutumayo,10049.34,10381.08
2022-03-01,12,PT1H,MC-BajoPutumayo,10529.72,10904.6
2022-03-01,13,PT1H,MC-BajoPutumayo,10308.49,10609.84
2022-03-01,14,PT1H,MC-BajoPutumayo,10154.4,10599.24
2022-03-01,15,PT1H,MC-BajoPutumayo,10419.01,10968.28
2022-03-01,16,PT1H,MC-BajoPutumayo,10809.58,11264.82
2022-03-01,17,PT1H,MC-BajoPutumayo,10810.6,11282.07
2022-03-01,18,PT1H,MC-BajoPutumayo,10701.66,12095.41
2022-03-01,19,PT1H,MC-BajoPutumayo,11574.16,12692.63
2022-03-01,20,PT1H,MC-BajoPutumayo,12491.89,13156.62
2022-03-01,21,PT1H,MC-BajoPutumayo,11828.59,12529.57
2022-03-01,22,PT1H,MC-BajoPutumayo,10716.83,11578.46
2022-03-01,23,PT1H,MC-BajoPutumayo,9134.62,10033.14
2022-03-01,24,PT1H,MC-BajoPutumayo,7643.11,8347.89
2025-11-15,1,PT1H,MC-BajoPutumayo,8922.11,7518.5
2025-11-15,2,PT1H,MC-BajoPutumayo,8385.69,7201.2
2025-11-15,3,PT1H,MC-BajoPutumayo,7976.84,7052.0
2025-11-15,4,PT1H,MC-BajoPutumayo,7719.19,6825.3
2025-11-15,5,PT1H,MC-BajoPutumayo,7619.91,6839.3
2025-11-15,6,PT1H,MC-BajoPutumayo,7768.84,7527.8
2025-11-15,7,PT1H,MC-BajoPutumayo,8322.44,8461.5
2025-11-15,8,PT1H,MC-BajoPutumayo,9474.52,9548.8
2025-11-15,9,PT1H,MC-BajoPutumayo,10825.7,10414.6
2025-11-15,10,PT1H,MC-BajoPutumayo,11460.69,11456.5
2025-11-15,11,PT1H,MC-BajoPutumayo,11833.11,11957.7
2025-11-15,12,PT1H,MC-BajoPutumayo,12111.2,12387.6
2025-11-15,13,PT1H,MC-BajoPutumayo,11848.69,11907.3
2025-11-15,14,PT1H,MC-BajoPutumayo,12098.04,12095.0
2025-11-15,15,PT1H,MC-BajoPutumayo,11912.69,12875.4
2025-11-15,16,PT1H,MC-BajoPutumayo,12498.03,13049.8
2025-11-15,17,PT1H,MC-BajoPutumayo,12458.98,12775.2
2025-11-15,18,PT1H,MC-BajoPutumayo,13063.74,12439.3
2025-11-15,19,PT1H,MC-BajoPutumayo,14840.63,14348.1
2025-11-15,20,PT1H,MC-BajoPutumayo,13786.03,14475.4
2025-11-15,21,PT1H,MC-BajoPutumayo,13131.18,13735.4
2025-11-15,22,PT1H,MC-BajoPutumayo,11929.7,12139.2
2025-11-15,23,PT1H,MC-BajoPutumayo,10443.43,10194.7
2025-11-15,24,PT1H,MC-BajoPutumayo,9400.54,8357.2
2022-12-07,1,PT1H,MC-BajoPutumayo,6571.14,7633.52
2022-12-07,2,PT1H,MC-BajoPutumayo,4016.73,7059.85
2022-12-07,3,PT1H,MC-BajoPutumayo,8.67,0.0
2022-12-07,4,PT1H,MC-BajoPutumayo,2684.67,2384.64
2022-12-07,5,PT1H,MC-BajoPutumayo,4447.99,2395.69
2022-12-07,6,PT1H,MC-BajoPutumayo,2903.57,2927.75
2022-12-07,7,PT1H,MC-BajoPutumayo,2840.36,8053.33
2022-12-07,8,PT1H,MC-BajoPutumayo,2947.03,8878.25
2022-12-07,9,PT1H,MC-BajoPutumayo,3259.04,10049.85
2022-12-07,10,PT1H,MC-BajoPutumayo,9746.33,10821.14
2022-12-07,11,PT1H,MC-BajoPutumayo,11643.06,11577.55
2022-12-07,12,PT1H,MC-BajoPutumayo,11550.64,12057.58
2022-12-07,13,PT1H,MC-BajoPutumayo,11110.94,11957.07
2022-12-07,14,PT1H,MC-BajoPutumayo,11095.19,12170.72
2022-12-07,15,PT1H,MC-BajoPutumayo,11670.19,12501.67
2022-12-07,16,PT1H,MC-BajoPutumayo,11619.41,12545.93
2022-12-07,17,PT1H,MC-BajoPutumayo,11771.76,12333.34
2022-12-07,18,PT1H,MC-BajoPutumayo,11742.91,12255.77
2022-12-07,19,PT1H,MC-BajoPutumayo,12662.58,13313.2
2022-12-07,20,PT1H,MC-BajoPutumayo,12560.81,13330.5
2022-12-07,21,PT1H,MC-BajoPutumayo,11410.73,12471.97
2022-12-07,22,PT1H,MC-BajoPutumayo,10371.22,11451.37
2022-12-07,23,PT1H,MC-BajoPutumayo,9293.54,9926.22
2022-12-07,24,PT1H,MC-BajoPutumayo,8141.19,8630.34
2025-02-21,19,PT1H,MC-BajoPutumayo,12634.48,13107.4
2025-02-21,20,PT1H,MC-BajoPutumayo,13267.22,13488.0
2025-02-21,21,PT1H,MC-BajoPutumayo,12442.45,12729.5
2025-02-21,22,PT1H,MC-BajoPutumayo,11240.61,11594.8
2025-02-21,23,PT1H,MC-BajoPutumayo,9705.72,10163.4
2025-02-21,24,PT1H,MC-BajoPutumayo,8447.88,8791.2
2025-02-21,1,PT1H,MC-BajoPutumayo,7801.57,8254.7
2025-02-21,2,PT1H,MC-BajoPutumayo,7231.54,7816.1
2025-02-21,3,PT1H,MC-BajoPutumayo,6784.65,7574.2
2025-02-21,4,PT1H,MC-BajoPutumayo,6865.28,7395.7
2025-02-21,5,PT1H,MC-BajoPutumayo,6930.05,7435.9
2025-02-21,6,PT1H,MC-BajoPutumayo,7439.71,7846.2
2025-02-21,7,PT1H,MC-BajoPutumayo,8104.57,8286.8
2025-02-21,8,PT1H,MC-BajoPutumayo,8948.31,9162.3
2025-02-21,9,PT1H,MC-BajoPutumayo,9998.53,10214.8
2025-02-21,10,PT1H,MC-BajoPutumayo,10630.92,10693.4
2025-02-21,11,PT1H,MC-BajoPutumayo,10953.9,11360.5
2025-02-21,12,PT1H,MC-BajoPutumayo,11095.08,11879.1
2025-02-21,13,PT1H,MC-BajoPutumayo,10354.17,11397.6
2025-02-21,14,PT1H,MC-BajoPutumayo,9828.78,11538.8
2025-02-21,15,PT1H,MC-BajoPutumayo,9725.64,12175.7
2025-02-21,16,PT1H,MC-BajoPutumayo,11182.53,12477.1
2025-02-21,17,PT1H,MC-BajoPutumayo,12303.18,12467.6
2025-02-21,18,PT1H,MC-BajoPutumayo,12092.82,12281.2
2025-11-20,1,PT1H,MC-BajoPutumayo,8121.18,7788.4
2025-11-20,2,PT1H,MC-BajoPutumayo,7684.84,7383.7
2025-11-20,3,PT1H,MC-BajoPutumayo,7409.7,7174.6
2025-11-20,4,PT1H,MC-BajoPutumayo,7244.04,7055.8
2025-11-20,5,PT1H,MC-BajoPutumayo,7288.0,7123.2
2025-11-20,6,PT1H,MC-BajoPutumayo,7842.35,7797.5
2025-11-20,7,PT1H,MC-BajoPutumayo,8630.69,8430.3
2025-11-20,8,PT1H,MC-BajoPutumayo,9757.89,9563.9
2025-11-20,9,PT1H,MC-BajoPutumayo,11378.3,10615.7
2025-11-20,10,PT1H,MC-BajoPutumayo,11970.88,11342.5
2025-11-20,11,PT1H,MC-BajoPutumayo,12813.08,12277.9
2025-11-20,12,PT1H,MC-BajoPutumayo,13281.02,12861.2
2025-11-20,13,PT1H,MC-BajoPutumayo,13032.86,12751.1
2025-11-20,14,PT1H,MC-BajoPutumayo,13461.46,13358.2
2025-11-20,15,PT1H,MC-BajoPutumayo,13905.74,14215.6
2025-11-20,16,PT1H,MC-BajoPutumayo,14323.46,14443.7
2025-11-20,17,PT1H,MC-BajoPutumayo,14283.15,14318.4
2025-11-20,18,PT1H,MC-BajoPutumayo,14027.01,14863.5
2025-11-20,19,PT1H,MC-BajoPutumayo,16062.55,15966.7
2025-11-20,20,PT1H,MC-BajoPutumayo,15844.81,15482.4
2025-11-20,21,PT1H,MC-BajoPutumayo,14996.14,14409.1
2025-11-20,22,PT1H,MC-BajoPutumayo,13503.38,12918.9
2025-11-20,23,PT1H,MC-BajoPutumayo,11514.54,11072.4
2025-11-20,24,PT1H,MC-BajoPutumayo,9947.4,9680.0
2023-01-24,1,PT1H,MC-BajoPutumayo,6691.04,7065.72
2023-01-24,2,PT1H,MC-BajoPutumayo,6315.92,6583.13
2023-01-24,3,PT1H,MC-BajoPutumayo,6151.17,6425.28
2023-01-24,4,PT1H,MC-BajoPutumayo,6044.09,6259.42
2023-01-24,5,PT1H,MC-BajoPutumayo,6028.59,6207.38
2023-01-24,6,PT1H,MC-BajoPutumayo,6387.56,6341.02
2023-01-24,7,PT1H,MC-BajoPutumayo,6927.65,6616.89
2023-01-24,8,PT1H,MC-BajoPutumayo,7920.32,7765.64
2023-01-24,9,PT1H,MC-BajoPutumayo,9088.88,8771.66
2023-01-24,10,PT1H,MC-BajoPutumayo,10106.27,9394.23
2023-01-24,11,PT1H,MC-BajoPutumayo,10660.11,10194.5
2023-01-24,12,PT1H,MC-BajoPutumayo,11329.75,10740.63
2023-01-24,13,PT1H,MC-BajoPutumayo,10873.51,10547.88
2023-01-24,14,PT1H,MC-BajoPutumayo,11157.7,10482.58
2023-01-24,15,PT1H,MC-BajoPutumayo,11846.04,10692.49
2023-01-24,16,PT1H,MC-BajoPutumayo,11982.03,10696.33
2023-01-24,17,PT1H,MC-BajoPutumayo,11899.22,10717.07
2023-01-24,18,PT1H,MC-BajoPutumayo,11505.35,10501.53
2023-01-24,19,PT1H,MC-BajoPutumayo,12272.16,11455.31
2023-01-24,20,PT1H,MC-BajoPutumayo,12780.48,11849.62
2023-01-24,21,PT1H,MC-BajoPutumayo,11948.65,11120.51
2023-01-24,22,PT1H,MC-BajoPutumayo,10848.65,10202.96
2023-01-24,23,PT1H,MC-BajoPutumayo,9284.84,8964.4
2023-01-24,24,PT1H,MC-BajoPutumayo,7817.63,7967.82
2023-03-20,1,PT1H,MC-BajoPutumayo,5272.21,6977.02
2023-03-20,2,PT1H,MC-BajoPutumayo,6339.27,6611.09
2023-03-20,3,PT1H,MC-BajoPutumayo,6400.02,6310.32
2023-03-20,4,PT1H,MC-BajoPutumayo,5884.93,6277.4
2023-03-20,5,PT1H,MC-BajoPutumayo,6193.98,6268.58
2023-03-20,6,PT1H,MC-BajoPutumayo,6401.82,6937.05
2023-03-20,7,PT1H,MC-BajoPutumayo,6818.39,7728.25
2023-03-20,8,PT1H,MC-BajoPutumayo,7851.64,8737.89
2023-03-20,9,PT1H,MC-BajoPutumayo,9165.7,9683.59
2023-03-20,10,PT1H,MC-BajoPutumayo,10220.73,10020.51
2023-03-20,11,PT1H,MC-BajoPutumayo,10501.23,10374.49
2023-03-20,12,PT1H,MC-BajoPutumayo,11402.55,10918.42
2023-03-20,13,PT1H,MC-BajoPutumayo,11819.08,10509.24
2023-03-20,14,PT1H,MC-BajoPutumayo,10773.01,10745.2
2023-03-20,15,PT1H,MC-BajoPutumayo,9172.58,11593.68
2023-03-20,16,PT1H,MC-BajoPutumayo,10320.33,11957.68
2023-03-20,17,PT1H,MC-BajoPutumayo,11720.01,12025.76
2023-03-20,18,PT1H,MC-BajoPutumayo,11594.24,11642.17
2023-03-20,19,PT1H,MC-BajoPutumayo,5245.65,12521.68
2023-03-20,20,PT1H,MC-BajoPutumayo,10413.39,13097.29
2023-03-20,21,PT1H,MC-BajoPutumayo,11837.8,12190.5
2023-03-20,22,PT1H,MC-BajoPutumayo,11025.12,10960.6
2023-03-20,23,PT1H,MC-BajoPutumayo,9431.13,9390.49
2023-03-20,24,PT1H,MC-BajoPutumayo,8233.74,8009.5
2022-06-29,1,PT1H,MC-BajoPutumayo,7349.02,7180.26
2022-06-29,2,PT1H,MC-BajoPutumayo,6901.63,6714.21
2022-06-29,3,PT1H,MC-BajoPutumayo,6648.08,6410.11
2022-06-29,4,PT1H,MC-BajoPutumayo,6494.46,6221.69
2022-06-29,5,PT1H,MC-BajoPutumayo,6436.09,6355.85
2022-06-29,6,PT1H,MC-BajoPutumayo,6799.43,6651.72
2022-06-29,7,PT1H,MC-BajoPutumayo,7236.06,7424.09
2022-06-29,8,PT1H,MC-BajoPutumayo,8326.26,8336.54
2022-06-29,9,PT1H,MC-BajoPutumayo,9479.16,9038.57
2022-06-29,10,PT1H,MC-BajoPutumayo,10309.48,9638.42
2022-06-29,11,PT1H,MC-BajoPutumayo,9965.23,10170.92
2022-06-29,12,PT1H,MC-BajoPutumayo,8436.97,10789.97
2022-06-29,13,PT1H,MC-BajoPutumayo,7628.68,10560.84
2022-06-29,14,PT1H,MC-BajoPutumayo,10534.59,10367.4
2022-06-29,15,PT1H,MC-BajoPutumayo,10481.84,10688.35
2022-06-29,16,PT1H,MC-BajoPutumayo,10471.33,10978.27
2022-06-29,17,PT1H,MC-BajoPutumayo,10395.77,10939.19
2022-06-29,18,PT1H,MC-BajoPutumayo,10349.57,11047.87
2022-06-29,19,PT1H,MC-BajoPutumayo,11180.27,12891.39
2022-06-29,20,PT1H,MC-BajoPutumayo,11662.41,13408.04
2022-06-29,21,PT1H,MC-BajoPutumayo,10983.63,12611.66
2022-06-29,22,PT1H,MC-BajoPutumayo,9841.55,11212.09
2022-06-29,23,PT1H,MC-BajoPutumayo,8216.93,9453.18
2022-06-29,24,PT1H,MC-BajoPutumayo,7072.38,8105.93
2025-10-19,1,PT1H,MC-BajoPutumayo,8882.8,8535.7
2025-10-19,2,PT1H,MC-BajoPutumayo,8311.06,7971.7
2025-10-19,3,PT1H,MC-BajoPutumayo,8004.96,7571.2
2025-10-19,4,PT1H,MC-BajoPutumayo,7817.76,7264.4
2025-10-19,5,PT1H,MC-BajoPutumayo,7812.38,7062.0
2025-10-19,6,PT1H,MC-BajoPutumayo,7842.12,7120.3
2025-10-19,7,PT1H,MC-BajoPutumayo,8320.15,7479.9
2025-10-19,8,PT1H,MC-BajoPutumayo,9447.29,8447.3
2025-10-19,9,PT1H,MC-BajoPutumayo,10943.85,9839.6
2025-10-19,10,PT1H,MC-BajoPutumayo,11750.24,11060.3
2025-10-19,11,PT1H,MC-BajoPutumayo,12492.44,11840.3
2025-10-19,12,PT1H,MC-BajoPutumayo,12788.98,12404.9
2025-10-19,13,PT1H,MC-BajoPutumayo,12736.37,12425.0
2025-10-19,14,PT1H,MC-BajoPutumayo,12367.42,11732.1
2025-10-19,15,PT1H,MC-BajoPutumayo,11326.24,11813.5
2025-10-19,16,PT1H,MC-BajoPutumayo,11287.35,12807.1
2025-10-19,17,PT1H,MC-BajoPutumayo,11506.2,12609.0
2025-10-19,18,PT1H,MC-BajoPutumayo,11758.16,12664.5
2025-10-19,19,PT1H,MC-BajoPutumayo,13431.21,14189.2
2025-10-19,20,PT1H,MC-BajoPutumayo,13449.54,14338.7
2025-10-19,21,PT1H,MC-BajoPutumayo,12619.25,13892.1
2025-10-19,22,PT1H,MC-BajoPutumayo,11234.45,12845.8
2025-10-19,23,PT1H,MC-BajoPutumayo,9745.97,11414.5
2025-10-19,24,PT1H,MC-BajoPutumayo,8507.42,10014.1
2024-11-10,1,PT1H,MC-BajoPutumayo,8758.88,7333.1
2024-11-10,2,PT1H,MC-BajoPutumayo,8440.75,6951.8
2024-11-10,3,PT1H,MC-BajoPutumayo,7959.92,6689.3
2024-11-10,4,PT1H,MC-BajoPutumayo,7784.95,6459.4
2024-11-10,5,PT1H,MC-BajoPutumayo,7747.63,6289.1
2024-11-10,6,PT1H,MC-BajoPutumayo,7513.49,6247.7
2024-11-10,7,PT1H,MC-BajoPutumayo,8170.11,6895.8
2024-11-10,8,PT1H,MC-BajoPutumayo,9261.13,7649.8
2024-11-10,9,PT1H,MC-BajoPutumayo,10127.18,8766.7
2024-11-10,10,PT1H,MC-BajoPutumayo,10626.4,9450.3
2024-11-10,11,PT1H,MC-BajoPutumayo,10747.0,9995.7
2024-11-10,12,PT1H,MC-BajoPutumayo,11063.47,10402.1
2024-11-10,13,PT1H,MC-BajoPutumayo,11239.97,10509.6
2024-11-10,14,PT1H,MC-BajoPutumayo,11588.27,10492.0
2024-11-10,15,PT1H,MC-BajoPutumayo,11354.64,10477.9
2024-11-10,16,PT1H,MC-BajoPutumayo,11203.5,10494.2
2024-11-10,17,PT1H,MC-BajoPutumayo,11304.37,10273.5
2024-11-10,18,PT1H,MC-BajoPutumayo,12406.76,10645.5
2024-11-10,19,PT1H,MC-BajoPutumayo,13161.94,11637.2
2024-11-10,20,PT1H,MC-BajoPutumayo,12772.98,11379.4
2024-11-10,21,PT1H,MC-BajoPutumayo,12135.85,10781.5
2024-11-10,22,PT1H,MC-BajoPutumayo,10724.67,9636.2
2024-11-10,23,PT1H,MC-BajoPutumayo,9550.54,8386.2
2024-11-10,24,PT1H,MC-BajoPutumayo,8722.65,7510.6
2022-10-11,1,PT1H,MC-BajoPutumayo,7958.22,8205.21
2022-10-11,2,PT1H,MC-BajoPutumayo,7502.15,7645.98
2022-10-11,3,PT1H,MC-BajoPutumayo,7257.35,7313.52
2022-10-11,4,PT1H,MC-BajoPutumayo,7098.51,7122.16
2022-10-11,5,PT1H,MC-BajoPutumayo,6612.82,7102.58
2022-10-11,6,PT1H,MC-BajoPutumayo,6568.19,7602.46
2022-10-11,7,PT1H,MC-BajoPutumayo,8196.26,8282.39
2022-10-11,8,PT1H,MC-BajoPutumayo,9327.18,9140.69
2022-10-11,9,PT1H,MC-BajoPutumayo,9729.16,10353.06
2022-10-11,10,PT1H,MC-BajoPutumayo,10877.25,11522.66
2022-10-11,11,PT1H,MC-BajoPutumayo,11499.7,12760.84
2022-10-11,12,PT1H,MC-BajoPutumayo,11881.99,13163.53
2022-10-11,13,PT1H,MC-BajoPutumayo,12030.51,12582.81
2022-10-11,14,PT1H,MC-BajoPutumayo,12724.06,13001.36
2022-10-11,15,PT1H,MC-BajoPutumayo,13614.03,13868.66
2022-10-11,16,PT1H,MC-BajoPutumayo,13372.97,13973.77
2022-10-11,17,PT1H,MC-BajoPutumayo,13342.27,13645.57
2022-10-11,18,PT1H,MC-BajoPutumayo,13075.11,13640.48
2022-10-11,19,PT1H,MC-BajoPutumayo,14585.07,15015.56
2022-10-11,20,PT1H,MC-BajoPutumayo,14600.21,15076.45
2022-10-11,21,PT1H,MC-BajoPutumayo,13688.47,13935.59
2022-10-11,22,PT1H,MC-BajoPutumayo,12513.06,12644.54
2022-10-11,23,PT1H,MC-BajoPutumayo,10904.89,10851.53
2022-10-11,24,PT1H,MC-BajoPutumayo,9448.76,9208.59
2024-06-24,1,PT1H,MC-BajoPutumayo,8120.01,8490.3
2024-06-24,2,PT1H,MC-BajoPutumayo,4807.42,7955.9
2024-06-24,3,PT1H,MC-BajoPutumayo,6163.25,7592.6
2024-06-24,4,PT1H,MC-BajoPutumayo,7767.19,7426.0
2024-06-24,5,PT1H,MC-BajoPutumayo,7449.52,7448.1
2024-06-24,6,PT1H,MC-BajoPutumayo,7947.73,7766.9
2024-06-24,7,PT1H,MC-BajoPutumayo,8471.32,8190.7
2024-06-24,8,PT1H,MC-BajoPutumayo,9708.0,9213.3
2024-06-24,9,PT1H,MC-BajoPutumayo,10944.59,10337.5
2024-06-24,10,PT1H,MC-BajoPutumayo,11874.29,11152.1
2024-06-24,11,PT1H,MC-BajoPutumayo,12802.91,11981.4
2024-06-24,12,PT1H,MC-BajoPutumayo,13274.99,12647.1
2024-06-24,13,PT1H,MC-BajoPutumayo,12671.95,12662.3
2024-06-24,14,PT1H,MC-BajoPutumayo,12515.57,12668.4
2024-06-24,15,PT1H,MC-BajoPutumayo,13082.56,12911.9
2024-06-24,16,PT1H,MC-BajoPutumayo,12788.2,12839.7
2024-06-24,17,PT1H,MC-BajoPutumayo,13500.69,12714.1
2024-06-24,18,PT1H,MC-BajoPutumayo,13410.12,12632.4
2024-06-24,19,PT1H,MC-BajoPutumayo,14535.1,14085.1
2024-06-24,20,PT1H,MC-BajoPutumayo,14404.55,14391.3
2024-06-24,21,PT1H,MC-BajoPutumayo,13520.28,13768.4
2024-06-24,22,PT1H,MC-BajoPutumayo,12225.4,12480.8
2024-06-24,23,PT1H,MC-BajoPutumayo,10425.76,10646.4
2024-06-24,24,PT1H,MC-BajoPutumayo,9029.69,9228.8
2022-05-20,1,PT1H,MC-BajoPutumayo,5642.33,7348.23
2022-05-20,2,PT1H,MC-BajoPutumayo,5459.56,6884.26
2022-05-20,3,PT1H,MC-BajoPutumayo,5340.51,6586.34
2022-05-20,4,PT1H,MC-BajoPutumayo,5223.52,6439.79
2022-05-20,5,PT1H,MC-BajoPutumayo,5152.12,6477.1
2022-05-20,6,PT1H,MC-BajoPutumayo,6304.55,6888.86
2022-05-20,7,PT1H,MC-BajoPutumayo,7053.19,7031.64
2022-05-20,8,PT1H,MC-BajoPutumayo,7727.05,7803.05
2022-05-20,9,PT1H,MC-BajoPutumayo,8692.93,8786.64
2022-05-20,10,PT1H,MC-BajoPutumayo,9141.67,9479.27
2022-05-20,11,PT1H,MC-BajoPutumayo,9254.16,10173.74
2022-05-20,12,PT1H,MC-BajoPutumayo,10418.35,10480.68
2022-05-20,13,PT1H,MC-BajoPutumayo,10390.74,10367.74
2022-05-20,14,PT1H,MC-BajoPutumayo,10821.41,10369.2
2022-05-20,15,PT1H,MC-BajoPutumayo,10686.12,10566.08
2022-05-20,16,PT1H,MC-BajoPutumayo,10810.47,10517.35
2022-05-20,17,PT1H,MC-BajoPutumayo,10906.2,10526.18
2022-05-20,18,PT1H,MC-BajoPutumayo,10844.48,10556.43
2022-05-20,19,PT1H,MC-BajoPutumayo,12129.32,11756.88
2022-05-20,20,PT1H,MC-BajoPutumayo,12339.26,12226.63
2022-05-20,21,PT1H,MC-BajoPutumayo,11767.25,11548.24
2022-05-20,22,PT1H,MC-BajoPutumayo,10743.55,10698.86
2022-05-20,23,PT1H,MC-BajoPutumayo,9213.37,9541.82
2022-05-20,24,PT1H,MC-BajoPutumayo,7634.72,8254.37
2025-12-20,1,PT1H,MC-BajoPutumayo,8610.56,9144.6
2025-12-20,2,PT1H,MC-BajoPutumayo,7777.39,8581.3
2025-12-20,3,PT1H,MC-BajoPutumayo,7472.38,8194.8
2025-12-20,4,PT1H,MC-BajoPutumayo,7240.59,8020.4
2025-12-20,5,PT1H,MC-BajoPutumayo,7298.55,7991.7
2025-12-20,6,PT1H,MC-BajoPutumayo,7377.77,8209.3
2025-12-20,7,PT1H,MC-BajoPutumayo,4368.72,9022.4
2025-12-20,8,PT1H,MC-BajoPutumayo,5202.59,10286.4
2025-12-20,9,PT1H,MC-BajoPutumayo,7075.08,11682.4
2025-12-20,10,PT1H,MC-BajoPutumayo,10563.78,12860.7
2025-12-20,11,PT1H,MC-BajoPutumayo,11482.86,14183.2
2025-12-20,12,PT1H,MC-BajoPutumayo,11912.06,14590.8
2025-12-20,13,PT1H,MC-BajoPutumayo,11610.03,14450.5
2025-12-20,14,PT1H,MC-BajoPutumayo,11527.56,14507.3
2025-12-20,15,PT1H,MC-BajoPutumayo,11935.64,15172.0
2025-12-20,16,PT1H,MC-BajoPutumayo,12066.75,15206.7
2025-12-20,17,PT1H,MC-BajoPutumayo,12142.09,15004.0
2025-12-20,18,PT1H,MC-BajoPutumayo,12447.25,15216.5
2025-12-20,19,PT1H,MC-BajoPutumayo,14309.62,16643.3
2025-12-20,20,PT1H,MC-BajoPutumayo,14164.24,16259.3
2025-12-20,21,PT1H,MC-BajoPutumayo,13558.64,15374.2
2025-12-20,22,PT1H,MC-BajoPutumayo,12366.63,13933.4
2025-12-20,23,PT1H,MC-BajoPutumayo,11043.32,12445.5
2025-12-20,24,PT1H,MC-BajoPutumayo,9960.99,11234.8
2026-02-27,1,PT1H,MC-BajoPutumayo,8938.84,9233.1
2026-02-27,2,PT1H,MC-BajoPutumayo,8276.35,8787.7
2026-02-27,3,PT1H,MC-BajoPutumayo,7894.86,8571.8
2026-02-27,4,PT1H,MC-BajoPutumayo,7768.27,8476.1
2026-02-27,5,PT1H,MC-BajoPutumayo,7795.66,8502.3
2026-02-27,6,PT1H,MC-BajoPutumayo,8321.96,9318.1
2026-02-27,7,PT1H,MC-BajoPutumayo,8821.12,9752.8
2026-02-27,8,PT1H,MC-BajoPutumayo,9767.54,10846.0
2026-02-27,9,PT1H,MC-BajoPutumayo,11012.84,12201.5
2026-02-27,10,PT1H,MC-BajoPutumayo,12290.15,13029.2
2026-02-27,11,PT1H,MC-BajoPutumayo,13351.06,13682.2
2026-02-27,12,PT1H,MC-BajoPutumayo,14206.8,13894.8
2026-02-27,13,PT1H,MC-BajoPutumayo,13959.16,13630.5
2026-02-27,14,PT1H,MC-BajoPutumayo,14114.44,13581.0
2026-02-27,15,PT1H,MC-BajoPutumayo,15202.71,14426.7
2026-02-27,16,PT1H,MC-BajoPutumayo,15611.33,14466.4
2026-02-27,17,PT1H,MC-BajoPutumayo,15631.55,14493.2
2026-02-27,18,PT1H,MC-BajoPutumayo,15343.79,14385.0
2026-02-27,19,PT1H,MC-BajoPutumayo,16292.54,15749.9
2026-02-27,20,PT1H,MC-BajoPutumayo,17096.83,15544.1
2026-02-27,21,PT1H,MC-BajoPutumayo,16196.18,15041.4
2026-02-27,22,PT1H,MC-BajoPutumayo,14746.09,12502.2
2026-02-27,23,PT1H,MC-BajoPutumayo,13039.22,10894.5
2026-02-27,24,PT1H,MC-BajoPutumayo,11491.94,9574.4
2023-08-17,1,PT1H,MC-BajoPutumayo,7635.33,8295.7
2023-08-17,2,PT1H,MC-BajoPutumayo,7200.71,7742.75
2023-08-17,3,PT1H,MC-BajoPutumayo,6773.27,7454.89
2023-08-17,4,PT1H,MC-BajoPutumayo,6702.08,7246.93
2023-08-17,5,PT1H,MC-BajoPutumayo,6313.96,7250.54
2023-08-17,6,PT1H,MC-BajoPutumayo,6794.7,7820.29
2023-08-17,7,PT1H,MC-BajoPutumayo,7765.75,8503.4
2023-08-17,8,PT1H,MC-BajoPutumayo,8800.8,9257.36
2023-08-17,9,PT1H,MC-BajoPutumayo,10334.05,10422.98
2023-08-17,10,PT1H,MC-BajoPutumayo,11092.84,11058.5
2023-08-17,11,PT1H,MC-BajoPutumayo,12176.94,11624.4
2023-08-17,12,PT1H,MC-BajoPutumayo,9688.04,12138.01
2023-08-17,13,PT1H,MC-BajoPutumayo,10515.53,11876.96
2023-08-17,14,PT1H,MC-BajoPutumayo,12550.77,11866.97
2023-08-17,15,PT1H,MC-BajoPutumayo,13432.79,12653.4
2023-08-17,16,PT1H,MC-BajoPutumayo,13335.47,12889.51
2023-08-17,17,PT1H,MC-BajoPutumayo,14053.35,12838.15
2023-08-17,18,PT1H,MC-BajoPutumayo,14240.76,12662.31
2023-08-17,19,PT1H,MC-BajoPutumayo,12750.36,13661.23
2023-08-17,20,PT1H,MC-BajoPutumayo,14577.37,14195.71
2023-08-17,21,PT1H,MC-BajoPutumayo,15333.33,13324.32
2023-08-17,22,PT1H,MC-BajoPutumayo,12957.49,11905.83
2023-08-17,23,PT1H,MC-BajoPutumayo,11137.53,9999.98
2023-08-17,24,PT1H,MC-BajoPutumayo,9606.31,8540.2
2023-02-21,1,PT1H,MC-BajoPutumayo,7912.79,7850.32
2023-02-21,2,PT1H,MC-BajoPutumayo,7488.11,7392.79
2023-02-21,3,PT1H,MC-BajoPutumayo,7263.82,7120.93
2023-02-21,4,PT1H,MC-BajoPutumayo,7147.57,7030.42
2023-02-21,5,PT1H,MC-BajoPutumayo,7156.09,7125.47
2023-02-21,6,PT1H,MC-BajoPutumayo,7781.32,7519.27
2023-02-21,7,PT1H,MC-BajoPutumayo,8459.35,8058.53
2023-02-21,8,PT1H,MC-BajoPutumayo,9248.42,9020.54
2023-02-21,9,PT1H,MC-BajoPutumayo,10088.22,10295.76
2023-02-21,10,PT1H,MC-BajoPutumayo,10620.7,11079.49
2023-02-21,11,PT1H,MC-BajoPutumayo,11092.82,11759.88
2023-02-21,12,PT1H,MC-BajoPutumayo,11155.85,12394.33
2023-02-21,13,PT1H,MC-BajoPutumayo,10307.83,12080.83
2023-02-21,14,PT1H,MC-BajoPutumayo,10126.21,12192.61
2023-02-21,15,PT1H,MC-BajoPutumayo,10616.15,12848.37
2023-02-21,16,PT1H,MC-BajoPutumayo,10800.73,13008.25
2023-02-21,17,PT1H,MC-BajoPutumayo,10918.6,12985.64
2023-02-21,18,PT1H,MC-BajoPutumayo,10873.69,12700.88
2023-02-21,19,PT1H,MC-BajoPutumayo,11830.94,13499.98
2023-02-21,20,PT1H,MC-BajoPutumayo,12250.1,14066.63
2023-02-21,21,PT1H,MC-BajoPutumayo,11380.85,13176.23
2023-02-21,22,PT1H,MC-BajoPutumayo,10182.45,11897.47
2023-02-21,23,PT1H,MC-BajoPutumayo,8780.42,10458.59
2023-02-21,24,PT1H,MC-BajoPutumayo,7574.2,8957.79
2024-10-03,1,PT1H,MC-BajoPutumayo,8175.79,8515.7
2024-10-03,2,PT1H,MC-BajoPutumayo,7994.62,7846.7
2024-10-03,3,PT1H,MC-BajoPutumayo,7491.72,7658.4
2024-10-03,4,PT1H,MC-BajoPutumayo,7411.3,7500.0
2024-10-03,5,PT1H,MC-BajoPutumayo,7376.25,7583.2
2024-10-03,6,PT1H,MC-BajoPutumayo,8409.15,7951.2
2024-10-03,7,PT1H,MC-BajoPutumayo,8604.7,8471.3
2024-10-03,8,PT1H,MC-BajoPutumayo,9376.85,9346.2
2024-10-03,9,PT1H,MC-BajoPutumayo,9991.56,10294.6
2024-10-03,10,PT1H,MC-BajoPutumayo,10918.17,11372.8
2024-10-03,11,PT1H,MC-BajoPutumayo,12269.12,12143.3
2024-10-03,12,PT1H,MC-BajoPutumayo,12589.46,12311.4
2024-10-03,13,PT1H,MC-BajoPutumayo,12653.03,11939.8
2024-10-03,14,PT1H,MC-BajoPutumayo,13518.81,12852.7
2024-10-03,15,PT1H,MC-BajoPutumayo,14380.61,13635.5
2024-10-03,16,PT1H,MC-BajoPutumayo,14408.85,13712.4
2024-10-03,17,PT1H,MC-BajoPutumayo,14015.39,13601.1
2024-10-03,18,PT1H,MC-BajoPutumayo,13755.28,13696.3
2024-10-03,19,PT1H,MC-BajoPutumayo,15569.18,14990.8
2024-10-03,20,PT1H,MC-BajoPutumayo,14757.18,14662.6
2024-10-03,21,PT1H,MC-BajoPutumayo,13821.27,13656.1
2024-10-03,22,PT1H,MC-BajoPutumayo,12239.26,12147.9
2024-10-03,23,PT1H,MC-BajoPutumayo,10503.32,10297.8
2024-10-03,24,PT1H,MC-BajoPutumayo,9251.15,8971.5
2024-07-07,1,PT1H,MC-BajoPutumayo,7451.8,7846.7
2024-07-07,2,PT1H,MC-BajoPutumayo,7029.8,7357.0
2024-07-07,3,PT1H,MC-BajoPutumayo,6765.14,7021.8
2024-07-07,4,PT1H,MC-BajoPutumayo,6539.57,6830.9
2024-07-07,5,PT1H,MC-BajoPutumayo,6441.69,6705.3
2024-07-07,6,PT1H,MC-BajoPutumayo,6494.45,6718.5
2024-07-07,7,PT1H,MC-BajoPutumayo,6762.34,7019.8
2024-07-07,8,PT1H,MC-BajoPutumayo,7689.8,7980.7
2024-07-07,9,PT1H,MC-BajoPutumayo,8417.19,8915.0
2024-07-07,10,PT1H,MC-BajoPutumayo,9084.49,9795.0
2024-07-07,11,PT1H,MC-BajoPutumayo,9418.03,10458.2
2024-07-07,12,PT1H,MC-BajoPutumayo,9752.35,10857.3
2024-07-07,13,PT1H,MC-BajoPutumayo,9771.67,11089.2
2024-07-07,14,PT1H,MC-BajoPutumayo,9527.69,10931.6
2024-07-07,15,PT1H,MC-BajoPutumayo,9439.56,11038.8
2024-07-07,16,PT1H,MC-BajoPutumayo,9235.47,11032.3
2024-07-07,17,PT1H,MC-BajoPutumayo,9621.8,10908.8
2024-07-07,18,PT1H,MC-BajoPutumayo,9494.06,10936.8
2024-07-07,19,PT1H,MC-BajoPutumayo,10848.04,12234.4
2024-07-07,20,PT1H,MC-BajoPutumayo,11255.2,12632.5
2024-07-07,21,PT1H,MC-BajoPutumayo,10504.58,12055.3
2024-07-07,22,PT1H,MC-BajoPutumayo,9602.11,11192.6
2024-07-07,23,PT1H,MC-BajoPutumayo,8484.1,9899.7
2024-07-07,24,PT1H,MC-BajoPutumayo,7398.95,8697.8
2023-05-26,1,PT1H,MC-BajoPutumayo,7639.64,7020.85
2023-05-26,2,PT1H,MC-BajoPutumayo,7167.06,6590.7
2023-05-26,3,PT1H,MC-BajoPutumayo,6888.19,6384.74
2023-05-26,4,PT1H,MC-BajoPutumayo,6667.04,6245.73
2023-05-26,5,PT1H,MC-BajoPutumayo,6658.64,6317.13
2023-05-26,6,PT1H,MC-BajoPutumayo,7167.19,6925.21
2023-05-26,7,PT1H,MC-BajoPutumayo,7859.34,7655.03
2023-05-26,8,PT1H,MC-BajoPutumayo,8733.21,8411.13
2023-05-26,9,PT1H,MC-BajoPutumayo,9695.75,9251.36
2023-05-26,10,PT1H,MC-BajoPutumayo,10453.3,9904.44
2023-05-26,11,PT1H,MC-BajoPutumayo,11040.44,10515.86
2023-05-26,12,PT1H,MC-BajoPutumayo,11159.43,11048.4
2023-05-26,13,PT1H,MC-BajoPutumayo,10341.32,10942.69
2023-05-26,14,PT1H,MC-BajoPutumayo,10037.83,11182.38
2023-05-26,15,PT1H,MC-BajoPutumayo,10224.72,12082.9
2023-05-26,16,PT1H,MC-BajoPutumayo,10438.12,12496.59
2023-05-26,17,PT1H,MC-BajoPutumayo,10750.6,12390.14
2023-05-26,18,PT1H,MC-BajoPutumayo,10903.21,12164.6
2023-05-26,19,PT1H,MC-BajoPutumayo,12194.54,13041.98
2023-05-26,20,PT1H,MC-BajoPutumayo,12563.37,13048.08
2023-05-26,21,PT1H,MC-BajoPutumayo,11819.72,12464.11
2023-05-26,22,PT1H,MC-BajoPutumayo,10553.48,11508.99
2023-05-26,23,PT1H,MC-BajoPutumayo,9107.06,9965.93
2023-05-26,24,PT1H,MC-BajoPutumayo,7863.45,8678.98
2022-12-17,1,PT1H,MC-BajoPutumayo,7824.15,7980.92
2022-12-17,2,PT1H,MC-BajoPutumayo,7327.29,7429.23
2022-12-17,3,PT1H,MC-BajoPutumayo,6910.42,7044.34
2022-12-17,4,PT1H,MC-BajoPutumayo,6769.39,6825.75
2022-12-17,5,PT1H,MC-BajoPutumayo,6758.88,6718.2
2022-12-17,6,PT1H,MC-BajoPutumayo,6892.47,6679.61
2022-12-17,7,PT1H,MC-BajoPutumayo,7220.03,7112.8
2022-12-17,8,PT1H,MC-BajoPutumayo,8362.63,8281.17
2022-12-17,9,PT1H,MC-BajoPutumayo,9927.16,9575.27
2022-12-17,10,PT1H,MC-BajoPutumayo,11122.34,10629.37
2022-12-17,11,PT1H,MC-BajoPutumayo,12043.17,11421.06
2022-12-17,12,PT1H,MC-BajoPutumayo,12785.71,12132.09
2022-12-17,13,PT1H,MC-BajoPutumayo,12201.48,12176.66
2022-12-17,14,PT1H,MC-BajoPutumayo,12073.84,12242.63
2022-12-17,15,PT1H,MC-BajoPutumayo,12962.59,12551.59
2022-12-17,16,PT1H,MC-BajoPutumayo,12634.17,12605.12
2022-12-17,17,PT1H,MC-BajoPutumayo,12721.75,12374.58
2022-12-17,18,PT1H,MC-BajoPutumayo,12592.52,12420.88
2022-12-17,19,PT1H,MC-BajoPutumayo,13858.19,13805.11
2022-12-17,20,PT1H,MC-BajoPutumayo,13997.97,13838.71
2022-12-17,21,PT1H,MC-BajoPutumayo,13231.75,13052.5
2022-12-17,22,PT1H,MC-BajoPutumayo,11937.34,12083.29
2022-12-17,23,PT1H,MC-BajoPutumayo,10471.14,10726.71
2022-12-17,24,PT1H,MC-BajoPutumayo,9240.94,9249.38
2022-09-30,1,PT1H,MC-BajoPutumayo,9073.03,7148.24
2022-09-30,2,PT1H,MC-BajoPutumayo,8418.04,6707.47
2022-09-30,3,PT1H,MC-BajoPutumayo,8081.78,6462.28
2022-09-30,4,PT1H,MC-BajoPutumayo,7891.23,6288.85
2022-09-30,5,PT1H,MC-BajoPutumayo,7840.26,6267.08
2022-09-30,6,PT1H,MC-BajoPutumayo,8269.36,6775.34
2022-09-30,7,PT1H,MC-BajoPutumayo,8897.61,7539.3
2022-09-30,8,PT1H,MC-BajoPutumayo,10058.37,8412.01
2022-09-30,9,PT1H,MC-BajoPutumayo,11228.71,9364.52
2022-09-30,10,PT1H,MC-BajoPutumayo,12768.05,10211.91
2022-09-30,11,PT1H,MC-BajoPutumayo,13412.27,10929.32
2022-09-30,12,PT1H,MC-BajoPutumayo,13659.0,11424.54
2022-09-30,13,PT1H,MC-BajoPutumayo,13304.71,11270.69
2022-09-30,14,PT1H,MC-BajoPutumayo,13475.91,11577.72
2022-09-30,15,PT1H,MC-BajoPutumayo,14288.81,11836.66
2022-09-30,16,PT1H,MC-BajoPutumayo,14029.43,11878.23
2022-09-30,17,PT1H,MC-BajoPutumayo,12681.19,11365.68
2022-09-30,18,PT1H,MC-BajoPutumayo,12364.24,11396.17
2022-09-30,19,PT1H,MC-BajoPutumayo,13316.87,12249.31
2022-09-30,20,PT1H,MC-BajoPutumayo,13416.49,12343.19
2022-09-30,21,PT1H,MC-BajoPutumayo,12478.65,11597.69
2022-09-30,22,PT1H,MC-BajoPutumayo,11436.26,10599.38
2022-09-30,23,PT1H,MC-BajoPutumayo,9563.62,9073.75
2022-09-30,24,PT1H,MC-BajoPutumayo,7605.03,7804.65
2022-06-18,1,PT1H,MC-BajoPutumayo,8131.93,7064.91
2022-06-18,2,PT1H,MC-BajoPutumayo,7535.23,6632.37
2022-06-18,3,PT1H,MC-BajoPutumayo,7195.64,6472.99
2022-06-18,4,PT1H,MC-BajoPutumayo,6887.59,6265.21
2022-06-18,5,PT1H,MC-BajoPutumayo,6735.28,6209.92
2022-06-18,6,PT1H,MC-BajoPutumayo,6844.69,6426.56
2022-06-18,7,PT1H,MC-BajoPutumayo,7155.96,6851.78
2022-06-18,8,PT1H,MC-BajoPutumayo,8267.95,7999.21
2022-06-18,9,PT1H,MC-BajoPutumayo,9324.22,9139.34
2022-06-18,10,PT1H,MC-BajoPutumayo,10068.55,9999.32
2022-06-18,11,PT1H,MC-BajoPutumayo,10362.13,10552.5
2022-06-18,12,PT1H,MC-BajoPutumayo,10395.22,10786.48
2022-06-18,13,PT1H,MC-BajoPutumayo,10083.58,10627.47
2022-06-18,14,PT1H,MC-BajoPutumayo,9688.94,10575.17
2022-06-18,15,PT1H,MC-BajoPutumayo,9590.77,10513.36
2022-06-18,16,PT1H,MC-BajoPutumayo,9198.62,10550.32
2022-06-18,17,PT1H,MC-BajoPutumayo,9953.29,10362.83
2022-06-18,18,PT1H,MC-BajoPutumayo,10046.43,10497.6
2022-06-18,19,PT1H,MC-BajoPutumayo,11037.19,11555.75
2022-06-18,20,PT1H,MC-BajoPutumayo,11357.98,11890.62
2022-06-18,21,PT1H,MC-BajoPutumayo,10571.3,11140.02
2022-06-18,22,PT1H,MC-BajoPutumayo,9481.98,9976.28
2022-06-18,23,PT1H,MC-BajoPutumayo,8126.01,8729.32
2022-06-18,24,PT1H,MC-BajoPutumayo,7070.39,7704.98
2022-04-02,1,PT1H,MC-BajoPutumayo,7095.88,7050.75
2022-04-02,2,PT1H,MC-BajoPutumayo,6648.13,6554.13
2022-04-02,3,PT1H,MC-BajoPutumayo,6332.88,6284.94
2022-04-02,4,PT1H,MC-BajoPutumayo,6181.02,6106.72
2022-04-02,5,PT1H,MC-BajoPutumayo,6096.1,5945.79
2022-04-02,6,PT1H,MC-BajoPutumayo,6377.72,6081.94
2022-04-02,7,PT1H,MC-BajoPutumayo,6835.25,6452.43
2022-04-02,8,PT1H,MC-BajoPutumayo,7804.37,7156.09
2022-04-02,9,PT1H,MC-BajoPutumayo,8977.82,8109.64
2022-04-02,10,PT1H,MC-BajoPutumayo,9639.73,8795.63
2022-04-02,11,PT1H,MC-BajoPutumayo,10065.13,9452.43
2022-04-02,12,PT1H,MC-BajoPutumayo,10145.93,9985.97
2022-04-02,13,PT1H,MC-BajoPutumayo,9933.49,9932.6
2022-04-02,14,PT1H,MC-BajoPutumayo,9789.81,10021.45
2022-04-02,15,PT1H,MC-BajoPutumayo,9838.0,10220.62
2022-04-02,16,PT1H,MC-BajoPutumayo,9980.0,10164.39
2022-04-02,17,PT1H,MC-BajoPutumayo,9999.69,10089.71
2022-04-02,18,PT1H,MC-BajoPutumayo,10078.53,10211.63
2022-04-02,19,PT1H,MC-BajoPutumayo,11279.26,11111.35
2022-04-02,20,PT1H,MC-BajoPutumayo,11859.72,11669.57
2022-04-02,21,PT1H,MC-BajoPutumayo,11182.59,11045.36
2022-04-02,22,PT1H,MC-BajoPutumayo,10255.46,10120.76
2022-04-02,23,PT1H,MC-BajoPutumayo,9070.35,8973.6
2022-04-02,24,PT1H,MC-BajoPutumayo,7993.3,7892.48
2022-01-18,1,PT1H,MC-BajoPutumayo,6207.19,7879.38
2022-01-18,2,PT1H,MC-BajoPutumayo,5848.28,7362.93
2022-01-18,3,PT1H,MC-BajoPutumayo,5686.64,7097.85
2022-01-18,4,PT1H,MC-BajoPutumayo,5601.09,6918.61
2022-01-18,5,PT1H,MC-BajoPutumayo,5796.41,6728.72
2022-01-18,6,PT1H,MC-BajoPutumayo,6134.77,6948.88
2022-01-18,7,PT1H,MC-BajoPutumayo,6414.57,7349.22
2022-01-18,8,PT1H,MC-BajoPutumayo,7218.27,8253.48
2022-01-18,9,PT1H,MC-BajoPutumayo,8385.31,9593.78
2022-01-18,10,PT1H,MC-BajoPutumayo,9055.72,10539.89
2022-01-18,11,PT1H,MC-BajoPutumayo,9303.28,11246.46
2022-01-18,12,PT1H,MC-BajoPutumayo,9692.45,11666.2
2022-01-18,13,PT1H,MC-BajoPutumayo,9146.43,11387.63
2022-01-18,14,PT1H,MC-BajoPutumayo,8889.22,11235.59
2022-01-18,15,PT1H,MC-BajoPutumayo,9060.84,11406.79
2022-01-18,16,PT1H,MC-BajoPutumayo,9586.7,11981.41
2022-01-18,17,PT1H,MC-BajoPutumayo,9769.0,11835.59
2022-01-18,18,PT1H,MC-BajoPutumayo,9517.84,11640.18
2022-01-18,19,PT1H,MC-BajoPutumayo,10644.01,11850.4
2022-01-18,20,PT1H,MC-BajoPutumayo,11235.88,13139.4
2022-01-18,21,PT1H,MC-BajoPutumayo,10488.77,12572.82
2022-01-18,22,PT1H,MC-BajoPutumayo,9601.41,11525.02
2022-01-18,23,PT1H,MC-BajoPutumayo,8334.64,9751.51
2022-01-18,24,PT1H,MC-BajoPutumayo,6640.58,8278.78
2024-12-24,1,PT1H,MC-BajoPutumayo,8659.43,8223.2
2024-12-24,2,PT1H,MC-BajoPutumayo,7791.64,7927.3
2024-12-24,3,PT1H,MC-BajoPutumayo,7238.08,7461.0
2024-12-24,4,PT1H,MC-BajoPutumayo,7095.85,7467.0
2024-12-24,5,PT1H,MC-BajoPutumayo,7194.88,7753.0
2024-12-24,6,PT1H,MC-BajoPutumayo,7304.64,8052.1
2024-12-24,7,PT1H,MC-BajoPutumayo,7600.7,8892.4
2024-12-24,8,PT1H,MC-BajoPutumayo,8422.46,10130.7
2024-12-24,9,PT1H,MC-BajoPutumayo,9683.68,11623.2
2024-12-24,10,PT1H,MC-BajoPutumayo,10420.36,12749.0
2024-12-24,11,PT1H,MC-BajoPutumayo,11019.35,13266.0
2024-12-24,12,PT1H,MC-BajoPutumayo,11781.27,13340.3
2024-12-24,13,PT1H,MC-BajoPutumayo,11943.17,13011.2
2024-12-24,14,PT1H,MC-BajoPutumayo,11847.73,13517.9
2024-12-24,15,PT1H,MC-BajoPutumayo,12324.91,13539.1
2024-12-24,16,PT1H,MC-BajoPutumayo,12533.59,13566.5
2024-12-24,17,PT1H,MC-BajoPutumayo,12552.35,13229.3
2024-12-24,18,PT1H,MC-BajoPutumayo,12717.95,13879.8
2024-12-24,19,PT1H,MC-BajoPutumayo,13981.84,15141.6
2024-12-24,20,PT1H,MC-BajoPutumayo,14460.02,14317.1
2024-12-24,21,PT1H,MC-BajoPutumayo,13749.11,13122.2
2024-12-24,22,PT1H,MC-BajoPutumayo,12501.49,11538.4
2024-12-24,23,PT1H,MC-BajoPutumayo,11262.26,9821.4
2024-12-24,24,PT1H,MC-BajoPutumayo,10365.62,8796.4
2022-08-14,1,PT1H,MC-BajoPutumayo,8210.73,7878.6
2022-08-14,2,PT1H,MC-BajoPutumayo,7682.02,7274.88
2022-08-14,3,PT1H,MC-BajoPutumayo,7309.89,6864.87
2022-08-14,4,PT1H,MC-BajoPutumayo,7097.36,6564.43
2022-08-14,5,PT1H,MC-BajoPutumayo,6906.07,6341.88
2022-08-14,6,PT1H,MC-BajoPutumayo,6915.14,6418.7
2022-08-14,7,PT1H,MC-BajoPutumayo,7041.17,6653.34
2022-08-14,8,PT1H,MC-BajoPutumayo,8012.1,7488.15
2022-08-14,9,PT1H,MC-BajoPutumayo,8949.45,8638.69
2022-08-14,10,PT1H,MC-BajoPutumayo,9887.21,9442.48
2022-08-14,11,PT1H,MC-BajoPutumayo,10540.47,10059.55
2022-08-14,12,PT1H,MC-BajoPutumayo,11206.13,10453.15
2022-08-14,13,PT1H,MC-BajoPutumayo,11100.83,10535.62
2022-08-14,14,PT1H,MC-BajoPutumayo,10521.68,10190.1
2022-08-14,15,PT1H,MC-BajoPutumayo,10076.16,9997.66
2022-08-14,16,PT1H,MC-BajoPutumayo,9600.09,9907.5
2022-08-14,17,PT1H,MC-BajoPutumayo,9452.29,9795.46
2022-08-14,18,PT1H,MC-BajoPutumayo,9450.5,9809.09
2022-08-14,19,PT1H,MC-BajoPutumayo,10463.32,10847.1
2022-08-14,20,PT1H,MC-BajoPutumayo,11000.21,11490.95
2022-08-14,21,PT1H,MC-BajoPutumayo,10555.78,10869.11
2022-08-14,22,PT1H,MC-BajoPutumayo,9678.55,9810.43
2022-08-14,23,PT1H,MC-BajoPutumayo,8428.92,8499.17
2022-08-14,24,PT1H,MC-BajoPutumayo,7533.42,7400.1
2022-07-31,1,PT1H,MC-BajoPutumayo,7990.15,6714.64
2022-07-31,2,PT1H,MC-BajoPutumayo,7377.78,6268.98
2022-07-31,3,PT1H,MC-BajoPutumayo,6905.4,6031.29
2022-07-31,4,PT1H,MC-BajoPutumayo,6598.1,5882.74
2022-07-31,5,PT1H,MC-BajoPutumayo,6379.29,5813.41
2022-07-31,6,PT1H,MC-BajoPutumayo,6446.71,5862.93
2022-07-31,7,PT1H,MC-BajoPutumayo,6646.4,6051.1
2022-07-31,8,PT1H,MC-BajoPutumayo,7675.7,7041.46
2022-07-31,9,PT1H,MC-BajoPutumayo,8927.85,8012.01
2022-07-31,10,PT1H,MC-BajoPutumayo,9798.18,8586.42
2022-07-31,11,PT1H,MC-BajoPutumayo,10444.6,9022.18
2022-07-31,12,PT1H,MC-BajoPutumayo,10772.29,9388.61
2022-07-31,13,PT1H,MC-BajoPutumayo,10576.32,9477.74
2022-07-31,14,PT1H,MC-BajoPutumayo,9767.41,9467.84
2022-07-31,15,PT1H,MC-BajoPutumayo,9491.9,9537.16
2022-07-31,16,PT1H,MC-BajoPutumayo,9397.72,9537.16
2022-07-31,17,PT1H,MC-BajoPutumayo,9435.61,9517.36
2022-07-31,18,PT1H,MC-BajoPutumayo,9570.42,9537.16
2022-07-31,19,PT1H,MC-BajoPutumayo,10674.75,10478.01
2022-07-31,20,PT1H,MC-BajoPutumayo,11237.61,10745.4
2022-07-31,21,PT1H,MC-BajoPutumayo,10661.81,10438.39
2022-07-31,22,PT1H,MC-BajoPutumayo,9690.31,9556.97
2022-07-31,23,PT1H,MC-BajoPutumayo,8406.85,8477.48
2022-07-31,24,PT1H,MC-BajoPutumayo,7329.81,7477.22
2023-10-23,1,PT1H,MC-BajoPutumayo,8364.21,8572.34
2023-10-23,2,PT1H,MC-BajoPutumayo,8000.8,8132.71
2023-10-23,3,PT1H,MC-BajoPutumayo,7592.24,7747.64
2023-10-23,4,PT1H,MC-BajoPutumayo,7271.16,7434.05
2023-10-23,5,PT1H,MC-BajoPutumayo,7357.13,7348.5
2023-10-23,6,PT1H,MC-BajoPutumayo,7643.79,7678.02
2023-10-23,7,PT1H,MC-BajoPutumayo,8438.38,8363.84
2023-10-23,8,PT1H,MC-BajoPutumayo,9364.23,9400.45
2023-10-23,9,PT1H,MC-BajoPutumayo,10421.07,10899.36
2023-10-23,10,PT1H,MC-BajoPutumayo,11165.48,11870.2
2023-10-23,11,PT1H,MC-BajoPutumayo,12357.1,12596.13
2023-10-23,12,PT1H,MC-BajoPutumayo,13226.41,13182.6
2023-10-23,13,PT1H,MC-BajoPutumayo,12935.08,12652.37
2023-10-23,14,PT1H,MC-BajoPutumayo,13323.97,12654.84
2023-10-23,15,PT1H,MC-BajoPutumayo,14520.68,13269.02
2023-10-23,16,PT1H,MC-BajoPutumayo,14530.73,13294.68
2023-10-23,17,PT1H,MC-BajoPutumayo,14492.05,13227.69
2023-10-23,18,PT1H,MC-BajoPutumayo,13986.3,13154.18
2023-10-23,19,PT1H,MC-BajoPutumayo,15321.54,14261.9
2023-10-23,20,PT1H,MC-BajoPutumayo,15148.19,14235.35
2023-10-23,21,PT1H,MC-BajoPutumayo,14327.66,13263.87
2023-10-23,22,PT1H,MC-BajoPutumayo,13076.67,11979.75
2023-10-23,23,PT1H,MC-BajoPutumayo,11210.32,10349.25
2023-10-23,24,PT1H,MC-BajoPutumayo,9771.68,9083.56
2024-05-21,1,PT1H,MC-BajoPutumayo,6983.93,8178.95
2024-05-21,2,PT1H,MC-BajoPutumayo,6709.52,7726.68
2024-05-21,3,PT1H,MC-BajoPutumayo,6487.65,7431.92
2024-05-21,4,PT1H,MC-BajoPutumayo,6404.42,7214.91
2024-05-21,5,PT1H,MC-BajoPutumayo,6511.7,7250.7
2024-05-21,6,PT1H,MC-BajoPutumayo,7231.96,7829.14
2024-05-21,7,PT1H,MC-BajoPutumayo,7996.72,8341.53
2024-05-21,8,PT1H,MC-BajoPutumayo,8755.21,9042.54
2024-05-21,9,PT1H,MC-BajoPutumayo,9639.52,10131.55
2024-05-21,10,PT1H,MC-BajoPutumayo,10291.84,10928.9
2024-05-21,11,PT1H,MC-BajoPutumayo,11047.24,11573.92
2024-05-21,12,PT1H,MC-BajoPutumayo,11550.28,12108.99
2024-05-21,13,PT1H,MC-BajoPutumayo,11241.77,11954.09
2024-05-21,14,PT1H,MC-BajoPutumayo,11638.66,12479.3
2024-05-21,15,PT1H,MC-BajoPutumayo,12510.91,13465.24
2024-05-21,16,PT1H,MC-BajoPutumayo,12732.88,13530.2
2024-05-21,17,PT1H,MC-BajoPutumayo,12760.43,13483.48
2024-05-21,18,PT1H,MC-BajoPutumayo,12585.29,13292.2
2024-05-21,19,PT1H,MC-BajoPutumayo,13765.2,14318.6
2024-05-21,20,PT1H,MC-BajoPutumayo,13776.64,14392.27
2024-05-21,21,PT1H,MC-BajoPutumayo,13284.3,13643.7
2024-05-21,22,PT1H,MC-BajoPutumayo,12182.83,12469.84
2024-05-21,23,PT1H,MC-BajoPutumayo,10409.73,10784.37
2024-05-21,24,PT1H,MC-BajoPutumayo,9019.97,9421.06
2022-10-06,1,PT1H,MC-BajoPutumayo,8912.13,7755.13
2022-10-06,2,PT1H,MC-BajoPutumayo,8384.03,7325.59
2022-10-06,3,PT1H,MC-BajoPutumayo,8077.25,7047.98
2022-10-06,4,PT1H,MC-BajoPutumayo,7957.79,6920.81
2022-10-06,5,PT1H,MC-BajoPutumayo,7815.94,6987.17
2022-10-06,6,PT1H,MC-BajoPutumayo,8398.49,7657.03
2022-10-06,7,PT1H,MC-BajoPutumayo,8848.55,8449.05
2022-10-06,8,PT1H,MC-BajoPutumayo,9911.61,9356.61
2022-10-06,9,PT1H,MC-BajoPutumayo,11357.21,10641.79
2022-10-06,10,PT1H,MC-BajoPutumayo,12524.95,11526.33
2022-10-06,11,PT1H,MC-BajoPutumayo,13480.03,12471.41
2022-10-06,12,PT1H,MC-BajoPutumayo,14077.31,13107.34
2022-10-06,13,PT1H,MC-BajoPutumayo,14803.44,12963.4
2022-10-06,14,PT1H,MC-BajoPutumayo,14912.04,13259.66
2022-10-06,15,PT1H,MC-BajoPutumayo,14072.82,13938.29
2022-10-06,16,PT1H,MC-BajoPutumayo,12557.89,13953.69
2022-10-06,17,PT1H,MC-BajoPutumayo,12270.89,13887.31
2022-10-06,18,PT1H,MC-BajoPutumayo,12923.96,13788.59
2022-10-06,19,PT1H,MC-BajoPutumayo,14193.68,15154.09
2022-10-06,20,PT1H,MC-BajoPutumayo,14219.5,15413.15
2022-10-06,21,PT1H,MC-BajoPutumayo,13756.44,14503.06
2022-10-06,22,PT1H,MC-BajoPutumayo,12465.16,13053.22
2022-10-06,23,PT1H,MC-BajoPutumayo,11041.36,11165.23
2022-10-06,24,PT1H,MC-BajoPutumayo,9801.67,9449.2
2023-07-27,1,PT1H,MC-BajoPutumayo,8001.98,7172.0
2023-07-27,2,PT1H,MC-BajoPutumayo,7473.63,6677.75
2023-07-27,3,PT1H,MC-BajoPutumayo,7184.67,6460.39
2023-07-27,4,PT1H,MC-BajoPutumayo,6988.47,6324.07
2023-07-27,5,PT1H,MC-BajoPutumayo,6980.45,6371.1
2023-07-27,6,PT1H,MC-BajoPutumayo,7568.06,6731.24
2023-07-27,7,PT1H,MC-BajoPutumayo,8147.52,7232.1
2023-07-27,8,PT1H,MC-BajoPutumayo,8862.94,8351.49
2023-07-27,9,PT1H,MC-BajoPutumayo,10129.32,9579.6
2023-07-27,10,PT1H,MC-BajoPutumayo,11017.3,10243.65
2023-07-27,11,PT1H,MC-BajoPutumayo,11840.19,10685.27
2023-07-27,12,PT1H,MC-BajoPutumayo,12603.26,11301.03
2023-07-27,13,PT1H,MC-BajoPutumayo,12200.33,10984.44
2023-07-27,14,PT1H,MC-BajoPutumayo,11862.9,11242.01
2023-07-27,15,PT1H,MC-BajoPutumayo,12590.51,11979.38
2023-07-27,16,PT1H,MC-BajoPutumayo,12984.94,12008.52
2023-07-27,17,PT1H,MC-BajoPutumayo,13057.97,11889.62
2023-07-27,18,PT1H,MC-BajoPutumayo,12850.8,11571.31
2023-07-27,19,PT1H,MC-BajoPutumayo,13859.75,12417.33
2023-07-27,20,PT1H,MC-BajoPutumayo,14196.49,12566.74
2023-07-27,21,PT1H,MC-BajoPutumayo,13343.27,11620.22
2023-07-27,22,PT1H,MC-BajoPutumayo,11560.69,10381.76
2023-07-27,23,PT1H,MC-BajoPutumayo,9394.79,8778.74
2023-07-27,24,PT1H,MC-BajoPutumayo,7917.35,7666.88
2023-01-17,1,PT1H,MC-BajoPutumayo,6622.8,7045.78
2023-01-17,2,PT1H,MC-BajoPutumayo,6242.5,6682.99
2023-01-17,3,PT1H,MC-BajoPutumayo,6045.29,6408.68
2023-01-17,4,PT1H,MC-BajoPutumayo,5955.57,6212.15
2023-01-17,5,PT1H,MC-BajoPutumayo,6014.91,6257.1
2023-01-17,6,PT1H,MC-BajoPutumayo,6412.77,6677.17
2023-01-17,7,PT1H,MC-BajoPutumayo,6969.73,7312.87
2023-01-17,8,PT1H,MC-BajoPutumayo,8033.56,8344.66
2023-01-17,9,PT1H,MC-BajoPutumayo,8943.5,9545.73
2023-01-17,10,PT1H,MC-BajoPutumayo,9480.59,10548.41
2023-01-17,11,PT1H,MC-BajoPutumayo,9954.15,11265.61
2023-01-17,12,PT1H,MC-BajoPutumayo,10190.04,11677.77
2023-01-17,13,PT1H,MC-BajoPutumayo,9823.96,11175.5
2023-01-17,14,PT1H,MC-BajoPutumayo,9265.37,11558.78
2023-01-17,15,PT1H,MC-BajoPutumayo,9507.07,12019.37
2023-01-17,16,PT1H,MC-BajoPutumayo,9802.03,11870.81
2023-01-17,17,PT1H,MC-BajoPutumayo,10074.85,11358.75
2023-01-17,18,PT1H,MC-BajoPutumayo,10227.37,11555.05
2023-01-17,19,PT1H,MC-BajoPutumayo,11139.98,12640.17
2023-01-17,20,PT1H,MC-BajoPutumayo,11671.07,12584.98
2023-01-17,21,PT1H,MC-BajoPutumayo,10921.46,11939.5
2023-01-17,22,PT1H,MC-BajoPutumayo,9897.33,10792.45
2023-01-17,23,PT1H,MC-BajoPutumayo,8477.42,9301.46
2023-01-17,24,PT1H,MC-BajoPutumayo,7268.07,8078.27
2025-08-17,1,PT1H,MC-BajoPutumayo,7775.69,7642.1
2025-08-17,2,PT1H,MC-BajoPutumayo,7559.76,7166.2
2025-08-17,3,PT1H,MC-BajoPutumayo,7052.3,6877.6
2025-08-17,4,PT1H,MC-BajoPutumayo,6758.83,6692.2
2025-08-17,5,PT1H,MC-BajoPutumayo,6651.59,6673.2
2025-08-17,6,PT1H,MC-BajoPutumayo,6915.3,6829.6
2025-08-17,7,PT1H,MC-BajoPutumayo,6901.0,7237.9
2025-08-17,8,PT1H,MC-BajoPutumayo,7766.33,8031.1
2025-08-17,9,PT1H,MC-BajoPutumayo,8968.65,9203.0
2025-08-17,10,PT1H,MC-BajoPutumayo,10020.07,10094.3
2025-08-17,11,PT1H,MC-BajoPutumayo,10694.22,10712.1
2025-08-17,12,PT1H,MC-BajoPutumayo,11470.09,11305.4
2025-08-17,13,PT1H,MC-BajoPutumayo,11817.41,11629.2
2025-08-17,14,PT1H,MC-BajoPutumayo,11808.52,11629.6
2025-08-17,15,PT1H,MC-BajoPutumayo,12035.71,11675.9
2025-08-17,16,PT1H,MC-BajoPutumayo,11788.61,11541.1
2025-08-17,17,PT1H,MC-BajoPutumayo,11547.12,11282.3
2025-08-17,18,PT1H,MC-BajoPutumayo,11517.63,11374.2
2025-08-17,19,PT1H,MC-BajoPutumayo,12598.42,12561.2
2025-08-17,20,PT1H,MC-BajoPutumayo,13283.18,13225.7
2025-08-17,21,PT1H,MC-BajoPutumayo,13042.3,12641.8
2025-08-17,22,PT1H,MC-BajoPutumayo,12135.19,11557.4
2025-08-17,23,PT1H,MC-BajoPutumayo,10864.22,10076.7
2025-08-17,24,PT1H,MC-BajoPutumayo,9706.02,8797.7
2025-01-24,1,PT1H,MC-BajoPutumayo,9571.11,8913.4
2025-01-24,2,PT1H,MC-BajoPutumayo,9076.6,8177.5
2025-01-24,3,PT1H,MC-BajoPutumayo,8768.9,7891.4
2025-01-24,4,PT1H,MC-BajoPutumayo,8405.96,7805.4
2025-01-24,5,PT1H,MC-BajoPutumayo,8402.17,7666.0
2025-01-24,6,PT1H,MC-BajoPutumayo,8566.29,7719.0
2025-01-24,7,PT1H,MC-BajoPutumayo,8904.09,8093.4
2025-01-24,8,PT1H,MC-BajoPutumayo,10232.98,9103.9
2025-01-24,9,PT1H,MC-BajoPutumayo,11547.8,10377.9
2025-01-24,10,PT1H,MC-BajoPutumayo,12065.44,10905.7
2025-01-24,11,PT1H,MC-BajoPutumayo,12653.49,11368.1
2025-01-24,12,PT1H,MC-BajoPutumayo,13033.54,11855.6
2025-01-24,13,PT1H,MC-BajoPutumayo,12569.35,11575.2
2025-01-24,14,PT1H,MC-BajoPutumayo,12568.7,11380.1
2025-01-24,15,PT1H,MC-BajoPutumayo,13181.49,11733.5
2025-01-24,16,PT1H,MC-BajoPutumayo,13544.61,11817.7
2025-01-24,17,PT1H,MC-BajoPutumayo,13533.13,11786.5
2025-01-24,18,PT1H,MC-BajoPutumayo,13372.48,11840.0
2025-01-24,19,PT1H,MC-BajoPutumayo,14335.06,12973.2
2025-01-24,20,PT1H,MC-BajoPutumayo,14801.73,13354.4
2025-01-24,21,PT1H,MC-BajoPutumayo,14065.75,12620.3
2025-01-24,22,PT1H,MC-BajoPutumayo,12943.61,11459.8
2025-01-24,23,PT1H,MC-BajoPutumayo,11362.72,10214.7
2025-01-24,24,PT1H,MC-BajoPutumayo,9736.3,9043.4
2025-04-27,1,PT1H,MC-BajoPutumayo,9818.33,8748.0
2025-04-27,2,PT1H,MC-BajoPutumayo,9159.79,8222.9
2025-04-27,3,PT1H,MC-BajoPutumayo,8589.54,7642.9
2025-04-27,4,PT1H,MC-BajoPutumayo,8262.12,7344.0
2025-04-27,5,PT1H,MC-BajoPutumayo,8074.15,7165.6
2025-04-27,6,PT1H,MC-BajoPutumayo,8128.07,7246.6
2025-04-27,7,PT1H,MC-BajoPutumayo,8199.88,7405.1
2025-04-27,8,PT1H,MC-BajoPutumayo,8908.62,8220.2
2025-04-27,9,PT1H,MC-BajoPutumayo,10102.64,9207.3
2025-04-27,10,PT1H,MC-BajoPutumayo,11003.68,9846.8
2025-04-27,11,PT1H,MC-BajoPutumayo,11453.71,10293.6
2025-04-27,12,PT1H,MC-BajoPutumayo,11534.87,10828.3
2025-04-27,13,PT1H,MC-BajoPutumayo,11446.01,10933.9
2025-04-27,14,PT1H,MC-BajoPutumayo,11211.15,10745.1
2025-04-27,15,PT1H,MC-BajoPutumayo,11073.44,10741.7
2025-04-27,16,PT1H,MC-BajoPutumayo,11040.53,10912.4
2025-04-27,17,PT1H,MC-BajoPutumayo,11088.64,10955.3
2025-04-27,18,PT1H,MC-BajoPutumayo,11143.74,11053.5
2025-04-27,19,PT1H,MC-BajoPutumayo,12694.16,12342.0
2025-04-27,20,PT1H,MC-BajoPutumayo,13182.13,12921.7
2025-04-27,21,PT1H,MC-BajoPutumayo,12662.6,12325.6
2025-04-27,22,PT1H,MC-BajoPutumayo,11608.67,11319.3
2025-04-27,23,PT1H,MC-BajoPutumayo,10181.99,9923.6
2025-04-27,24,PT1H,MC-BajoPutumayo,9033.56,8679.8
2022-02-04,1,PT1H,MC-BajoPutumayo,7224.18,7836.19
2022-02-04,2,PT1H,MC-BajoPutumayo,6714.7,7191.78
2022-02-04,3,PT1H,MC-BajoPutumayo,6513.85,6839.78
2022-02-04,4,PT1H,MC-BajoPutumayo,6430.87,6743.37
2022-02-04,5,PT1H,MC-BajoPutumayo,6010.73,6557.45
2022-02-04,6,PT1H,MC-BajoPutumayo,6230.86,6749.89
2022-02-04,7,PT1H,MC-BajoPutumayo,7471.85,7064.04
2022-02-04,8,PT1H,MC-BajoPutumayo,8186.16,8005.48
2022-02-04,9,PT1H,MC-BajoPutumayo,9048.47,9289.08
2022-02-04,10,PT1H,MC-BajoPutumayo,9238.86,10269.15
2022-02-04,11,PT1H,MC-BajoPutumayo,10100.37,10918.62
2022-02-04,12,PT1H,MC-BajoPutumayo,10844.12,11326.01
2022-02-04,13,PT1H,MC-BajoPutumayo,10374.01,11486.62
2022-02-04,14,PT1H,MC-BajoPutumayo,10182.88,11189.91
2022-02-04,15,PT1H,MC-BajoPutumayo,10767.88,11145.61
2022-02-04,16,PT1H,MC-BajoPutumayo,11106.78,11203.55
2022-02-04,17,PT1H,MC-BajoPutumayo,11107.72,11154.27
2022-02-04,18,PT1H,MC-BajoPutumayo,10943.32,10761.41
2022-02-04,19,PT1H,MC-BajoPutumayo,11834.43,11923.01
2022-02-04,20,PT1H,MC-BajoPutumayo,12815.04,12741.43
2022-02-04,21,PT1H,MC-BajoPutumayo,12114.36,12152.37
2022-02-04,22,PT1H,MC-BajoPutumayo,11090.51,11184.33
2022-02-04,23,PT1H,MC-BajoPutumayo,9589.44,9805.02
2022-02-04,24,PT1H,MC-BajoPutumayo,8174.76,8320.51
2022-01-05,1,PT1H,MC-BajoPutumayo,7873.88,7867.33
2022-01-05,2,PT1H,MC-BajoPutumayo,7425.94,7405.71
2022-01-05,3,PT1H,MC-BajoPutumayo,7102.51,7197.63
2022-01-05,4,PT1H,MC-BajoPutumayo,6934.2,7036.37
2022-01-05,5,PT1H,MC-BajoPutumayo,6967.59,7153.58
2022-01-05,6,PT1H,MC-BajoPutumayo,7001.2,7239.05
2022-01-05,7,PT1H,MC-BajoPutumayo,7228.82,7429.22
2022-01-05,8,PT1H,MC-BajoPutumayo,7892.77,8547.71
2022-01-05,9,PT1H,MC-BajoPutumayo,9072.75,9471.76
2022-01-05,10,PT1H,MC-BajoPutumayo,9622.78,10602.44
2022-01-05,11,PT1H,MC-BajoPutumayo,10127.2,11593.29
2022-01-05,12,PT1H,MC-BajoPutumayo,5702.01,11906.99
2022-01-05,13,PT1H,MC-BajoPutumayo,0.0,11578.5
2022-01-05,14,PT1H,MC-BajoPutumayo,0.0,11615.49
2022-01-05,15,PT1H,MC-BajoPutumayo,0.01,12047.13
2022-01-05,16,PT1H,MC-BajoPutumayo,10.75,12457.99
2022-01-05,17,PT1H,MC-BajoPutumayo,6520.53,12671.28
2022-01-05,18,PT1H,MC-BajoPutumayo,13295.44,11931.71
2022-01-05,19,PT1H,MC-BajoPutumayo,13527.11,13160.46
2022-01-05,20,PT1H,MC-BajoPutumayo,13332.87,13492.83
2022-01-05,21,PT1H,MC-BajoPutumayo,12271.57,12774.31
2022-01-05,22,PT1H,MC-BajoPutumayo,11163.03,11631.24
2022-01-05,23,PT1H,MC-BajoPutumayo,9736.54,10219.35
2022-01-05,24,PT1H,MC-BajoPutumayo,8653.34,8714.25
2023-03-13,1,PT1H,MC-BajoPutumayo,6893.61,7330.48
2023-03-13,2,PT1H,MC-BajoPutumayo,6466.93,7022.01
2023-03-13,3,PT1H,MC-BajoPutumayo,6271.79,6571.93
2023-03-13,4,PT1H,MC-BajoPutumayo,6180.97,6415.08
2023-03-13,5,PT1H,MC-BajoPutumayo,6260.79,6282.36
2023-03-13,6,PT1H,MC-BajoPutumayo,6952.11,6919.33
2023-03-13,7,PT1H,MC-BajoPutumayo,7885.9,7658.07
2023-03-13,8,PT1H,MC-BajoPutumayo,8561.89,8294.37
2023-03-13,9,PT1H,MC-BajoPutumayo,9351.46,9219.1
2023-03-13,10,PT1H,MC-BajoPutumayo,9968.02,9811.91
2023-03-13,11,PT1H,MC-BajoPutumayo,10453.11,10407.46
2023-03-13,12,PT1H,MC-BajoPutumayo,11025.06,10788.1
2023-03-13,13,PT1H,MC-BajoPutumayo,10635.36,10585.26
2023-03-13,14,PT1H,MC-BajoPutumayo,10850.18,10781.04
2023-03-13,15,PT1H,MC-BajoPutumayo,11658.25,11292.58
2023-03-13,16,PT1H,MC-BajoPutumayo,12041.82,11499.75
2023-03-13,17,PT1H,MC-BajoPutumayo,12152.51,11600.6
2023-03-13,18,PT1H,MC-BajoPutumayo,11752.05,11245.91
2023-03-13,19,PT1H,MC-BajoPutumayo,12759.12,11922.96
2023-03-13,20,PT1H,MC-BajoPutumayo,13359.64,12563.8
2023-03-13,21,PT1H,MC-BajoPutumayo,12532.16,11461.96
2023-03-13,22,PT1H,MC-BajoPutumayo,11046.32,10730.5
2023-03-13,23,PT1H,MC-BajoPutumayo,9446.63,9311.53
2023-03-13,24,PT1H,MC-BajoPutumayo,8094.7,7935.13
2025-05-28,1,PT1H,MC-BajoPutumayo,7768.33,7462.9
2025-05-28,2,PT1H,MC-BajoPutumayo,7231.49,7034.8
2025-05-28,3,PT1H,MC-BajoPutumayo,6985.84,6776.2
2025-05-28,4,PT1H,MC-BajoPutumayo,6842.67,6611.1
2025-05-28,5,PT1H,MC-BajoPutumayo,6872.66,6676.4
2025-05-28,6,PT1H,MC-BajoPutumayo,7269.12,7282.0
2025-05-28,7,PT1H,MC-BajoPutumayo,7902.2,8075.8
2025-05-28,8,PT1H,MC-BajoPutumayo,8996.48,8653.6
2025-05-28,9,PT1H,MC-BajoPutumayo,10247.37,9581.4
2025-05-28,10,PT1H,MC-BajoPutumayo,11069.28,10087.1
2025-05-28,11,PT1H,MC-BajoPutumayo,12021.78,10464.7
2025-05-28,12,PT1H,MC-BajoPutumayo,12541.63,11274.7
2025-05-28,13,PT1H,MC-BajoPutumayo,12175.04,11199.7
2025-05-28,14,PT1H,MC-BajoPutumayo,12281.98,11223.7
2025-05-28,15,PT1H,MC-BajoPutumayo,13335.32,12206.9
2025-05-28,16,PT1H,MC-BajoPutumayo,13468.16,12548.5
2025-05-28,17,PT1H,MC-BajoPutumayo,12842.44,12669.6
2025-05-28,18,PT1H,MC-BajoPutumayo,12265.3,12479.9
2025-05-28,19,PT1H,MC-BajoPutumayo,13114.98,13364.9
2025-05-28,20,PT1H,MC-BajoPutumayo,13462.17,13504.7
2025-05-28,21,PT1H,MC-BajoPutumayo,12612.28,12645.7
2025-05-28,22,PT1H,MC-BajoPutumayo,11364.86,11550.6
2025-05-28,23,PT1H,MC-BajoPutumayo,9843.58,10055.3
2025-05-28,24,PT1H,MC-BajoPutumayo,8532.78,8597.2
2023-07-12,1,PT1H,MC-BajoPutumayo,7693.15,8444.15
2023-07-12,2,PT1H,MC-BajoPutumayo,7222.34,7867.36
2023-07-12,3,PT1H,MC-BajoPutumayo,6983.52,7569.33
2023-07-12,4,PT1H,MC-BajoPutumayo,6798.77,7379.97
2023-07-12,5,PT1H,MC-BajoPutumayo,6800.75,7252.61
2023-07-12,6,PT1H,MC-BajoPutumayo,7388.1,7743.87
2023-07-12,7,PT1H,MC-BajoPutumayo,8062.48,8361.18
2023-07-12,8,PT1H,MC-BajoPutumayo,8750.51,9166.83
2023-07-12,9,PT1H,MC-BajoPutumayo,9778.41,10184.54
2023-07-12,10,PT1H,MC-BajoPutumayo,10646.55,10899.32
2023-07-12,11,PT1H,MC-BajoPutumayo,11371.68,11484.68
2023-07-12,12,PT1H,MC-BajoPutumayo,11856.77,12108.81
2023-07-12,13,PT1H,MC-BajoPutumayo,11553.56,11828.85
2023-07-12,14,PT1H,MC-BajoPutumayo,11732.78,11763.11
2023-07-12,15,PT1H,MC-BajoPutumayo,12736.26,12459.01
2023-07-12,16,PT1H,MC-BajoPutumayo,12971.16,12740.86
2023-07-12,17,PT1H,MC-BajoPutumayo,12918.81,12639.29
2023-07-12,18,PT1H,MC-BajoPutumayo,12794.3,12580.96
2023-07-12,19,PT1H,MC-BajoPutumayo,13601.71,13787.5
2023-07-12,20,PT1H,MC-BajoPutumayo,14085.12,14074.97
2023-07-12,21,PT1H,MC-BajoPutumayo,13334.58,13174.8
2023-07-12,22,PT1H,MC-BajoPutumayo,12218.31,11878.2
2023-07-12,23,PT1H,MC-BajoPutumayo,10552.15,10163.26
2023-07-12,24,PT1H,MC-BajoPutumayo,9013.41,8673.23
2022-02-13,1,PT1H,MC-BajoPutumayo,7893.69,7228.23
2022-02-13,2,PT1H,MC-BajoPutumayo,7084.79,6644.23
2022-02-13,3,PT1H,MC-BajoPutumayo,6998.48,6414.45
2022-02-13,4,PT1H,MC-BajoPutumayo,6786.84,6317.43
2022-02-13,5,PT1H,MC-BajoPutumayo,6584.59,6378.03
2022-02-13,6,PT1H,MC-BajoPutumayo,6649.37,6654.81
2022-02-13,7,PT1H,MC-BajoPutumayo,6906.19,7190.26
2022-02-13,8,PT1H,MC-BajoPutumayo,7691.09,7847.97
2022-02-13,9,PT1H,MC-BajoPutumayo,8563.62,8744.16
2022-02-13,10,PT1H,MC-BajoPutumayo,9480.33,9645.85
2022-02-13,11,PT1H,MC-BajoPutumayo,10383.2,10335.31
2022-02-13,12,PT1H,MC-BajoPutumayo,10402.38,10373.55
2022-02-13,13,PT1H,MC-BajoPutumayo,11025.28,10320.26
2022-02-13,14,PT1H,MC-BajoPutumayo,10969.4,10339.72
2022-02-13,15,PT1H,MC-BajoPutumayo,10174.62,10703.67
2022-02-13,16,PT1H,MC-BajoPutumayo,10457.84,10644.73
2022-02-13,17,PT1H,MC-BajoPutumayo,10438.75,9873.8
2022-02-13,18,PT1H,MC-BajoPutumayo,10553.61,10371.03
2022-02-13,19,PT1H,MC-BajoPutumayo,11551.75,11944.67
2022-02-13,20,PT1H,MC-BajoPutumayo,12601.09,12539.76
2022-02-13,21,PT1H,MC-BajoPutumayo,12312.09,11775.79
2022-02-13,22,PT1H,MC-BajoPutumayo,11356.12,10589.41
2022-02-13,23,PT1H,MC-BajoPutumayo,9994.98,9468.5
2022-02-13,24,PT1H,MC-BajoPutumayo,8696.67,7898.39
2025-08-22,1,PT1H,MC-BajoPutumayo,7389.98,8243.4
2025-08-22,2,PT1H,MC-BajoPutumayo,6918.98,7771.6
2025-08-22,3,PT1H,MC-BajoPutumayo,6678.16,7592.4
2025-08-22,4,PT1H,MC-BajoPutumayo,6596.22,7469.2
2025-08-22,5,PT1H,MC-BajoPutumayo,6586.31,7467.6
2025-08-22,6,PT1H,MC-BajoPutumayo,7260.82,8204.9
2025-08-22,7,PT1H,MC-BajoPutumayo,8085.62,9202.7
2025-08-22,8,PT1H,MC-BajoPutumayo,8967.19,10089.7
2025-08-22,9,PT1H,MC-BajoPutumayo,9982.06,11459.9
2025-08-22,10,PT1H,MC-BajoPutumayo,10814.55,12428.0
2025-08-22,11,PT1H,MC-BajoPutumayo,11667.5,13262.6
2025-08-22,12,PT1H,MC-BajoPutumayo,12680.27,13864.3
2025-08-22,13,PT1H,MC-BajoPutumayo,12591.31,13350.0
2025-08-22,14,PT1H,MC-BajoPutumayo,12949.97,13432.0
2025-08-22,15,PT1H,MC-BajoPutumayo,14051.86,14059.7
2025-08-22,16,PT1H,MC-BajoPutumayo,14495.05,14308.4
2025-08-22,17,PT1H,MC-BajoPutumayo,14473.49,14024.2
2025-08-22,18,PT1H,MC-BajoPutumayo,14187.78,13615.4
2025-08-22,19,PT1H,MC-BajoPutumayo,15076.43,15397.2
2025-08-22,20,PT1H,MC-BajoPutumayo,15444.93,15661.7
2025-08-22,21,PT1H,MC-BajoPutumayo,14509.0,14765.1
2025-08-22,22,PT1H,MC-BajoPutumayo,13238.28,12976.4
2025-08-22,23,PT1H,MC-BajoPutumayo,11344.69,10855.5
2025-08-22,24,PT1H,MC-BajoPutumayo,10019.72,9063.0
2023-06-23,1,PT1H,MC-BajoPutumayo,7048.57,7354.93
2023-06-23,2,PT1H,MC-BajoPutumayo,6625.31,6923.28
2023-06-23,3,PT1H,MC-BajoPutumayo,6435.34,6673.83
2023-06-23,4,PT1H,MC-BajoPutumayo,6334.96,6526.52
2023-06-23,5,PT1H,MC-BajoPutumayo,6356.06,6564.29
2023-06-23,6,PT1H,MC-BajoPutumayo,6887.26,7131.6
2023-06-23,7,PT1H,MC-BajoPutumayo,7335.05,7881.91
2023-06-23,8,PT1H,MC-BajoPutumayo,8096.81,8711.75
2023-06-23,9,PT1H,MC-BajoPutumayo,9457.86,9791.38
2023-06-23,10,PT1H,MC-BajoPutumayo,10435.43,10533.24
2023-06-23,11,PT1H,MC-BajoPutumayo,11527.15,11244.07
2023-06-23,12,PT1H,MC-BajoPutumayo,12060.43,11559.46
2023-06-23,13,PT1H,MC-BajoPutumayo,11741.63,11095.41
2023-06-23,14,PT1H,MC-BajoPutumayo,12241.15,10972.21
2023-06-23,15,PT1H,MC-BajoPutumayo,13027.8,11553.72
2023-06-23,16,PT1H,MC-BajoPutumayo,13161.97,11891.0
2023-06-23,17,PT1H,MC-BajoPutumayo,13130.01,11951.27
2023-06-23,18,PT1H,MC-BajoPutumayo,12669.17,11909.78
2023-06-23,19,PT1H,MC-BajoPutumayo,13390.66,12990.35
2023-06-23,20,PT1H,MC-BajoPutumayo,13801.53,13280.31
2023-06-23,21,PT1H,MC-BajoPutumayo,13046.22,12435.61
2023-06-23,22,PT1H,MC-BajoPutumayo,11896.1,11186.52
2023-06-23,23,PT1H,MC-BajoPutumayo,10349.03,9673.92
2023-06-23,24,PT1H,MC-BajoPutumayo,8937.49,8393.46
2023-06-24,1,PT1H,MC-BajoPutumayo,7940.02,7230.32
2023-06-24,2,PT1H,MC-BajoPutumayo,7296.56,6731.02
2023-06-24,3,PT1H,MC-BajoPutumayo,6770.39,6429.27
2023-06-24,4,PT1H,MC-BajoPutumayo,6542.15,6274.54
2023-06-24,5,PT1H,MC-BajoPutumayo,6444.82,6302.53
2023-06-24,6,PT1H,MC-BajoPutumayo,6639.71,6486.06
2023-06-24,7,PT1H,MC-BajoPutumayo,6872.5,6961.02
2023-06-24,8,PT1H,MC-BajoPutumayo,7812.78,8004.44
2023-06-24,9,PT1H,MC-BajoPutumayo,8943.41,9515.87
2023-06-24,10,PT1H,MC-BajoPutumayo,9680.84,10807.22
2023-06-24,11,PT1H,MC-BajoPutumayo,10228.46,11556.29
2023-06-24,12,PT1H,MC-BajoPutumayo,10509.23,12094.65
2023-06-24,13,PT1H,MC-BajoPutumayo,10279.31,11864.77
2023-06-24,14,PT1H,MC-BajoPutumayo,10246.92,11675.52
2023-06-24,15,PT1H,MC-BajoPutumayo,10630.94,11804.25
2023-06-24,16,PT1H,MC-BajoPutumayo,10686.06,11869.49
2023-06-24,17,PT1H,MC-BajoPutumayo,10706.49,11835.73
2023-06-24,18,PT1H,MC-BajoPutumayo,10886.23,11766.26
2023-06-24,19,PT1H,MC-BajoPutumayo,12254.92,12871.4
2023-06-24,20,PT1H,MC-BajoPutumayo,12793.61,13080.57
2023-06-24,21,PT1H,MC-BajoPutumayo,11988.21,12262.25
2023-06-24,22,PT1H,MC-BajoPutumayo,11144.83,11292.36
2023-06-24,23,PT1H,MC-BajoPutumayo,9975.22,9999.0
2023-06-24,24,PT1H,MC-BajoPutumayo,8786.57,8791.81
2024-06-02,1,PT1H,MC-BajoPutumayo,7578.06,7374.4
2024-06-02,2,PT1H,MC-BajoPutumayo,7153.64,7065.0
2024-06-02,3,PT1H,MC-BajoPutumayo,6816.97,6960.3
2024-06-02,4,PT1H,MC-BajoPutumayo,6679.22,6828.3
2024-06-02,5,PT1H,MC-BajoPutumayo,6536.34,6895.8
2024-06-02,6,PT1H,MC-BajoPutumayo,6552.56,7715.5
2024-06-02,7,PT1H,MC-BajoPutumayo,7020.58,8742.0
2024-06-02,8,PT1H,MC-BajoPutumayo,8221.59,9160.1
2024-06-02,9,PT1H,MC-BajoPutumayo,9289.27,9837.4
2024-06-02,10,PT1H,MC-BajoPutumayo,10020.42,10484.3
2024-06-02,11,PT1H,MC-BajoPutumayo,10542.35,11253.1
2024-06-02,12,PT1H,MC-BajoPutumayo,11079.26,11686.5
2024-06-02,13,PT1H,MC-BajoPutumayo,11314.28,11369.1
2024-06-02,14,PT1H,MC-BajoPutumayo,11255.3,11594.3
2024-06-02,15,PT1H,MC-BajoPutumayo,11436.74,11774.4
2024-06-02,16,PT1H,MC-BajoPutumayo,11233.38,11519.3
2024-06-02,17,PT1H,MC-BajoPutumayo,11155.12,11610.5
2024-06-02,18,PT1H,MC-BajoPutumayo,11146.46,11452.9
2024-06-02,19,PT1H,MC-BajoPutumayo,12550.08,13182.7
2024-06-02,20,PT1H,MC-BajoPutumayo,13074.37,13927.8
2024-06-02,21,PT1H,MC-BajoPutumayo,12394.77,13187.7
2024-06-02,22,PT1H,MC-BajoPutumayo,11523.38,11850.7
2024-06-02,23,PT1H,MC-BajoPutumayo,10088.09,10051.2
2024-06-02,24,PT1H,MC-BajoPutumayo,8903.7,8121.2
2023-07-25,1,PT1H,MC-BajoPutumayo,7175.78,7236.52
2023-07-25,2,PT1H,MC-BajoPutumayo,6811.39,6728.87
2023-07-25,3,PT1H,MC-BajoPutumayo,6573.06,6492.88
2023-07-25,4,PT1H,MC-BajoPutumayo,6518.76,6335.69
2023-07-25,5,PT1H,MC-BajoPutumayo,6538.43,6355.27
2023-07-25,6,PT1H,MC-BajoPutumayo,7168.73,6758.07
2023-07-25,7,PT1H,MC-BajoPutumayo,7813.55,7222.54
2023-07-25,8,PT1H,MC-BajoPutumayo,8602.42,8113.0
2023-07-25,9,PT1H,MC-BajoPutumayo,9434.47,9538.09
2023-07-25,10,PT1H,MC-BajoPutumayo,10056.41,10447.21
2023-07-25,11,PT1H,MC-BajoPutumayo,10537.13,11363.34
2023-07-25,12,PT1H,MC-BajoPutumayo,11128.54,12004.42
2023-07-25,13,PT1H,MC-BajoPutumayo,10776.69,11786.16
2023-07-25,14,PT1H,MC-BajoPutumayo,11100.16,11977.93
2023-07-25,15,PT1H,MC-BajoPutumayo,12007.69,12703.71
2023-07-25,16,PT1H,MC-BajoPutumayo,12426.48,12847.53
2023-07-25,17,PT1H,MC-BajoPutumayo,12435.52,12837.13
2023-07-25,18,PT1H,MC-BajoPutumayo,12116.71,12524.58
2023-07-25,19,PT1H,MC-BajoPutumayo,12826.17,13112.3
2023-07-25,20,PT1H,MC-BajoPutumayo,13440.41,13346.27
2023-07-25,21,PT1H,MC-BajoPutumayo,12698.84,12580.24
2023-07-25,22,PT1H,MC-BajoPutumayo,11533.25,11481.0
2023-07-25,23,PT1H,MC-BajoPutumayo,9773.06,9871.6
2023-07-25,24,PT1H,MC-BajoPutumayo,8158.05,8499.64
2023-06-18,1,PT1H,MC-BajoPutumayo,6651.13,7705.89
2023-06-18,2,PT1H,MC-BajoPutumayo,6155.97,7210.57
2023-06-18,3,PT1H,MC-BajoPutumayo,5897.61,6869.2
2023-06-18,4,PT1H,MC-BajoPutumayo,5719.74,6612.98
2023-06-18,5,PT1H,MC-BajoPutumayo,5594.23,6469.77
2023-06-18,6,PT1H,MC-BajoPutumayo,5515.17,6470.71
2023-06-18,7,PT1H,MC-BajoPutumayo,5742.53,6680.93
2023-06-18,8,PT1H,MC-BajoPutumayo,6596.61,7374.29
2023-06-18,9,PT1H,MC-BajoPutumayo,7786.52,8373.65
2023-06-18,10,PT1H,MC-BajoPutumayo,8856.27,9035.61
2023-06-18,11,PT1H,MC-BajoPutumayo,9443.32,9727.98
2023-06-18,12,PT1H,MC-BajoPutumayo,9759.78,10192.61
2023-06-18,13,PT1H,MC-BajoPutumayo,10099.75,10143.91
2023-06-18,14,PT1H,MC-BajoPutumayo,10124.6,10304.81
2023-06-18,15,PT1H,MC-BajoPutumayo,10188.39,10385.87
2023-06-18,16,PT1H,MC-BajoPutumayo,10178.15,10640.7
2023-06-18,17,PT1H,MC-BajoPutumayo,10032.43,10335.97
2023-06-18,18,PT1H,MC-BajoPutumayo,9994.46,10358.63
2023-06-18,19,PT1H,MC-BajoPutumayo,10911.87,11619.55
2023-06-18,20,PT1H,MC-BajoPutumayo,11305.0,11994.85
2023-06-18,21,PT1H,MC-BajoPutumayo,10767.98,11420.29
2023-06-18,22,PT1H,MC-BajoPutumayo,9945.15,10580.18
2023-06-18,23,PT1H,MC-BajoPutumayo,8685.98,9409.84
2023-06-18,24,PT1H,MC-BajoPutumayo,7592.76,8309.44
2023-03-05,1,PT1H,MC-BajoPutumayo,9103.16,7633.03
2023-03-05,2,PT1H,MC-BajoPutumayo,8427.46,7134.24
2023-03-05,3,PT1H,MC-BajoPutumayo,8014.75,6800.75
2023-03-05,4,PT1H,MC-BajoPutumayo,7767.79,6601.36
2023-03-05,5,PT1H,MC-BajoPutumayo,7507.47,6417.83
2023-03-05,6,PT1H,MC-BajoPutumayo,7526.94,6520.79
2023-03-05,7,PT1H,MC-BajoPutumayo,7611.24,6896.25
2023-03-05,8,PT1H,MC-BajoPutumayo,8428.36,7443.35
2023-03-05,9,PT1H,MC-BajoPutumayo,9693.99,8274.17
2023-03-05,10,PT1H,MC-BajoPutumayo,10565.94,8857.33
2023-03-05,11,PT1H,MC-BajoPutumayo,11286.94,9283.65
2023-03-05,12,PT1H,MC-BajoPutumayo,11964.15,9560.72
2023-03-05,13,PT1H,MC-BajoPutumayo,12110.73,9690.1
2023-03-05,14,PT1H,MC-BajoPutumayo,11915.7,9756.48
2023-03-05,15,PT1H,MC-BajoPutumayo,12029.08,9856.1
2023-03-05,16,PT1H,MC-BajoPutumayo,11897.2,9955.14
2023-03-05,17,PT1H,MC-BajoPutumayo,12008.93,10019.48
2023-03-05,18,PT1H,MC-BajoPutumayo,12031.2,9945.6
2023-03-05,19,PT1H,MC-BajoPutumayo,12930.99,10764.73
2023-03-05,20,PT1H,MC-BajoPutumayo,14043.3,11247.5
2023-03-05,21,PT1H,MC-BajoPutumayo,13571.18,10873.29
2023-03-05,22,PT1H,MC-BajoPutumayo,12538.2,10098.03
2023-03-05,23,PT1H,MC-BajoPutumayo,11117.7,8885.72
2023-03-05,24,PT1H,MC-BajoPutumayo,9787.97,7785.75
2023-02-11,1,PT1H,MC-BajoPutumayo,7115.01,7812.07
2023-02-11,2,PT1H,MC-BajoPutumayo,6737.45,7162.89
2023-02-11,3,PT1H,MC-BajoPutumayo,5964.98,6866.2
2023-02-11,4,PT1H,MC-BajoPutumayo,6413.05,6657.86
2023-02-11,5,PT1H,MC-BajoPutumayo,6301.43,6629.96
2023-02-11,6,PT1H,MC-BajoPutumayo,6516.24,6879.68
2023-02-11,7,PT1H,MC-BajoPutumayo,7017.17,7290.08
2023-02-11,8,PT1H,MC-BajoPutumayo,8211.93,8345.0
2023-02-11,9,PT1H,MC-BajoPutumayo,9754.52,9619.19
2023-02-11,10,PT1H,MC-BajoPutumayo,10598.99,10553.44
2023-02-11,11,PT1H,MC-BajoPutumayo,11245.56,11305.39
2023-02-11,12,PT1H,MC-BajoPutumayo,11675.6,11784.61
2023-02-11,13,PT1H,MC-BajoPutumayo,11476.57,11107.29
2023-02-11,14,PT1H,MC-BajoPutumayo,11282.16,10589.48
2023-02-11,15,PT1H,MC-BajoPutumayo,11385.43,10664.81
2023-02-11,16,PT1H,MC-BajoPutumayo,11690.1,10704.57
2023-02-11,17,PT1H,MC-BajoPutumayo,11737.62,10926.86
2023-02-11,18,PT1H,MC-BajoPutumayo,11461.97,11007.31
2023-02-11,19,PT1H,MC-BajoPutumayo,12257.61,12371.01
2023-02-11,20,PT1H,MC-BajoPutumayo,13088.04,12985.09
2023-02-11,21,PT1H,MC-BajoPutumayo,12317.43,12146.4
2023-02-11,22,PT1H,MC-BajoPutumayo,11325.91,11018.7
2023-02-11,23,PT1H,MC-BajoPutumayo,9972.75,9646.16
2023-02-11,24,PT1H,MC-BajoPutumayo,8802.3,8439.4
2022-04-06,1,PT1H,MC-BajoPutumayo,6714.66,6529.41
2022-04-06,2,PT1H,MC-BajoPutumayo,6158.4,6203.02
2022-04-06,3,PT1H,MC-BajoPutumayo,5912.47,6064.55
2022-04-06,4,PT1H,MC-BajoPutumayo,5795.35,5991.49
2022-04-06,5,PT1H,MC-BajoPutumayo,5847.18,6073.41
2022-04-06,6,PT1H,MC-BajoPutumayo,6445.73,6814.86
2022-04-06,7,PT1H,MC-BajoPutumayo,7116.3,7799.09
2022-04-06,8,PT1H,MC-BajoPutumayo,7719.97,8169.12
2022-04-06,9,PT1H,MC-BajoPutumayo,8838.38,9028.14
2022-04-06,10,PT1H,MC-BajoPutumayo,9667.99,9688.84
2022-04-06,11,PT1H,MC-BajoPutumayo,10225.67,10313.66
2022-04-06,12,PT1H,MC-BajoPutumayo,11201.51,10524.19
2022-04-06,13,PT1H,MC-BajoPutumayo,11201.22,10042.97
2022-04-06,14,PT1H,MC-BajoPutumayo,11532.86,10186.47
2022-04-06,15,PT1H,MC-BajoPutumayo,12516.52,11026.3
2022-04-06,16,PT1H,MC-BajoPutumayo,12770.79,11451.52
2022-04-06,17,PT1H,MC-BajoPutumayo,12690.15,11512.69
2022-04-06,18,PT1H,MC-BajoPutumayo,12234.33,11266.66
2022-04-06,19,PT1H,MC-BajoPutumayo,13081.5,12265.96
2022-04-06,20,PT1H,MC-BajoPutumayo,13343.51,12902.28
2022-04-06,21,PT1H,MC-BajoPutumayo,12484.83,12145.33
2022-04-06,22,PT1H,MC-BajoPutumayo,11334.52,10805.21
2022-04-06,23,PT1H,MC-BajoPutumayo,9741.48,9210.89
2022-04-06,24,PT1H,MC-BajoPutumayo,8195.42,7774.2
2022-04-19,1,PT1H,MC-BajoPutumayo,6424.66,6522.94
2022-04-19,2,PT1H,MC-BajoPutumayo,5345.67,6180.97
2022-04-19,3,PT1H,MC-BajoPutumayo,6538.12,5958.87
2022-04-19,4,PT1H,MC-BajoPutumayo,5907.01,5925.68
2022-04-19,5,PT1H,MC-BajoPutumayo,5886.22,5972.78
2022-04-19,6,PT1H,MC-BajoPutumayo,6472.16,6642.97
2022-04-19,7,PT1H,MC-BajoPutumayo,7502.31,7447.5
2022-04-19,8,PT1H,MC-BajoPutumayo,8026.55,8040.39
2022-04-19,9,PT1H,MC-BajoPutumayo,9002.94,8918.78
2022-04-19,10,PT1H,MC-BajoPutumayo,8954.9,9553.48
2022-04-19,11,PT1H,MC-BajoPutumayo,9685.78,10201.33
2022-04-19,12,PT1H,MC-BajoPutumayo,10620.07,10727.22
2022-04-19,13,PT1H,MC-BajoPutumayo,10494.39,10231.22
2022-04-19,14,PT1H,MC-BajoPutumayo,10867.77,10252.66
2022-04-19,15,PT1H,MC-BajoPutumayo,11473.11,10657.63
2022-04-19,16,PT1H,MC-BajoPutumayo,11656.36,10621.82
2022-04-19,17,PT1H,MC-BajoPutumayo,11654.94,10882.37
2022-04-19,18,PT1H,MC-BajoPutumayo,11469.45,10844.43
2022-04-19,19,PT1H,MC-BajoPutumayo,12503.8,12003.45
2022-04-19,20,PT1H,MC-BajoPutumayo,12834.47,12263.61
2022-04-19,21,PT1H,MC-BajoPutumayo,12189.63,11494.69
2022-04-19,22,PT1H,MC-BajoPutumayo,10970.56,10122.12
2022-04-19,23,PT1H,MC-BajoPutumayo,9474.5,8521.94
2022-04-19,24,PT1H,MC-BajoPutumayo,8080.9,7163.54
2025-07-17,1,PT1H,MC-BajoPutumayo,8190.95,7629.5
2025-07-17,2,PT1H,MC-BajoPutumayo,7643.63,7180.2
2025-07-17,3,PT1H,MC-BajoPutumayo,6799.95,6903.5
2025-07-17,4,PT1H,MC-BajoPutumayo,6905.91,6810.4
2025-07-17,5,PT1H,MC-BajoPutumayo,6871.65,6815.0
2025-07-17,6,PT1H,MC-BajoPutumayo,7429.59,7252.1
2025-07-17,7,PT1H,MC-BajoPutumayo,8165.31,7864.5
2025-07-17,8,PT1H,MC-BajoPutumayo,8822.16,8810.3
2025-07-17,9,PT1H,MC-BajoPutumayo,9772.19,9994.0
2025-07-17,10,PT1H,MC-BajoPutumayo,10327.06,10521.3
2025-07-17,11,PT1H,MC-BajoPutumayo,10591.08,10935.4
2025-07-17,12,PT1H,MC-BajoPutumayo,11108.24,11452.7
2025-07-17,13,PT1H,MC-BajoPutumayo,10924.26,11107.4
2025-07-17,14,PT1H,MC-BajoPutumayo,10831.35,10930.1
2025-07-17,15,PT1H,MC-BajoPutumayo,11004.0,11133.2
2025-07-17,16,PT1H,MC-BajoPutumayo,11063.47,11090.4
2025-07-17,17,PT1H,MC-BajoPutumayo,11401.98,11214.6
2025-07-17,18,PT1H,MC-BajoPutumayo,11898.19,11607.9
2025-07-17,19,PT1H,MC-BajoPutumayo,12814.09,12770.7
2025-07-17,20,PT1H,MC-BajoPutumayo,13114.18,13127.0
2025-07-17,21,PT1H,MC-BajoPutumayo,12207.8,12191.5
2025-07-17,22,PT1H,MC-BajoPutumayo,10864.23,10839.0
2025-07-17,23,PT1H,MC-BajoPutumayo,9103.15,9236.0
2025-07-17,24,PT1H,MC-BajoPutumayo,7931.43,8039.6
2025-12-21,1,PT1H,MC-BajoPutumayo,9121.36,9268.5
2025-12-21,2,PT1H,MC-BajoPutumayo,8435.31,8668.7
2025-12-21,3,PT1H,MC-BajoPutumayo,8092.39,8108.1
2025-12-21,4,PT1H,MC-BajoPutumayo,7862.42,7936.7
2025-12-21,5,PT1H,MC-BajoPutumayo,7793.27,7796.1
2025-12-21,6,PT1H,MC-BajoPutumayo,7693.09,7750.9
2025-12-21,7,PT1H,MC-BajoPutumayo,8152.91,8297.1
2025-12-21,8,PT1H,MC-BajoPutumayo,9537.98,8937.5
2025-12-21,9,PT1H,MC-BajoPutumayo,10873.23,10077.5
2025-12-21,10,PT1H,MC-BajoPutumayo,11866.69,10932.0
2025-12-21,11,PT1H,MC-BajoPutumayo,12763.51,11843.7
2025-12-21,12,PT1H,MC-BajoPutumayo,13122.29,12449.6
2025-12-21,13,PT1H,MC-BajoPutumayo,13369.19,12670.3
2025-12-21,14,PT1H,MC-BajoPutumayo,13437.99,12743.5
2025-12-21,15,PT1H,MC-BajoPutumayo,13559.09,12748.4
2025-12-21,16,PT1H,MC-BajoPutumayo,13608.94,12741.7
2025-12-21,17,PT1H,MC-BajoPutumayo,13441.86,12402.3
2025-12-21,18,PT1H,MC-BajoPutumayo,13550.05,12866.9
2025-12-21,19,PT1H,MC-BajoPutumayo,15110.14,14389.7
2025-12-21,20,PT1H,MC-BajoPutumayo,14917.72,14097.8
2025-12-21,21,PT1H,MC-BajoPutumayo,14196.06,13535.8
2025-12-21,22,PT1H,MC-BajoPutumayo,12993.25,12307.1
2025-12-21,23,PT1H,MC-BajoPutumayo,11537.07,11089.4
2025-12-21,24,PT1H,MC-BajoPutumayo,10296.44,9766.2
2024-12-18,1,PT1H,MC-BajoPutumayo,7629.33,7762.0
2024-12-18,2,PT1H,MC-BajoPutumayo,7243.35,7356.9
2024-12-18,3,PT1H,MC-BajoPutumayo,6781.4,7046.6
2024-12-18,4,PT1H,MC-BajoPutumayo,6732.7,6996.3
2024-12-18,5,PT1H,MC-BajoPutumayo,7014.74,7210.4
2024-12-18,6,PT1H,MC-BajoPutumayo,7312.13,7511.6
2024-12-18,7,PT1H,MC-BajoPutumayo,7757.0,8489.9
2024-12-18,8,PT1H,MC-BajoPutumayo,8986.31,9548.0
2024-12-18,9,PT1H,MC-BajoPutumayo,10365.17,10611.2
2024-12-18,10,PT1H,MC-BajoPutumayo,7359.28,11283.2
2024-12-18,11,PT1H,MC-BajoPutumayo,10932.7,12067.5
2024-12-18,12,PT1H,MC-BajoPutumayo,13019.11,11918.3
2024-12-18,13,PT1H,MC-BajoPutumayo,12375.62,11743.7
2024-12-18,14,PT1H,MC-BajoPutumayo,12377.73,12007.4
2024-12-18,15,PT1H,MC-BajoPutumayo,13081.34,12475.2
2024-12-18,16,PT1H,MC-BajoPutumayo,13756.75,12450.7
2024-12-18,17,PT1H,MC-BajoPutumayo,13402.48,12284.4
2024-12-18,18,PT1H,MC-BajoPutumayo,12857.17,13124.0
2024-12-18,19,PT1H,MC-BajoPutumayo,13834.07,14191.5
2024-12-18,20,PT1H,MC-BajoPutumayo,11249.06,13460.5
2024-12-18,21,PT1H,MC-BajoPutumayo,881.16,12382.3
2024-12-18,22,PT1H,MC-BajoPutumayo,12698.63,10603.8
2024-12-18,23,PT1H,MC-BajoPutumayo,11317.05,9442.7
2024-12-18,24,PT1H,MC-BajoPutumayo,7139.64,8376.7
2022-09-06,1,PT1H,MC-BajoPutumayo,6522.62,6315.05
2022-09-06,2,PT1H,MC-BajoPutumayo,6303.14,5979.53
2022-09-06,3,PT1H,MC-BajoPutumayo,6106.68,5765.2
2022-09-06,4,PT1H,MC-BajoPutumayo,6071.75,5629.57
2022-09-06,5,PT1H,MC-BajoPutumayo,6116.26,5654.03
2022-09-06,6,PT1H,MC-BajoPutumayo,6994.63,6220.51
2022-09-06,7,PT1H,MC-BajoPutumayo,7623.13,6951.99
2022-09-06,8,PT1H,MC-BajoPutumayo,8502.03,7622.88
2022-09-06,9,PT1H,MC-BajoPutumayo,9377.87,8624.24
2022-09-06,10,PT1H,MC-BajoPutumayo,9904.72,9415.19
2022-09-06,11,PT1H,MC-BajoPutumayo,10337.57,10159.68
2022-09-06,12,PT1H,MC-BajoPutumayo,10287.93,10728.4
2022-09-06,13,PT1H,MC-BajoPutumayo,9683.36,10527.65
2022-09-06,14,PT1H,MC-BajoPutumayo,9599.31,10692.89
2022-09-06,15,PT1H,MC-BajoPutumayo,10003.25,11232.67
2022-09-06,16,PT1H,MC-BajoPutumayo,10151.22,11321.98
2022-09-06,17,PT1H,MC-BajoPutumayo,10235.92,11222.1
2022-09-06,18,PT1H,MC-BajoPutumayo,10710.81,11042.86
2022-09-06,19,PT1H,MC-BajoPutumayo,11867.42,11931.56
2022-09-06,20,PT1H,MC-BajoPutumayo,11607.06,12219.85
2022-09-06,21,PT1H,MC-BajoPutumayo,10608.98,11400.73
2022-09-06,22,PT1H,MC-BajoPutumayo,9196.79,10098.57
2022-09-06,23,PT1H,MC-BajoPutumayo,7632.44,8505.27
2022-09-06,24,PT1H,MC-BajoPutumayo,6574.29,7261.01
2025-12-08,1,PT1H,MC-BajoPutumayo,9083.51,9516.2
2025-12-08,2,PT1H,MC-BajoPutumayo,8726.27,9022.5
2025-12-08,3,PT1H,MC-BajoPutumayo,8508.22,8689.3
2025-12-08,4,PT1H,MC-BajoPutumayo,8179.39,8455.7
2025-12-08,5,PT1H,MC-BajoPutumayo,8093.41,8497.3
2025-12-08,6,PT1H,MC-BajoPutumayo,7988.46,8875.5
2025-12-08,7,PT1H,MC-BajoPutumayo,8487.83,9813.5
2025-12-08,8,PT1H,MC-BajoPutumayo,9526.76,10772.1
2025-12-08,9,PT1H,MC-BajoPutumayo,11069.02,12022.5
2025-12-08,10,PT1H,MC-BajoPutumayo,12391.38,12637.6
2025-12-08,11,PT1H,MC-BajoPutumayo,13337.56,12939.7
2025-12-08,12,PT1H,MC-BajoPutumayo,14114.0,13308.0
2025-12-08,13,PT1H,MC-BajoPutumayo,14076.13,13137.0
2025-12-08,14,PT1H,MC-BajoPutumayo,14254.33,13296.5
2025-12-08,15,PT1H,MC-BajoPutumayo,14415.58,13856.9
2025-12-08,16,PT1H,MC-BajoPutumayo,14441.17,13876.1
2025-12-08,17,PT1H,MC-BajoPutumayo,14185.7,13954.9
2025-12-08,18,PT1H,MC-BajoPutumayo,14424.95,14614.6
2025-12-08,19,PT1H,MC-BajoPutumayo,16077.13,16154.8
2025-12-08,20,PT1H,MC-BajoPutumayo,15729.29,15925.7
2025-12-08,21,PT1H,MC-BajoPutumayo,14723.48,15130.2
2025-12-08,22,PT1H,MC-BajoPutumayo,13588.05,13630.6
2025-12-08,23,PT1H,MC-BajoPutumayo,11701.43,11758.6
2025-12-08,24,PT1H,MC-BajoPutumayo,10033.93,10237.3
2023-12-25,1,PT1H,MC-BajoPutumayo,9203.53,8181.42
2023-12-25,2,PT1H,MC-BajoPutumayo,8697.7,7552.53
2023-12-25,3,PT1H,MC-BajoPutumayo,8335.0,7219.95
2023-12-25,4,PT1H,MC-BajoPutumayo,8032.95,7011.3
2023-12-25,5,PT1H,MC-BajoPutumayo,7797.6,6958.92
2023-12-25,6,PT1H,MC-BajoPutumayo,7619.29,7184.17
2023-12-25,7,PT1H,MC-BajoPutumayo,7220.6,7691.91
2023-12-25,8,PT1H,MC-BajoPutumayo,7519.42,8919.61
2023-12-25,9,PT1H,MC-BajoPutumayo,8253.89,10264.82
2023-12-25,10,PT1H,MC-BajoPutumayo,9027.22,11094.92
2023-12-25,11,PT1H,MC-BajoPutumayo,9584.81,11733.79
2023-12-25,12,PT1H,MC-BajoPutumayo,9921.47,12447.33
2023-12-25,13,PT1H,MC-BajoPutumayo,10223.25,12204.28
2023-12-25,14,PT1H,MC-BajoPutumayo,10280.29,12447.88
2023-12-25,15,PT1H,MC-BajoPutumayo,10422.11,13292.71
2023-12-25,16,PT1H,MC-BajoPutumayo,10429.96,13456.05
2023-12-25,17,PT1H,MC-BajoPutumayo,10397.56,13417.06
2023-12-25,18,PT1H,MC-BajoPutumayo,10425.87,13114.75
2023-12-25,19,PT1H,MC-BajoPutumayo,11616.65,14034.6
2023-12-25,20,PT1H,MC-BajoPutumayo,12228.06,13983.88
2023-12-25,21,PT1H,MC-BajoPutumayo,11740.4,13186.58
2023-12-25,22,PT1H,MC-BajoPutumayo,10887.14,11956.07
2023-12-25,23,PT1H,MC-BajoPutumayo,9603.33,10460.64
2023-12-25,24,PT1H,MC-BajoPutumayo,8569.53,9065.17
2022-10-17,1,PT1H,MC-BajoPutumayo,7575.45,6530.28
2022-10-17,2,PT1H,MC-BajoPutumayo,7075.15,6243.45
2022-10-17,3,PT1H,MC-BajoPutumayo,6641.04,5965.62
2022-10-17,4,PT1H,MC-BajoPutumayo,6378.43,5859.85
2022-10-17,5,PT1H,MC-BajoPutumayo,6284.75,6097.18
2022-10-17,6,PT1H,MC-BajoPutumayo,6412.96,6959.11
2022-10-17,7,PT1H,MC-BajoPutumayo,6844.82,7912.76
2022-10-17,8,PT1H,MC-BajoPutumayo,6630.78,8294.24
2022-10-17,9,PT1H,MC-BajoPutumayo,8129.5,8766.05
2022-10-17,10,PT1H,MC-BajoPutumayo,8910.74,9261.12
2022-10-17,11,PT1H,MC-BajoPutumayo,9519.89,10039.46
2022-10-17,12,PT1H,MC-BajoPutumayo,11178.1,10595.47
2022-10-17,13,PT1H,MC-BajoPutumayo,11680.27,10435.88
2022-10-17,14,PT1H,MC-BajoPutumayo,11515.95,10486.13
2022-10-17,15,PT1H,MC-BajoPutumayo,11597.31,11468.23
2022-10-17,16,PT1H,MC-BajoPutumayo,11600.46,11689.53
2022-10-17,17,PT1H,MC-BajoPutumayo,11685.95,11576.2
2022-10-17,18,PT1H,MC-BajoPutumayo,11063.25,11437.18
2022-10-17,19,PT1H,MC-BajoPutumayo,13114.8,13085.76
2022-10-17,20,PT1H,MC-BajoPutumayo,13463.95,13591.96
2022-10-17,21,PT1H,MC-BajoPutumayo,13092.04,12706.76
2022-10-17,22,PT1H,MC-BajoPutumayo,11850.32,11146.28
2022-10-17,23,PT1H,MC-BajoPutumayo,9840.81,9172.92
2022-10-17,24,PT1H,MC-BajoPutumayo,8507.85,7573.97
2023-07-21,1,PT1H,MC-BajoPutumayo,6560.98,6654.71
2023-07-21,2,PT1H,MC-BajoPutumayo,6179.26,6281.85
2023-07-21,3,PT1H,MC-BajoPutumayo,5996.39,6080.74
2023-07-21,4,PT1H,MC-BajoPutumayo,5919.97,6048.66
2023-07-21,5,PT1H,MC-BajoPutumayo,5947.53,6047.3
2023-07-21,6,PT1H,MC-BajoPutumayo,6339.46,6401.75
2023-07-21,7,PT1H,MC-BajoPutumayo,6931.46,6829.55
2023-07-21,8,PT1H,MC-BajoPutumayo,8104.98,7805.53
2023-07-21,9,PT1H,MC-BajoPutumayo,9129.53,9005.87
2023-07-21,10,PT1H,MC-BajoPutumayo,9813.88,9730.5
2023-07-21,11,PT1H,MC-BajoPutumayo,10612.36,10506.88
2023-07-21,12,PT1H,MC-BajoPutumayo,11259.86,11014.88
2023-07-21,13,PT1H,MC-BajoPutumayo,11078.08,10763.95
2023-07-21,14,PT1H,MC-BajoPutumayo,11144.26,10960.51
2023-07-21,15,PT1H,MC-BajoPutumayo,11258.43,11723.25
2023-07-21,16,PT1H,MC-BajoPutumayo,11239.36,11852.88
2023-07-21,17,PT1H,MC-BajoPutumayo,11243.82,12179.56
2023-07-21,18,PT1H,MC-BajoPutumayo,11369.81,11830.96
2023-07-21,19,PT1H,MC-BajoPutumayo,12257.16,12654.33
2023-07-21,20,PT1H,MC-BajoPutumayo,12521.41,12944.73
2023-07-21,21,PT1H,MC-BajoPutumayo,11645.6,12140.37
2023-07-21,22,PT1H,MC-BajoPutumayo,10489.91,10988.66
2023-07-21,23,PT1H,MC-BajoPutumayo,8926.9,9539.72
2023-07-21,24,PT1H,MC-BajoPutumayo,7636.3,8244.99
2025-02-11,1,PT1H,MC-BajoPutumayo,7270.96,7704.9
2025-02-11,2,PT1H,MC-BajoPutumayo,6908.24,7248.6
2025-02-11,3,PT1H,MC-BajoPutumayo,6729.59,6925.0
2025-02-11,4,PT1H,MC-BajoPutumayo,6647.47,6800.0
2025-02-11,5,PT1H,MC-BajoPutumayo,6801.41,6793.6
2025-02-11,6,PT1H,MC-BajoPutumayo,7647.73,7056.5
2025-02-11,7,PT1H,MC-BajoPutumayo,8365.14,7420.0
2025-02-11,8,PT1H,MC-BajoPutumayo,9061.96,8233.3
2025-02-11,9,PT1H,MC-BajoPutumayo,9017.1,9486.4
2025-02-11,10,PT1H,MC-BajoPutumayo,10631.02,10399.3
2025-02-11,11,PT1H,MC-BajoPutumayo,11408.63,11230.8
2025-02-11,12,PT1H,MC-BajoPutumayo,12163.04,11799.8
2025-02-11,13,PT1H,MC-BajoPutumayo,12239.59,11443.9
2025-02-11,14,PT1H,MC-BajoPutumayo,12879.36,11619.4
2025-02-11,15,PT1H,MC-BajoPutumayo,13802.91,12218.1
2025-02-11,16,PT1H,MC-BajoPutumayo,13722.42,12445.6
2025-02-11,17,PT1H,MC-BajoPutumayo,13457.63,12392.4
2025-02-11,18,PT1H,MC-BajoPutumayo,13111.05,11985.8
2025-02-11,19,PT1H,MC-BajoPutumayo,13527.0,12632.7
2025-02-11,20,PT1H,MC-BajoPutumayo,14310.96,13003.8
2025-02-11,21,PT1H,MC-BajoPutumayo,13532.84,12308.4
2025-02-11,22,PT1H,MC-BajoPutumayo,12305.56,11230.9
2025-02-11,23,PT1H,MC-BajoPutumayo,10686.19,10004.2
2025-02-11,24,PT1H,MC-BajoPutumayo,9246.26,8848.2
2022-09-20,1,PT1H,MC-BajoPutumayo,8570.55,6692.92
2022-09-20,2,PT1H,MC-BajoPutumayo,7962.38,6572.19
2022-09-20,3,PT1H,MC-BajoPutumayo,7529.31,6679.21
2022-09-20,4,PT1H,MC-BajoPutumayo,7306.47,6485.63
2022-09-20,5,PT1H,MC-BajoPutumayo,7261.61,6780.56
2022-09-20,6,PT1H,MC-BajoPutumayo,7735.75,7182.82
2022-09-20,7,PT1H,MC-BajoPutumayo,8334.38,7953.49
2022-09-20,8,PT1H,MC-BajoPutumayo,9065.93,8996.07
2022-09-20,9,PT1H,MC-BajoPutumayo,10079.23,10567.09
2022-09-20,10,PT1H,MC-BajoPutumayo,10923.58,11132.59
2022-09-20,11,PT1H,MC-BajoPutumayo,11777.39,12105.93
2022-09-20,12,PT1H,MC-BajoPutumayo,12309.17,12665.94
2022-09-20,13,PT1H,MC-BajoPutumayo,12006.54,12387.81
2022-09-20,14,PT1H,MC-BajoPutumayo,12250.85,12542.72
2022-09-20,15,PT1H,MC-BajoPutumayo,13062.23,12804.14
2022-09-20,16,PT1H,MC-BajoPutumayo,13237.76,12880.47
2022-09-20,17,PT1H,MC-BajoPutumayo,13332.0,13206.25
2022-09-20,18,PT1H,MC-BajoPutumayo,13454.77,12853.03
2022-09-20,19,PT1H,MC-BajoPutumayo,14507.99,14036.91
2022-09-20,20,PT1H,MC-BajoPutumayo,14445.69,14553.01
2022-09-20,21,PT1H,MC-BajoPutumayo,13416.65,13726.34
2022-09-20,22,PT1H,MC-BajoPutumayo,12053.42,12247.37
2022-09-20,23,PT1H,MC-BajoPutumayo,10209.1,10310.41
2022-09-20,24,PT1H,MC-BajoPutumayo,8813.29,8738.64
2025-08-09,1,PT1H,MC-BajoPutumayo,8155.6,7774.9
2025-08-09,2,PT1H,MC-BajoPutumayo,7669.94,7292.4
2025-08-09,3,PT1H,MC-BajoPutumayo,7367.63,6957.1
2025-08-09,4,PT1H,MC-BajoPutumayo,7226.87,6822.6
2025-08-09,5,PT1H,MC-BajoPutumayo,7143.41,6751.5
2025-08-09,6,PT1H,MC-BajoPutumayo,7413.77,7013.6
2025-08-09,7,PT1H,MC-BajoPutumayo,7094.55,7477.5
2025-08-09,8,PT1H,MC-BajoPutumayo,7692.4,8625.0
2025-08-09,9,PT1H,MC-BajoPutumayo,9103.71,10068.7
2025-08-09,10,PT1H,MC-BajoPutumayo,10218.94,11072.2
2025-08-09,11,PT1H,MC-BajoPutumayo,10851.61,11766.5
2025-08-09,12,PT1H,MC-BajoPutumayo,11118.74,12203.2
2025-08-09,13,PT1H,MC-BajoPutumayo,11180.46,12032.2
2025-08-09,14,PT1H,MC-BajoPutumayo,11085.36,12023.4
2025-08-09,15,PT1H,MC-BajoPutumayo,11378.89,11978.6
2025-08-09,16,PT1H,MC-BajoPutumayo,11698.6,11993.9
2025-08-09,17,PT1H,MC-BajoPutumayo,11803.2,12000.2
2025-08-09,18,PT1H,MC-BajoPutumayo,11752.69,12148.9
2025-08-09,19,PT1H,MC-BajoPutumayo,13140.84,13415.2
2025-08-09,20,PT1H,MC-BajoPutumayo,13674.71,13909.5
2025-08-09,21,PT1H,MC-BajoPutumayo,12866.61,13182.5
2025-08-09,22,PT1H,MC-BajoPutumayo,11675.76,12037.7
2025-08-09,23,PT1H,MC-BajoPutumayo,10249.65,10515.8
2025-08-09,24,PT1H,MC-BajoPutumayo,8909.56,9291.4
2024-02-06,1,PT1H,MC-BajoPutumayo,6944.72,8729.37
2024-02-06,2,PT1H,MC-BajoPutumayo,6497.18,8216.91
2024-02-06,3,PT1H,MC-BajoPutumayo,6398.66,7934.69
2024-02-06,4,PT1H,MC-BajoPutumayo,6207.54,7758.74
2024-02-06,5,PT1H,MC-BajoPutumayo,6244.81,7750.01
2024-02-06,6,PT1H,MC-BajoPutumayo,6856.31,8016.21
2024-02-06,7,PT1H,MC-BajoPutumayo,7643.59,6910.98
2024-02-06,8,PT1H,MC-BajoPutumayo,8188.9,7886.84
2024-02-06,9,PT1H,MC-BajoPutumayo,9040.58,8953.15
2024-02-06,10,PT1H,MC-BajoPutumayo,9525.75,10407.51
2024-02-06,11,PT1H,MC-BajoPutumayo,10051.13,12284.48
2024-02-06,12,PT1H,MC-BajoPutumayo,10932.5,12964.65
2024-02-06,13,PT1H,MC-BajoPutumayo,10880.09,12630.69
2024-02-06,14,PT1H,MC-BajoPutumayo,11054.76,12934.37
2024-02-06,15,PT1H,MC-BajoPutumayo,12106.94,14302.64
2024-02-06,16,PT1H,MC-BajoPutumayo,12604.85,14329.19
2024-02-06,17,PT1H,MC-BajoPutumayo,12707.76,13717.55
2024-02-06,18,PT1H,MC-BajoPutumayo,12421.87,13297.39
2024-02-06,19,PT1H,MC-BajoPutumayo,12848.55,14577.8
2024-02-06,20,PT1H,MC-BajoPutumayo,13707.9,14852.03
2024-02-06,21,PT1H,MC-BajoPutumayo,13110.46,14725.06
2024-02-06,22,PT1H,MC-BajoPutumayo,11825.14,13573.71
2024-02-06,23,PT1H,MC-BajoPutumayo,10014.97,11952.87
2024-02-06,24,PT1H,MC-BajoPutumayo,8647.1,10430.95
2025-12-10,1,PT1H,MC-BajoPutumayo,9922.69,9606.9
2025-12-10,2,PT1H,MC-BajoPutumayo,9186.38,9139.8
2025-12-10,3,PT1H,MC-BajoPutumayo,8799.21,8813.6
2025-12-10,4,PT1H,MC-BajoPutumayo,8633.83,8658.7
2025-12-10,5,PT1H,MC-BajoPutumayo,8393.96,8764.9
2025-12-10,6,PT1H,MC-BajoPutumayo,8612.51,9305.0
2025-12-10,7,PT1H,MC-BajoPutumayo,9675.64,10210.9
2025-12-10,8,PT1H,MC-BajoPutumayo,11345.16,11138.5
2025-12-10,9,PT1H,MC-BajoPutumayo,13209.52,12257.5
2025-12-10,10,PT1H,MC-BajoPutumayo,14220.22,12775.7
2025-12-10,11,PT1H,MC-BajoPutumayo,14788.46,13424.7
2025-12-10,12,PT1H,MC-BajoPutumayo,15246.15,13950.8
2025-12-10,13,PT1H,MC-BajoPutumayo,14387.47,13680.9
2025-12-10,14,PT1H,MC-BajoPutumayo,14587.08,13920.6
2025-12-10,15,PT1H,MC-BajoPutumayo,15227.2,14721.0
2025-12-10,16,PT1H,MC-BajoPutumayo,14720.66,14928.6
2025-12-10,17,PT1H,MC-BajoPutumayo,14825.82,14813.9
2025-12-10,18,PT1H,MC-BajoPutumayo,15196.42,14940.8
2025-12-10,19,PT1H,MC-BajoPutumayo,17009.01,16508.7
2025-12-10,20,PT1H,MC-BajoPutumayo,16378.7,16777.9
2025-12-10,21,PT1H,MC-BajoPutumayo,15429.15,15591.8
2025-12-10,22,PT1H,MC-BajoPutumayo,14041.08,13964.6
2025-12-10,23,PT1H,MC-BajoPutumayo,12155.31,12001.4
2025-12-10,24,PT1H,MC-BajoPutumayo,10639.54,10459.1
2024-11-11,1,PT1H,MC-BajoPutumayo,8054.9,8824.5
2024-11-11,2,PT1H,MC-BajoPutumayo,7522.52,8403.2
2024-11-11,3,PT1H,MC-BajoPutumayo,7201.08,8081.2
2024-11-11,4,PT1H,MC-BajoPutumayo,7143.04,7847.8
2024-11-11,5,PT1H,MC-BajoPutumayo,7177.63,7954.9
2024-11-11,6,PT1H,MC-BajoPutumayo,7393.37,8141.5
2024-11-11,7,PT1H,MC-BajoPutumayo,7839.3,8470.1
2024-11-11,8,PT1H,MC-BajoPutumayo,8891.11,9608.5
2024-11-11,9,PT1H,MC-BajoPutumayo,10070.96,10727.8
2024-11-11,10,PT1H,MC-BajoPutumayo,11301.37,11346.7
2024-11-11,11,PT1H,MC-BajoPutumayo,12298.88,11919.2
2024-11-11,12,PT1H,MC-BajoPutumayo,12859.65,12122.1
2024-11-11,13,PT1H,MC-BajoPutumayo,12502.3,11863.7
2024-11-11,14,PT1H,MC-BajoPutumayo,12794.22,11956.7
2024-11-11,15,PT1H,MC-BajoPutumayo,12993.27,12438.7
2024-11-11,16,PT1H,MC-BajoPutumayo,12924.8,12342.5
2024-11-11,17,PT1H,MC-BajoPutumayo,12775.4,11838.9
2024-11-11,18,PT1H,MC-BajoPutumayo,13831.75,12597.3
2024-11-11,19,PT1H,MC-BajoPutumayo,14937.42,13726.0
2024-11-11,20,PT1H,MC-BajoPutumayo,14422.89,13023.4
2024-11-11,21,PT1H,MC-BajoPutumayo,13685.26,11808.0
2024-11-11,22,PT1H,MC-BajoPutumayo,12359.92,10283.1
2024-11-11,23,PT1H,MC-BajoPutumayo,10627.26,9067.7
2024-11-11,24,PT1H,MC-BajoPutumayo,9532.62,8027.9
2024-04-06,1,PT1H,MC-BajoPutumayo,8486.2,7897.0
2024-04-06,2,PT1H,MC-BajoPutumayo,8021.33,7502.55
2024-04-06,3,PT1H,MC-BajoPutumayo,7627.87,7266.49
2024-04-06,4,PT1H,MC-BajoPutumayo,7375.7,7167.81
2024-04-06,5,PT1H,MC-BajoPutumayo,7358.81,7114.84
2024-04-06,6,PT1H,MC-BajoPutumayo,7555.42,7454.14
2024-04-06,7,PT1H,MC-BajoPutumayo,7887.61,7782.98
2024-04-06,8,PT1H,MC-BajoPutumayo,8814.45,8483.68
2024-04-06,9,PT1H,MC-BajoPutumayo,10099.71,9476.13
2024-04-06,10,PT1H,MC-BajoPutumayo,11193.42,10226.14
2024-04-06,11,PT1H,MC-BajoPutumayo,12241.2,10754.44
2024-04-06,12,PT1H,MC-BajoPutumayo,12855.68,11348.66
2024-04-06,13,PT1H,MC-BajoPutumayo,12840.34,11106.97
2024-04-06,14,PT1H,MC-BajoPutumayo,12612.21,11242.27
2024-04-06,15,PT1H,MC-BajoPutumayo,11671.68,11589.48
2024-04-06,16,PT1H,MC-BajoPutumayo,10321.47,11562.16
2024-04-06,17,PT1H,MC-BajoPutumayo,10082.06,11477.46
2024-04-06,18,PT1H,MC-BajoPutumayo,10047.29,11288.19
2024-04-06,19,PT1H,MC-BajoPutumayo,11019.08,12452.86
2024-04-06,20,PT1H,MC-BajoPutumayo,11490.19,13368.19
2024-04-06,21,PT1H,MC-BajoPutumayo,12085.92,12834.46
2024-04-06,22,PT1H,MC-BajoPutumayo,11250.88,11813.98
2024-04-06,23,PT1H,MC-BajoPutumayo,9933.1,10222.75
2024-04-06,24,PT1H,MC-BajoPutumayo,8848.79,8702.28
2025-01-04,1,PT1H,MC-BajoPutumayo,7935.23,8219.8
2025-01-04,2,PT1H,MC-BajoPutumayo,7495.72,7675.5
2025-01-04,3,PT1H,MC-BajoPutumayo,7093.29,7329.0
2025-01-04,4,PT1H,MC-BajoPutumayo,6992.68,7216.4
2025-01-04,5,PT1H,MC-BajoPutumayo,7218.44,7340.0
2025-01-04,6,PT1H,MC-BajoPutumayo,7305.74,7485.1
2025-01-04,7,PT1H,MC-BajoPutumayo,7408.28,8095.1
2025-01-04,8,PT1H,MC-BajoPutumayo,8339.64,9233.2
2025-01-04,9,PT1H,MC-BajoPutumayo,9322.92,10460.3
2025-01-04,10,PT1H,MC-BajoPutumayo,10161.67,11320.5
2025-01-04,11,PT1H,MC-BajoPutumayo,10888.34,11769.3
2025-01-04,12,PT1H,MC-BajoPutumayo,11521.64,12188.6
2025-01-04,13,PT1H,MC-BajoPutumayo,11285.95,12092.7
2025-01-04,14,PT1H,MC-BajoPutumayo,11304.56,12200.7
2025-01-04,15,PT1H,MC-BajoPutumayo,11461.83,12404.8
2025-01-04,16,PT1H,MC-BajoPutumayo,11526.28,11793.6
2025-01-04,17,PT1H,MC-BajoPutumayo,11494.01,11742.9
2025-01-04,18,PT1H,MC-BajoPutumayo,11444.76,12247.4
2025-01-04,19,PT1H,MC-BajoPutumayo,12461.21,13102.0
2025-01-04,20,PT1H,MC-BajoPutumayo,13058.71,12718.1
2025-01-04,21,PT1H,MC-BajoPutumayo,12448.74,11936.1
2025-01-04,22,PT1H,MC-BajoPutumayo,11595.03,10869.7
2025-01-04,23,PT1H,MC-BajoPutumayo,10584.42,9890.9
2025-01-04,24,PT1H,MC-BajoPutumayo,9583.67,8928.3
2022-08-15,1,PT1H,MC-BajoPutumayo,6906.74,6590.24
2022-08-15,2,PT1H,MC-BajoPutumayo,6498.52,6143.13
2022-08-15,3,PT1H,MC-BajoPutumayo,6252.33,5951.57
2022-08-15,4,PT1H,MC-BajoPutumayo,6090.34,5877.11
2022-08-15,5,PT1H,MC-BajoPutumayo,6034.16,5903.75
2022-08-15,6,PT1H,MC-BajoPutumayo,6352.78,6502.88
2022-08-15,7,PT1H,MC-BajoPutumayo,6670.75,7377.23
2022-08-15,8,PT1H,MC-BajoPutumayo,7730.16,8138.87
2022-08-15,9,PT1H,MC-BajoPutumayo,8896.89,9168.06
2022-08-15,10,PT1H,MC-BajoPutumayo,10044.35,9748.96
2022-08-15,11,PT1H,MC-BajoPutumayo,10727.06,10269.2
2022-08-15,12,PT1H,MC-BajoPutumayo,11350.55,10608.62
2022-08-15,13,PT1H,MC-BajoPutumayo,11423.15,10305.76
2022-08-15,14,PT1H,MC-BajoPutumayo,11188.67,10511.21
2022-08-15,15,PT1H,MC-BajoPutumayo,11101.1,10735.05
2022-08-15,16,PT1H,MC-BajoPutumayo,11436.54,10624.18
2022-08-15,17,PT1H,MC-BajoPutumayo,11125.28,10702.95
2022-08-15,18,PT1H,MC-BajoPutumayo,10989.6,10681.83
2022-08-15,19,PT1H,MC-BajoPutumayo,11996.81,11634.82
2022-08-15,20,PT1H,MC-BajoPutumayo,10767.79,12309.33
2022-08-15,21,PT1H,MC-BajoPutumayo,12207.26,11554.53
2022-08-15,22,PT1H,MC-BajoPutumayo,11140.82,10132.71
2022-08-15,23,PT1H,MC-BajoPutumayo,9569.26,8470.71
2022-08-15,24,PT1H,MC-BajoPutumayo,8189.46,7216.28
2023-11-20,1,PT1H,MC-BajoPutumayo,7073.59,8141.52
2023-11-20,2,PT1H,MC-BajoPutumayo,6851.89,7755.55
2023-11-20,3,PT1H,MC-BajoPutumayo,6562.63,7460.95
2023-11-20,4,PT1H,MC-BajoPutumayo,6748.8,7264.33
2023-11-20,5,PT1H,MC-BajoPutumayo,6908.78,7258.25
2023-11-20,6,PT1H,MC-BajoPutumayo,7418.18,7575.36
2023-11-20,7,PT1H,MC-BajoPutumayo,8031.31,8122.58
2023-11-20,8,PT1H,MC-BajoPutumayo,9040.46,8965.45
2023-11-20,9,PT1H,MC-BajoPutumayo,10341.92,10245.85
2023-11-20,10,PT1H,MC-BajoPutumayo,10343.83,11110.06
2023-11-20,11,PT1H,MC-BajoPutumayo,12286.92,12089.08
2023-11-20,12,PT1H,MC-BajoPutumayo,12880.69,12780.16
2023-11-20,13,PT1H,MC-BajoPutumayo,13128.28,12594.36
2023-11-20,14,PT1H,MC-BajoPutumayo,14464.27,12877.58
2023-11-20,15,PT1H,MC-BajoPutumayo,14695.01,13594.97
2023-11-20,16,PT1H,MC-BajoPutumayo,13907.82,13638.99
2023-11-20,17,PT1H,MC-BajoPutumayo,13956.71,13412.01
2023-11-20,18,PT1H,MC-BajoPutumayo,14235.72,13072.87
2023-11-20,19,PT1H,MC-BajoPutumayo,13994.45,14000.13
2023-11-20,20,PT1H,MC-BajoPutumayo,13896.86,13912.24
2023-11-20,21,PT1H,MC-BajoPutumayo,13069.99,13168.93
2023-11-20,22,PT1H,MC-BajoPutumayo,11458.51,11953.57
2023-11-20,23,PT1H,MC-BajoPutumayo,9933.87,10402.92
2023-11-20,24,PT1H,MC-BajoPutumayo,8901.82,9125.68
2023-09-21,1,PT1H,MC-BajoPutumayo,7945.12,7884.9
2023-09-21,2,PT1H,MC-BajoPutumayo,7497.25,7621.98
2023-09-21,3,PT1H,MC-BajoPutumayo,7222.94,7345.77
2023-09-21,4,PT1H,MC-BajoPutumayo,7050.28,7129.7
2023-09-21,5,PT1H,MC-BajoPutumayo,7060.41,7109.82
2023-09-21,6,PT1H,MC-BajoPutumayo,7595.31,7565.53
2023-09-21,7,PT1H,MC-BajoPutumayo,8191.42,8080.07
2023-09-21,8,PT1H,MC-BajoPutumayo,8957.34,8918.94
2023-09-21,9,PT1H,MC-BajoPutumayo,10274.38,9857.7
2023-09-21,10,PT1H,MC-BajoPutumayo,11401.66,10753.86
2023-09-21,11,PT1H,MC-BajoPutumayo,12082.2,11564.86
2023-09-21,12,PT1H,MC-BajoPutumayo,12190.64,12074.76
2023-09-21,13,PT1H,MC-BajoPutumayo,11441.2,12234.98
2023-09-21,14,PT1H,MC-BajoPutumayo,11664.59,12566.3
2023-09-21,15,PT1H,MC-BajoPutumayo,12459.47,13129.12
2023-09-21,16,PT1H,MC-BajoPutumayo,13062.63,13273.49
2023-09-21,17,PT1H,MC-BajoPutumayo,13143.97,12937.4
2023-09-21,18,PT1H,MC-BajoPutumayo,12964.87,13178.02
2023-09-21,19,PT1H,MC-BajoPutumayo,14184.09,14041.86
2023-09-21,20,PT1H,MC-BajoPutumayo,14222.11,14348.57
2023-09-21,21,PT1H,MC-BajoPutumayo,13273.18,13539.21
2023-09-21,22,PT1H,MC-BajoPutumayo,11924.13,12132.24
2023-09-21,23,PT1H,MC-BajoPutumayo,10198.25,10758.43
2023-09-21,24,PT1H,MC-BajoPutumayo,8824.8,9218.87
2024-08-20,1,PT1H,MC-BajoPutumayo,7285.74,7077.7
2024-08-20,2,PT1H,MC-BajoPutumayo,6968.26,6653.3
2024-08-20,3,PT1H,MC-BajoPutumayo,6815.2,6541.6
2024-08-20,4,PT1H,MC-BajoPutumayo,6740.92,6266.1
2024-08-20,5,PT1H,MC-BajoPutumayo,6876.4,6533.0
2024-08-20,6,PT1H,MC-BajoPutumayo,7579.52,7438.0
2024-08-20,7,PT1H,MC-BajoPutumayo,8155.74,8464.1
2024-08-20,8,PT1H,MC-BajoPutumayo,9001.09,9068.3
2024-08-20,9,PT1H,MC-BajoPutumayo,9949.99,9705.8
2024-08-20,10,PT1H,MC-BajoPutumayo,10620.74,10407.5
2024-08-20,11,PT1H,MC-BajoPutumayo,11339.18,11317.0
2024-08-20,12,PT1H,MC-BajoPutumayo,11886.01,11712.8
2024-08-20,13,PT1H,MC-BajoPutumayo,11703.2,11191.4
2024-08-20,14,PT1H,MC-BajoPutumayo,12319.53,11477.5
2024-08-20,15,PT1H,MC-BajoPutumayo,13235.16,11625.7
2024-08-20,16,PT1H,MC-BajoPutumayo,12691.05,11642.6
2024-08-20,17,PT1H,MC-BajoPutumayo,12346.76,11703.0
2024-08-20,18,PT1H,MC-BajoPutumayo,12226.43,11765.7
2024-08-20,19,PT1H,MC-BajoPutumayo,13558.76,13206.1
2024-08-20,20,PT1H,MC-BajoPutumayo,13532.13,14122.7
2024-08-20,21,PT1H,MC-BajoPutumayo,12657.38,13337.7
2024-08-20,22,PT1H,MC-BajoPutumayo,11162.51,12026.2
2024-08-20,23,PT1H,MC-BajoPutumayo,9458.48,9710.9
2024-08-20,24,PT1H,MC-BajoPutumayo,8151.8,7875.5
2023-05-21,1,PT1H,MC-BajoPutumayo,7735.68,9192.39
2023-05-21,2,PT1H,MC-BajoPutumayo,7285.17,8660.96
2023-05-21,3,PT1H,MC-BajoPutumayo,6967.95,8219.82
2023-05-21,4,PT1H,MC-BajoPutumayo,6798.18,7931.57
2023-05-21,5,PT1H,MC-BajoPutumayo,6695.73,7694.0
2023-05-21,6,PT1H,MC-BajoPutumayo,6767.61,7702.89
2023-05-21,7,PT1H,MC-BajoPutumayo,6978.45,7998.49
2023-05-21,8,PT1H,MC-BajoPutumayo,5387.75,5496.07
2023-05-21,9,PT1H,MC-BajoPutumayo,5515.76,6122.78
2023-05-21,10,PT1H,MC-BajoPutumayo,6057.85,6767.75
2023-05-21,11,PT1H,MC-BajoPutumayo,6292.42,7177.02
2023-05-21,12,PT1H,MC-BajoPutumayo,6561.56,7407.6
2023-05-21,13,PT1H,MC-BajoPutumayo,6859.98,9731.83
2023-05-21,14,PT1H,MC-BajoPutumayo,7113.15,11783.09
2023-05-21,15,PT1H,MC-BajoPutumayo,8428.38,11622.7
2023-05-21,16,PT1H,MC-BajoPutumayo,11865.55,11551.42
2023-05-21,17,PT1H,MC-BajoPutumayo,11798.29,11536.34
2023-05-21,18,PT1H,MC-BajoPutumayo,11573.85,11818.83
2023-05-21,19,PT1H,MC-BajoPutumayo,12806.8,13684.13
2023-05-21,20,PT1H,MC-BajoPutumayo,13039.96,14194.0
2023-05-21,21,PT1H,MC-BajoPutumayo,12318.29,13583.85
2023-05-21,22,PT1H,MC-BajoPutumayo,11436.92,12578.75
2023-05-21,23,PT1H,MC-BajoPutumayo,10438.78,11203.24
2023-05-21,24,PT1H,MC-BajoPutumayo,9414.34,9942.65
2023-04-16,1,PT1H,MC-BajoPutumayo,8506.84,7137.41
2023-04-16,2,PT1H,MC-BajoPutumayo,7784.75,6709.74
2023-04-16,3,PT1H,MC-BajoPutumayo,7416.27,6358.69
2023-04-16,4,PT1H,MC-BajoPutumayo,7227.18,6166.2
2023-04-16,5,PT1H,MC-BajoPutumayo,7007.73,6031.96
2023-04-16,6,PT1H,MC-BajoPutumayo,7074.74,6116.04
2023-04-16,7,PT1H,MC-BajoPutumayo,7319.82,6547.77
2023-04-16,8,PT1H,MC-BajoPutumayo,8079.37,7411.85
2023-04-16,9,PT1H,MC-BajoPutumayo,8893.89,8361.09
2023-04-16,10,PT1H,MC-BajoPutumayo,9444.12,9083.48
2023-04-16,11,PT1H,MC-BajoPutumayo,10024.24,9662.24
2023-04-16,12,PT1H,MC-BajoPutumayo,10531.3,10067.28
2023-04-16,13,PT1H,MC-BajoPutumayo,10785.41,10292.64
2023-04-16,14,PT1H,MC-BajoPutumayo,10957.81,10450.56
2023-04-16,15,PT1H,MC-BajoPutumayo,11070.55,10432.0
2023-04-16,16,PT1H,MC-BajoPutumayo,10991.88,10327.64
2023-04-16,17,PT1H,MC-BajoPutumayo,10826.03,10192.34
2023-04-16,18,PT1H,MC-BajoPutumayo,10768.52,10131.09
2023-04-16,19,PT1H,MC-BajoPutumayo,12135.43,11467.45
2023-04-16,20,PT1H,MC-BajoPutumayo,12407.16,11981.76
2023-04-16,21,PT1H,MC-BajoPutumayo,11781.47,11252.34
2023-04-16,22,PT1H,MC-BajoPutumayo,10780.62,10308.43
2023-04-16,23,PT1H,MC-BajoPutumayo,9428.57,8968.88
2023-04-16,24,PT1H,MC-BajoPutumayo,8216.8,7946.01
2023-09-29,1,PT1H,MC-BajoPutumayo,8050.84,8011.99
2023-09-29,2,PT1H,MC-BajoPutumayo,7598.83,7662.79
2023-09-29,3,PT1H,MC-BajoPutumayo,7327.01,7191.03
2023-09-29,4,PT1H,MC-BajoPutumayo,7164.39,7140.33
2023-09-29,5,PT1H,MC-BajoPutumayo,7187.66,7269.24
2023-09-29,6,PT1H,MC-BajoPutumayo,7604.2,8255.92
2023-09-29,7,PT1H,MC-BajoPutumayo,8246.55,9416.31
2023-09-29,8,PT1H,MC-BajoPutumayo,9233.03,10018.32
2023-09-29,9,PT1H,MC-BajoPutumayo,10792.19,10811.61
2023-09-29,10,PT1H,MC-BajoPutumayo,11861.53,11549.21
2023-09-29,11,PT1H,MC-BajoPutumayo,12745.51,12414.42
2023-09-29,12,PT1H,MC-BajoPutumayo,13468.57,12981.65
2023-09-29,13,PT1H,MC-BajoPutumayo,12672.31,12830.51
2023-09-29,14,PT1H,MC-BajoPutumayo,11580.19,13098.91
2023-09-29,15,PT1H,MC-BajoPutumayo,10326.68,14012.37
2023-09-29,16,PT1H,MC-BajoPutumayo,11085.35,14367.29
2023-09-29,17,PT1H,MC-BajoPutumayo,11696.68,13958.65
2023-09-29,18,PT1H,MC-BajoPutumayo,11880.57,13601.47
2023-09-29,19,PT1H,MC-BajoPutumayo,13252.4,15284.46
2023-09-29,20,PT1H,MC-BajoPutumayo,13266.15,16262.0
2023-09-29,21,PT1H,MC-BajoPutumayo,12453.99,15465.06
2023-09-29,22,PT1H,MC-BajoPutumayo,11291.06,13619.55
2023-09-29,23,PT1H,MC-BajoPutumayo,9937.71,10942.89
2023-09-29,24,PT1H,MC-BajoPutumayo,8706.56,9088.53
2026-02-02,1,PT1H,MC-BajoPutumayo,8708.1,7988.0
2026-02-02,2,PT1H,MC-BajoPutumayo,9518.56,7465.5
2026-02-02,3,PT1H,MC-BajoPutumayo,7570.32,7109.1
2026-02-02,4,PT1H,MC-BajoPutumayo,7738.35,6934.2
2026-02-02,5,PT1H,MC-BajoPutumayo,7945.6,6961.7
2026-02-02,6,PT1H,MC-BajoPutumayo,8986.82,7448.5
2026-02-02,7,PT1H,MC-BajoPutumayo,9294.46,8196.7
2026-02-02,8,PT1H,MC-BajoPutumayo,10168.02,8983.1
2026-02-02,9,PT1H,MC-BajoPutumayo,11255.58,10456.7
2026-02-02,10,PT1H,MC-BajoPutumayo,11828.46,11190.3
2026-02-02,11,PT1H,MC-BajoPutumayo,12077.56,11637.6
2026-02-02,12,PT1H,MC-BajoPutumayo,12302.35,11944.2
2026-02-02,13,PT1H,MC-BajoPutumayo,11949.22,11768.2
2026-02-02,14,PT1H,MC-BajoPutumayo,12295.96,11726.6
2026-02-02,15,PT1H,MC-BajoPutumayo,12987.12,12208.7
2026-02-02,16,PT1H,MC-BajoPutumayo,13143.75,12724.3
2026-02-02,17,PT1H,MC-BajoPutumayo,12979.02,12732.8
2026-02-02,18,PT1H,MC-BajoPutumayo,13053.24,12819.3
2026-02-02,19,PT1H,MC-BajoPutumayo,14891.52,13980.2
2026-02-02,20,PT1H,MC-BajoPutumayo,14613.96,14012.4
2026-02-02,21,PT1H,MC-BajoPutumayo,13133.99,13205.9
2026-02-02,22,PT1H,MC-BajoPutumayo,11846.02,11842.7
2026-02-02,23,PT1H,MC-BajoPutumayo,10008.67,10033.2
2026-02-02,24,PT1H,MC-BajoPutumayo,8682.46,8758.0
2023-08-02,1,PT1H,MC-BajoPutumayo,6623.32,7437.7
2023-08-02,2,PT1H,MC-BajoPutumayo,6264.52,6991.37
2023-08-02,3,PT1H,MC-BajoPutumayo,6075.1,6741.53
2023-08-02,4,PT1H,MC-BajoPutumayo,5996.14,6678.1
2023-08-02,5,PT1H,MC-BajoPutumayo,6094.34,6855.49
2023-08-02,6,PT1H,MC-BajoPutumayo,5495.53,7517.42
2023-08-02,7,PT1H,MC-BajoPutumayo,7582.9,8392.9
2023-08-02,8,PT1H,MC-BajoPutumayo,8226.11,9035.37
2023-08-02,9,PT1H,MC-BajoPutumayo,9418.83,10104.58
2023-08-02,10,PT1H,MC-BajoPutumayo,10353.69,10742.61
2023-08-02,11,PT1H,MC-BajoPutumayo,11117.34,11302.1
2023-08-02,12,PT1H,MC-BajoPutumayo,11801.94,11532.04
2023-08-02,13,PT1H,MC-BajoPutumayo,11463.31,11361.49
2023-08-02,14,PT1H,MC-BajoPutumayo,11748.72,11089.5
2023-08-02,15,PT1H,MC-BajoPutumayo,12698.6,10930.19
2023-08-02,16,PT1H,MC-BajoPutumayo,13245.46,10887.59
2023-08-02,17,PT1H,MC-BajoPutumayo,13050.28,10999.87
2023-08-02,18,PT1H,MC-BajoPutumayo,12688.13,11056.7
2023-08-02,19,PT1H,MC-BajoPutumayo,13307.18,12732.87
2023-08-02,20,PT1H,MC-BajoPutumayo,13992.27,14002.33
2023-08-02,21,PT1H,MC-BajoPutumayo,13111.47,13361.31
2023-08-02,22,PT1H,MC-BajoPutumayo,11919.02,11893.12
2023-08-02,23,PT1H,MC-BajoPutumayo,10092.88,10045.62
2023-08-02,24,PT1H,MC-BajoPutumayo,8598.18,8546.62
2022-03-07,1,PT1H,MC-BajoPutumayo,7180.8,7230.94
2022-03-07,2,PT1H,MC-BajoPutumayo,6705.14,6786.66
2022-03-07,3,PT1H,MC-BajoPutumayo,6470.38,6530.03
2022-03-07,4,PT1H,MC-BajoPutumayo,6341.83,6402.59
2022-03-07,5,PT1H,MC-BajoPutumayo,6358.18,6465.73
2022-03-07,6,PT1H,MC-BajoPutumayo,6965.91,6943.03
2022-03-07,7,PT1H,MC-BajoPutumayo,7649.88,7582.69
2022-03-07,8,PT1H,MC-BajoPutumayo,8255.36,8088.37
2022-03-07,9,PT1H,MC-BajoPutumayo,9304.31,9102.41
2022-03-07,10,PT1H,MC-BajoPutumayo,9235.88,9738.52
2022-03-07,11,PT1H,MC-BajoPutumayo,11481.43,10315.4
2022-03-07,12,PT1H,MC-BajoPutumayo,12227.16,10681.17
2022-03-07,13,PT1H,MC-BajoPutumayo,11794.2,10353.5
2022-03-07,14,PT1H,MC-BajoPutumayo,12010.17,10505.89
2022-03-07,15,PT1H,MC-BajoPutumayo,12724.45,10950.22
2022-03-07,16,PT1H,MC-BajoPutumayo,12724.68,11186.92
2022-03-07,17,PT1H,MC-BajoPutumayo,12438.72,11162.9
2022-03-07,18,PT1H,MC-BajoPutumayo,12153.99,11017.88
2022-03-07,19,PT1H,MC-BajoPutumayo,12935.95,11939.68
2022-03-07,20,PT1H,MC-BajoPutumayo,13468.92,12476.73
2022-03-07,21,PT1H,MC-BajoPutumayo,12839.24,11852.08
2022-03-07,22,PT1H,MC-BajoPutumayo,11828.53,10866.79
2022-03-07,23,PT1H,MC-BajoPutumayo,10180.73,9421.51
2022-03-07,24,PT1H,MC-BajoPutumayo,8504.68,7962.85
2024-05-01,1,PT1H,MC-BajoPutumayo,8526.48,8803.29
2024-05-01,2,PT1H,MC-BajoPutumayo,8042.59,8289.87
2024-05-01,3,PT1H,MC-BajoPutumayo,7647.81,7986.94
2024-05-01,4,PT1H,MC-BajoPutumayo,7495.87,7785.14
2024-05-01,5,PT1H,MC-BajoPutumayo,7466.61,7803.97
2024-05-01,6,PT1H,MC-BajoPutumayo,7677.7,8343.36
2024-05-01,7,PT1H,MC-BajoPutumayo,7877.55,8857.67
2024-05-01,8,PT1H,MC-BajoPutumayo,8544.83,9305.66
2024-05-01,9,PT1H,MC-BajoPutumayo,9267.54,10279.84
2024-05-01,10,PT1H,MC-BajoPutumayo,9983.96,10843.05
2024-05-01,11,PT1H,MC-BajoPutumayo,10417.02,11236.43
2024-05-01,12,PT1H,MC-BajoPutumayo,10788.79,11771.88
2024-05-01,13,PT1H,MC-BajoPutumayo,10616.7,11478.51
2024-05-01,14,PT1H,MC-BajoPutumayo,10525.69,11680.68
2024-05-01,15,PT1H,MC-BajoPutumayo,10928.65,12421.29
2024-05-01,16,PT1H,MC-BajoPutumayo,11133.97,12751.56
2024-05-01,17,PT1H,MC-BajoPutumayo,11254.61,12798.91
2024-05-01,18,PT1H,MC-BajoPutumayo,11151.63,12671.81
2024-05-01,19,PT1H,MC-BajoPutumayo,12474.77,13769.43
2024-05-01,20,PT1H,MC-BajoPutumayo,12856.68,14146.4
2024-05-01,21,PT1H,MC-BajoPutumayo,12246.31,13398.06
2024-05-01,22,PT1H,MC-BajoPutumayo,11179.69,12146.54
2024-05-01,23,PT1H,MC-BajoPutumayo,9748.92,10449.96
2024-05-01,24,PT1H,MC-BajoPutumayo,8255.93,9114.74
2025-08-23,1,PT1H,MC-BajoPutumayo,8807.92,7547.2
2025-08-23,2,PT1H,MC-BajoPutumayo,8236.71,7228.8
2025-08-23,3,PT1H,MC-BajoPutumayo,7882.01,7079.0
2025-08-23,4,PT1H,MC-BajoPutumayo,7737.45,6851.4
2025-08-23,5,PT1H,MC-BajoPutumayo,7645.14,6865.4
2025-08-23,6,PT1H,MC-BajoPutumayo,7853.21,7556.6
2025-08-23,7,PT1H,MC-BajoPutumayo,8264.2,8493.8
2025-08-23,8,PT1H,MC-BajoPutumayo,9302.17,9585.3
2025-08-23,9,PT1H,MC-BajoPutumayo,10878.11,10454.4
2025-08-23,10,PT1H,MC-BajoPutumayo,12075.69,11500.3
2025-08-23,11,PT1H,MC-BajoPutumayo,12374.9,12003.4
2025-08-23,12,PT1H,MC-BajoPutumayo,13370.09,12435.0
2025-08-23,13,PT1H,MC-BajoPutumayo,13789.09,11952.8
2025-08-23,14,PT1H,MC-BajoPutumayo,13697.46,12141.2
2025-08-23,15,PT1H,MC-BajoPutumayo,13928.15,12924.7
2025-08-23,16,PT1H,MC-BajoPutumayo,13980.43,13099.7
2025-08-23,17,PT1H,MC-BajoPutumayo,14023.81,12824.1
2025-08-23,18,PT1H,MC-BajoPutumayo,13816.27,12486.9
2025-08-23,19,PT1H,MC-BajoPutumayo,14766.0,14403.0
2025-08-23,20,PT1H,MC-BajoPutumayo,15068.72,14530.7
2025-08-23,21,PT1H,MC-BajoPutumayo,14035.5,13787.9
2025-08-23,22,PT1H,MC-BajoPutumayo,12829.99,12185.6
2025-08-23,23,PT1H,MC-BajoPutumayo,11352.39,10233.7
2025-08-23,24,PT1H,MC-BajoPutumayo,9994.14,8389.2
2023-03-27,1,PT1H,MC-BajoPutumayo,7100.33,7468.5
2023-03-27,2,PT1H,MC-BajoPutumayo,6688.62,6999.83
2023-03-27,3,PT1H,MC-BajoPutumayo,6456.36,6724.48
2023-03-27,4,PT1H,MC-BajoPutumayo,6334.04,6634.96
2023-03-27,5,PT1H,MC-BajoPutumayo,6436.42,6657.55
2023-03-27,6,PT1H,MC-BajoPutumayo,7222.81,7289.6
2023-03-27,7,PT1H,MC-BajoPutumayo,7967.43,8065.95
2023-03-27,8,PT1H,MC-BajoPutumayo,8490.91,8859.62
2023-03-27,9,PT1H,MC-BajoPutumayo,9434.36,9835.99
2023-03-27,10,PT1H,MC-BajoPutumayo,10033.19,10322.23
2023-03-27,11,PT1H,MC-BajoPutumayo,10753.62,10876.94
2023-03-27,12,PT1H,MC-BajoPutumayo,11375.43,11391.45
2023-03-27,13,PT1H,MC-BajoPutumayo,10877.85,11068.91
2023-03-27,14,PT1H,MC-BajoPutumayo,11233.59,11311.24
2023-03-27,15,PT1H,MC-BajoPutumayo,12240.65,12124.71
2023-03-27,16,PT1H,MC-BajoPutumayo,12120.23,12294.23
2023-03-27,17,PT1H,MC-BajoPutumayo,11966.41,12525.28
2023-03-27,18,PT1H,MC-BajoPutumayo,11924.83,12223.43
2023-03-27,19,PT1H,MC-BajoPutumayo,12808.81,13015.07
2023-03-27,20,PT1H,MC-BajoPutumayo,13403.69,13567.11
2023-03-27,21,PT1H,MC-BajoPutumayo,12545.62,12676.6
2023-03-27,22,PT1H,MC-BajoPutumayo,11161.61,11375.74
2023-03-27,23,PT1H,MC-BajoPutumayo,9436.77,9761.65
2023-03-27,24,PT1H,MC-BajoPutumayo,8235.84,8380.23
2026-01-06,1,PT1H,MC-BajoPutumayo,8520.75,8511.7
2026-01-06,2,PT1H,MC-BajoPutumayo,7968.9,8044.9
2026-01-06,3,PT1H,MC-BajoPutumayo,7539.01,7758.6
2026-01-06,4,PT1H,MC-BajoPutumayo,7334.13,7565.9
2026-01-06,5,PT1H,MC-BajoPutumayo,7249.96,7595.1
2026-01-06,6,PT1H,MC-BajoPutumayo,7331.66,7840.4
2026-01-06,7,PT1H,MC-BajoPutumayo,7498.37,8506.4
2026-01-06,8,PT1H,MC-BajoPutumayo,8270.52,9722.8
2026-01-06,9,PT1H,MC-BajoPutumayo,9670.1,10842.8
2026-01-06,10,PT1H,MC-BajoPutumayo,10731.2,11736.2
2026-01-06,11,PT1H,MC-BajoPutumayo,11120.57,12702.9
2026-01-06,12,PT1H,MC-BajoPutumayo,11170.5,13269.0
2026-01-06,13,PT1H,MC-BajoPutumayo,11162.29,13131.8
2026-01-06,14,PT1H,MC-BajoPutumayo,11248.69,13723.1
2026-01-06,15,PT1H,MC-BajoPutumayo,11271.14,13927.4
2026-01-06,16,PT1H,MC-BajoPutumayo,10954.94,13733.3
2026-01-06,17,PT1H,MC-BajoPutumayo,10942.23,13553.5
2026-01-06,18,PT1H,MC-BajoPutumayo,11100.05,13670.7
2026-01-06,19,PT1H,MC-BajoPutumayo,12683.28,13783.8
2026-01-06,20,PT1H,MC-BajoPutumayo,12662.84,13360.2
2026-01-06,21,PT1H,MC-BajoPutumayo,11926.21,12622.4
2026-01-06,22,PT1H,MC-BajoPutumayo,10862.31,11633.1
2026-01-06,23,PT1H,MC-BajoPutumayo,9825.1,10387.5
2026-01-06,24,PT1H,MC-BajoPutumayo,8939.93,9091.3
2022-06-21,1,PT1H,MC-BajoPutumayo,6391.28,6644.69
2022-06-21,2,PT1H,MC-BajoPutumayo,6037.74,6234.33
2022-06-21,3,PT1H,MC-BajoPutumayo,5869.19,6064.0
2022-06-21,4,PT1H,MC-BajoPutumayo,5790.41,5762.39
2022-06-21,5,PT1H,MC-BajoPutumayo,5815.92,5944.69
2022-06-21,6,PT1H,MC-BajoPutumayo,6208.72,6572.15
2022-06-21,7,PT1H,MC-BajoPutumayo,6478.38,7395.36
2022-06-21,8,PT1H,MC-BajoPutumayo,8018.61,8004.78
2022-06-21,9,PT1H,MC-BajoPutumayo,9139.12,8861.59
2022-06-21,10,PT1H,MC-BajoPutumayo,9964.77,9782.93
2022-06-21,11,PT1H,MC-BajoPutumayo,10629.25,10381.54
2022-06-21,12,PT1H,MC-BajoPutumayo,11390.77,10703.5
2022-06-21,13,PT1H,MC-BajoPutumayo,11047.97,10263.93
2022-06-21,14,PT1H,MC-BajoPutumayo,11112.11,10477.88
2022-06-21,15,PT1H,MC-BajoPutumayo,11870.27,11149.3
2022-06-21,16,PT1H,MC-BajoPutumayo,12075.48,11251.99
2022-06-21,17,PT1H,MC-BajoPutumayo,12135.07,11200.94
2022-06-21,18,PT1H,MC-BajoPutumayo,11692.42,11379.62
2022-06-21,19,PT1H,MC-BajoPutumayo,12418.41,12357.54
2022-06-21,20,PT1H,MC-BajoPutumayo,12888.61,12720.15
2022-06-21,21,PT1H,MC-BajoPutumayo,12188.05,11957.05
2022-06-21,22,PT1H,MC-BajoPutumayo,11112.5,10658.77
2022-06-21,23,PT1H,MC-BajoPutumayo,9485.56,8991.23
2022-06-21,24,PT1H,MC-BajoPutumayo,7900.11,7640.28
2024-10-06,1,PT1H,MC-BajoPutumayo,9270.28,9300.0
2024-10-06,2,PT1H,MC-BajoPutumayo,8649.97,8581.2
2024-10-06,3,PT1H,MC-BajoPutumayo,8230.84,8117.6
2024-10-06,4,PT1H,MC-BajoPutumayo,8039.33,7980.2
2024-10-06,5,PT1H,MC-BajoPutumayo,7880.48,7700.3
2024-10-06,6,PT1H,MC-BajoPutumayo,7748.59,7638.9
2024-10-06,7,PT1H,MC-BajoPutumayo,8327.99,7905.1
2024-10-06,8,PT1H,MC-BajoPutumayo,9372.43,9057.2
2024-10-06,9,PT1H,MC-BajoPutumayo,10682.66,10126.2
2024-10-06,10,PT1H,MC-BajoPutumayo,11656.7,10810.7
2024-10-06,11,PT1H,MC-BajoPutumayo,12301.52,11370.4
2024-10-06,12,PT1H,MC-BajoPutumayo,12629.7,11875.8
2024-10-06,13,PT1H,MC-BajoPutumayo,12816.05,12085.6
2024-10-06,14,PT1H,MC-BajoPutumayo,12854.29,12209.0
2024-10-06,15,PT1H,MC-BajoPutumayo,13109.4,12430.3
2024-10-06,16,PT1H,MC-BajoPutumayo,12435.17,12393.3
2024-10-06,17,PT1H,MC-BajoPutumayo,11878.02,12325.3
2024-10-06,18,PT1H,MC-BajoPutumayo,12842.34,12505.3
2024-10-06,19,PT1H,MC-BajoPutumayo,14169.14,14168.0
2024-10-06,20,PT1H,MC-BajoPutumayo,14083.55,14033.2
2024-10-06,21,PT1H,MC-BajoPutumayo,13109.69,13322.8
2024-10-06,22,PT1H,MC-BajoPutumayo,11823.3,12224.1
2024-10-06,23,PT1H,MC-BajoPutumayo,10137.13,10765.2
2024-10-06,24,PT1H,MC-BajoPutumayo,9012.0,9486.3
2023-01-28,1,PT1H,MC-BajoPutumayo,8672.78,9481.18
2023-01-28,2,PT1H,MC-BajoPutumayo,5811.37,8923.83
2023-01-28,3,PT1H,MC-BajoPutumayo,7896.55,8330.14
2023-01-28,4,PT1H,MC-BajoPutumayo,7388.9,8110.69
2023-01-28,5,PT1H,MC-BajoPutumayo,7194.18,7936.15
2023-01-28,6,PT1H,MC-BajoPutumayo,7332.97,7874.79
2023-01-28,7,PT1H,MC-BajoPutumayo,7576.09,7712.61
2023-01-28,8,PT1H,MC-BajoPutumayo,8734.55,8470.12
2023-01-28,9,PT1H,MC-BajoPutumayo,10187.19,9778.8
2023-01-28,10,PT1H,MC-BajoPutumayo,11527.13,10339.1
2023-01-28,11,PT1H,MC-BajoPutumayo,12210.77,10830.85
2023-01-28,12,PT1H,MC-BajoPutumayo,12431.07,11054.48
2023-01-28,13,PT1H,MC-BajoPutumayo,12711.37,11177.98
2023-01-28,14,PT1H,MC-BajoPutumayo,12667.38,11064.42
2023-01-28,15,PT1H,MC-BajoPutumayo,12937.2,11056.93
2023-01-28,16,PT1H,MC-BajoPutumayo,12879.41,11097.29
2023-01-28,17,PT1H,MC-BajoPutumayo,12883.17,10991.25
2023-01-28,18,PT1H,MC-BajoPutumayo,12638.71,11169.77
2023-01-28,19,PT1H,MC-BajoPutumayo,13383.59,12413.27
2023-01-28,20,PT1H,MC-BajoPutumayo,14213.95,12884.0
2023-01-28,21,PT1H,MC-BajoPutumayo,13439.41,12205.11
2023-01-28,22,PT1H,MC-BajoPutumayo,12472.9,11088.86
2023-01-28,23,PT1H,MC-BajoPutumayo,11158.07,9836.53
2023-01-28,24,PT1H,MC-BajoPutumayo,9971.55,8735.81
2023-12-06,1,PT1H,MC-BajoPutumayo,8246.76,7400.94
2023-12-06,2,PT1H,MC-BajoPutumayo,7734.18,6974.63
2023-12-06,3,PT1H,MC-BajoPutumayo,7495.73,6719.09
2023-12-06,4,PT1H,MC-BajoPutumayo,7315.19,6571.83
2023-12-06,5,PT1H,MC-BajoPutumayo,7280.97,6567.77
2023-12-06,6,PT1H,MC-BajoPutumayo,7598.55,7056.83
2023-12-06,7,PT1H,MC-BajoPutumayo,7959.1,7742.28
2023-12-06,8,PT1H,MC-BajoPutumayo,9059.25,8701.89
2023-12-06,9,PT1H,MC-BajoPutumayo,10447.37,9894.22
2023-12-06,10,PT1H,MC-BajoPutumayo,11294.24,10679.88
2023-12-06,11,PT1H,MC-BajoPutumayo,11777.11,11520.68
2023-12-06,12,PT1H,MC-BajoPutumayo,12342.61,12127.83
2023-12-06,13,PT1H,MC-BajoPutumayo,11801.33,11836.49
2023-12-06,14,PT1H,MC-BajoPutumayo,11606.96,12089.95
2023-12-06,15,PT1H,MC-BajoPutumayo,12397.52,12828.43
2023-12-06,16,PT1H,MC-BajoPutumayo,12539.24,12827.76
2023-12-06,17,PT1H,MC-BajoPutumayo,12226.17,12636.24
2023-12-06,18,PT1H,MC-BajoPutumayo,11983.61,12471.23
2023-12-06,19,PT1H,MC-BajoPutumayo,12969.88,13439.8
2023-12-06,20,PT1H,MC-BajoPutumayo,13089.24,13199.94
2023-12-06,21,PT1H,MC-BajoPutumayo,12412.01,12403.95
2023-12-06,22,PT1H,MC-BajoPutumayo,11238.8,11286.84
2023-12-06,23,PT1H,MC-BajoPutumayo,9750.66,9803.28
2023-12-06,24,PT1H,MC-BajoPutumayo,8387.5,8478.5
2026-01-18,1,PT1H,MC-BajoPutumayo,7996.0,7581.7
2026-01-18,2,PT1H,MC-BajoPutumayo,7448.47,7143.0
2026-01-18,3,PT1H,MC-BajoPutumayo,7145.32,6858.5
2026-01-18,4,PT1H,MC-BajoPutumayo,6966.03,6747.1
2026-01-18,5,PT1H,MC-BajoPutumayo,6983.17,6822.3
2026-01-18,6,PT1H,MC-BajoPutumayo,6878.83,6920.8
2026-01-18,7,PT1H,MC-BajoPutumayo,7478.96,7302.0
2026-01-18,8,PT1H,MC-BajoPutumayo,8297.47,8482.4
2026-01-18,9,PT1H,MC-BajoPutumayo,9390.87,9756.6
2026-01-18,10,PT1H,MC-BajoPutumayo,10169.19,10601.7
2026-01-18,11,PT1H,MC-BajoPutumayo,11028.1,11349.1
2026-01-18,12,PT1H,MC-BajoPutumayo,11340.03,11601.4
2026-01-18,13,PT1H,MC-BajoPutumayo,11186.22,11307.6
2026-01-18,14,PT1H,MC-BajoPutumayo,11063.71,11700.6
2026-01-18,15,PT1H,MC-BajoPutumayo,11193.34,12287.8
2026-01-18,16,PT1H,MC-BajoPutumayo,11323.06,12278.2
2026-01-18,17,PT1H,MC-BajoPutumayo,11334.14,12099.8
2026-01-18,18,PT1H,MC-BajoPutumayo,11620.53,12014.3
2026-01-18,19,PT1H,MC-BajoPutumayo,13301.46,13130.7
2026-01-18,20,PT1H,MC-BajoPutumayo,13555.19,12739.0
2026-01-18,21,PT1H,MC-BajoPutumayo,12899.88,12060.8
2026-01-18,22,PT1H,MC-BajoPutumayo,11838.04,10936.4
2026-01-18,23,PT1H,MC-BajoPutumayo,10370.69,9747.7
2026-01-18,24,PT1H,MC-BajoPutumayo,9187.85,8659.1
2023-01-18,1,PT1H,MC-BajoPutumayo,6388.99,6825.17
2023-01-18,2,PT1H,MC-BajoPutumayo,5970.99,6209.65
2023-01-18,3,PT1H,MC-BajoPutumayo,5763.17,6153.64
2023-01-18,4,PT1H,MC-BajoPutumayo,5713.25,5976.22
2023-01-18,5,PT1H,MC-BajoPutumayo,5775.72,6217.28
2023-01-18,6,PT1H,MC-BajoPutumayo,6191.74,6597.4
2023-01-18,7,PT1H,MC-BajoPutumayo,6783.79,7163.66
2023-01-18,8,PT1H,MC-BajoPutumayo,8000.03,7969.45
2023-01-18,9,PT1H,MC-BajoPutumayo,8866.39,8978.6
2023-01-18,10,PT1H,MC-BajoPutumayo,9717.26,9730.56
2023-01-18,11,PT1H,MC-BajoPutumayo,10293.42,10384.22
2023-01-18,12,PT1H,MC-BajoPutumayo,10742.78,10939.36
2023-01-18,13,PT1H,MC-BajoPutumayo,10641.17,10602.18
2023-01-18,14,PT1H,MC-BajoPutumayo,10867.23,10679.56
2023-01-18,15,PT1H,MC-BajoPutumayo,11643.0,11010.2
2023-01-18,16,PT1H,MC-BajoPutumayo,11937.67,11120.49
2023-01-18,17,PT1H,MC-BajoPutumayo,11970.1,10777.64
2023-01-18,18,PT1H,MC-BajoPutumayo,11588.78,10923.45
2023-01-18,19,PT1H,MC-BajoPutumayo,12140.32,11835.39
2023-01-18,20,PT1H,MC-BajoPutumayo,12745.57,11580.82
2023-01-18,21,PT1H,MC-BajoPutumayo,11844.64,10868.31
2023-01-18,22,PT1H,MC-BajoPutumayo,10740.88,9720.32
2023-01-18,23,PT1H,MC-BajoPutumayo,9254.95,8414.74
2023-01-18,24,PT1H,MC-BajoPutumayo,7978.68,7278.09
2023-05-31,1,PT1H,MC-BajoPutumayo,7888.76,6960.64
2023-05-31,2,PT1H,MC-BajoPutumayo,7327.66,6492.7
2023-05-31,3,PT1H,MC-BajoPutumayo,6848.31,6279.47
2023-05-31,4,PT1H,MC-BajoPutumayo,6591.02,6151.64
2023-05-31,5,PT1H,MC-BajoPutumayo,6563.99,6138.81
2023-05-31,6,PT1H,MC-BajoPutumayo,7086.98,6714.81
2023-05-31,7,PT1H,MC-BajoPutumayo,7722.72,7442.6
2023-05-31,8,PT1H,MC-BajoPutumayo,8367.14,8179.74
2023-05-31,9,PT1H,MC-BajoPutumayo,9366.43,9123.79
2023-05-31,10,PT1H,MC-BajoPutumayo,10054.93,9944.92
2023-05-31,11,PT1H,MC-BajoPutumayo,10274.94,10674.42
2023-05-31,12,PT1H,MC-BajoPutumayo,10390.23,11065.32
2023-05-31,13,PT1H,MC-BajoPutumayo,9994.18,10796.1
2023-05-31,14,PT1H,MC-BajoPutumayo,10126.76,11047.22
2023-05-31,15,PT1H,MC-BajoPutumayo,10460.84,11960.76
2023-05-31,16,PT1H,MC-BajoPutumayo,10573.21,12180.21
2023-05-31,17,PT1H,MC-BajoPutumayo,10582.46,12090.64
2023-05-31,18,PT1H,MC-BajoPutumayo,10618.36,11767.84
2023-05-31,19,PT1H,MC-BajoPutumayo,11854.03,12840.75
2023-05-31,20,PT1H,MC-BajoPutumayo,12094.59,13079.61
2023-05-31,21,PT1H,MC-BajoPutumayo,11344.27,12353.47
2023-05-31,22,PT1H,MC-BajoPutumayo,10250.71,11192.4
2023-05-31,23,PT1H,MC-BajoPutumayo,8682.02,9540.24
2023-05-31,24,PT1H,MC-BajoPutumayo,7536.72,8225.21
2025-07-11,1,PT1H,MC-BajoPutumayo,6658.85,7366.7
2025-07-11,2,PT1H,MC-BajoPutumayo,6256.4,6908.4
2025-07-11,3,PT1H,MC-BajoPutumayo,6081.1,6681.7
2025-07-11,4,PT1H,MC-BajoPutumayo,5983.38,6540.3
2025-07-11,5,PT1H,MC-BajoPutumayo,6058.76,6574.4
2025-07-11,6,PT1H,MC-BajoPutumayo,6714.03,7021.6
2025-07-11,7,PT1H,MC-BajoPutumayo,7730.67,7601.7
2025-07-11,8,PT1H,MC-BajoPutumayo,8361.65,8371.7
2025-07-11,9,PT1H,MC-BajoPutumayo,9239.41,9441.5
2025-07-11,10,PT1H,MC-BajoPutumayo,9865.89,10072.4
2025-07-11,11,PT1H,MC-BajoPutumayo,10368.62,10602.7
2025-07-11,12,PT1H,MC-BajoPutumayo,10590.62,11117.4
2025-07-11,13,PT1H,MC-BajoPutumayo,10257.12,10791.9
2025-07-11,14,PT1H,MC-BajoPutumayo,10127.71,11093.6
2025-07-11,15,PT1H,MC-BajoPutumayo,10571.09,11627.0
2025-07-11,16,PT1H,MC-BajoPutumayo,10729.99,11880.9
2025-07-11,17,PT1H,MC-BajoPutumayo,10792.33,11867.3
2025-07-11,18,PT1H,MC-BajoPutumayo,11068.55,11872.1
2025-07-11,19,PT1H,MC-BajoPutumayo,12421.13,12864.0
2025-07-11,20,PT1H,MC-BajoPutumayo,12738.57,13183.3
2025-07-11,21,PT1H,MC-BajoPutumayo,11914.23,12416.5
2025-07-11,22,PT1H,MC-BajoPutumayo,10741.13,11283.2
2025-07-11,23,PT1H,MC-BajoPutumayo,8997.63,9723.5
2025-07-11,24,PT1H,MC-BajoPutumayo,7800.22,8570.3
2025-12-29,1,PT1H,MC-BajoPutumayo,8847.23,9389.1
2025-12-29,2,PT1H,MC-BajoPutumayo,8619.27,8870.8
2025-12-29,3,PT1H,MC-BajoPutumayo,8279.81,8563.5
2025-12-29,4,PT1H,MC-BajoPutumayo,8000.63,8379.2
2025-12-29,5,PT1H,MC-BajoPutumayo,7826.65,8291.2
2025-12-29,6,PT1H,MC-BajoPutumayo,9213.48,8409.9
2025-12-29,7,PT1H,MC-BajoPutumayo,8458.13,8926.7
2025-12-29,8,PT1H,MC-BajoPutumayo,9390.09,10224.4
2025-12-29,9,PT1H,MC-BajoPutumayo,10742.63,11863.9
2025-12-29,10,PT1H,MC-BajoPutumayo,11388.93,12778.6
2025-12-29,11,PT1H,MC-BajoPutumayo,11739.23,13564.4
2025-12-29,12,PT1H,MC-BajoPutumayo,11717.13,14269.2
2025-12-29,13,PT1H,MC-BajoPutumayo,11411.68,14158.6
2025-12-29,14,PT1H,MC-BajoPutumayo,11130.7,14427.9
2025-12-29,15,PT1H,MC-BajoPutumayo,11197.75,14807.1
2025-12-29,16,PT1H,MC-BajoPutumayo,11777.56,14912.2
2025-12-29,17,PT1H,MC-BajoPutumayo,11927.16,14713.1
2025-12-29,18,PT1H,MC-BajoPutumayo,12347.09,14815.1
2025-12-29,19,PT1H,MC-BajoPutumayo,13796.07,16232.4
2025-12-29,20,PT1H,MC-BajoPutumayo,13973.48,16068.5
2025-12-29,21,PT1H,MC-BajoPutumayo,13079.2,15247.6
2025-12-29,22,PT1H,MC-BajoPutumayo,11797.42,13836.1
2025-12-29,23,PT1H,MC-BajoPutumayo,9494.91,12028.8
2025-12-29,24,PT1H,MC-BajoPutumayo,8313.87,10481.5
2023-08-07,1,PT1H,MC-BajoPutumayo,7659.36,6947.43
2023-08-07,2,PT1H,MC-BajoPutumayo,7080.74,6524.99
2023-08-07,3,PT1H,MC-BajoPutumayo,6755.22,6284.35
2023-08-07,4,PT1H,MC-BajoPutumayo,6586.03,6118.12
2023-08-07,5,PT1H,MC-BajoPutumayo,6527.93,6112.48
2023-08-07,6,PT1H,MC-BajoPutumayo,6732.75,6528.23
2023-08-07,7,PT1H,MC-BajoPutumayo,6930.5,6985.53
2023-08-07,8,PT1H,MC-BajoPutumayo,7778.25,7653.41
2023-08-07,9,PT1H,MC-BajoPutumayo,8900.54,8681.73
2023-08-07,10,PT1H,MC-BajoPutumayo,9740.0,9448.0
2023-08-07,11,PT1H,MC-BajoPutumayo,10510.88,10341.88
2023-08-07,12,PT1H,MC-BajoPutumayo,11258.79,10872.05
2023-08-07,13,PT1H,MC-BajoPutumayo,11417.16,10875.83
2023-08-07,14,PT1H,MC-BajoPutumayo,11550.78,10947.94
2023-08-07,15,PT1H,MC-BajoPutumayo,11334.38,11501.74
2023-08-07,16,PT1H,MC-BajoPutumayo,11286.14,11537.65
2023-08-07,17,PT1H,MC-BajoPutumayo,11211.68,11557.62
2023-08-07,18,PT1H,MC-BajoPutumayo,11240.72,11277.88
2023-08-07,19,PT1H,MC-BajoPutumayo,12269.66,12109.66
2023-08-07,20,PT1H,MC-BajoPutumayo,12866.76,12640.26
2023-08-07,21,PT1H,MC-BajoPutumayo,12384.37,11962.16
2023-08-07,22,PT1H,MC-BajoPutumayo,11211.68,10871.39
2023-08-07,23,PT1H,MC-BajoPutumayo,9723.71,9299.76
2023-08-07,24,PT1H,MC-BajoPutumayo,8435.14,8012.01
2023-10-10,1,PT1H,MC-BajoPutumayo,8642.24,7204.35
2023-10-10,2,PT1H,MC-BajoPutumayo,8170.57,6822.44
2023-10-10,3,PT1H,MC-BajoPutumayo,7838.98,6641.86
2023-10-10,4,PT1H,MC-BajoPutumayo,7627.17,6457.06
2023-10-10,5,PT1H,MC-BajoPutumayo,7644.86,6473.49
2023-10-10,6,PT1H,MC-BajoPutumayo,7990.54,6955.4
2023-10-10,7,PT1H,MC-BajoPutumayo,8446.98,7625.5
2023-10-10,8,PT1H,MC-BajoPutumayo,9477.35,8143.38
2023-10-10,9,PT1H,MC-BajoPutumayo,10201.22,9331.71
2023-10-10,10,PT1H,MC-BajoPutumayo,10861.32,10017.48
2023-10-10,11,PT1H,MC-BajoPutumayo,11116.07,11019.28
2023-10-10,12,PT1H,MC-BajoPutumayo,11174.6,11941.89
2023-10-10,13,PT1H,MC-BajoPutumayo,11729.62,11460.75
2023-10-10,14,PT1H,MC-BajoPutumayo,11084.76,11604.25
2023-10-10,15,PT1H,MC-BajoPutumayo,11451.24,12470.63
2023-10-10,16,PT1H,MC-BajoPutumayo,11470.54,12636.59
2023-10-10,17,PT1H,MC-BajoPutumayo,11614.93,12560.44
2023-10-10,18,PT1H,MC-BajoPutumayo,11719.09,12415.21
2023-10-10,19,PT1H,MC-BajoPutumayo,13071.32,13462.57
2023-10-10,20,PT1H,MC-BajoPutumayo,13030.13,13538.38
2023-10-10,21,PT1H,MC-BajoPutumayo,12076.81,12665.55
2023-10-10,22,PT1H,MC-BajoPutumayo,10776.32,11496.86
2023-10-10,23,PT1H,MC-BajoPutumayo,9367.13,9874.5
2023-10-10,24,PT1H,MC-BajoPutumayo,8198.05,8537.62
2022-10-23,1,PT1H,MC-BajoPutumayo,8626.02,6477.91
2022-10-23,2,PT1H,MC-BajoPutumayo,7070.41,6123.45
2022-10-23,3,PT1H,MC-BajoPutumayo,7003.58,5926.23
2022-10-23,4,PT1H,MC-BajoPutumayo,6591.32,5830.28
2022-10-23,5,PT1H,MC-BajoPutumayo,6321.76,5992.53
2022-10-23,6,PT1H,MC-BajoPutumayo,6285.07,6874.64
2022-10-23,7,PT1H,MC-BajoPutumayo,5830.07,7819.22
2022-10-23,8,PT1H,MC-BajoPutumayo,6642.84,8197.37
2022-10-23,9,PT1H,MC-BajoPutumayo,8741.59,8734.65
2022-10-23,10,PT1H,MC-BajoPutumayo,9522.65,9248.38
2022-10-23,11,PT1H,MC-BajoPutumayo,10296.67,9913.5
2022-10-23,12,PT1H,MC-BajoPutumayo,11025.68,10408.54
2022-10-23,13,PT1H,MC-BajoPutumayo,11324.63,10066.33
2022-10-23,14,PT1H,MC-BajoPutumayo,11045.79,10026.63
2022-10-23,15,PT1H,MC-BajoPutumayo,10914.61,10748.73
2022-10-23,16,PT1H,MC-BajoPutumayo,10972.23,10775.77
2022-10-23,17,PT1H,MC-BajoPutumayo,12033.11,10772.81
2022-10-23,18,PT1H,MC-BajoPutumayo,10875.93,10964.46
2022-10-23,19,PT1H,MC-BajoPutumayo,12314.74,12549.42
2022-10-23,20,PT1H,MC-BajoPutumayo,12325.1,12876.14
2022-10-23,21,PT1H,MC-BajoPutumayo,11744.83,12030.4
2022-10-23,22,PT1H,MC-BajoPutumayo,10695.18,10522.59
2022-10-23,23,PT1H,MC-BajoPutumayo,9419.26,8548.3
2022-10-23,24,PT1H,MC-BajoPutumayo,8096.08,7112.93
2026-01-14,1,PT1H,MC-BajoPutumayo,7979.99,7789.3
2026-01-14,2,PT1H,MC-BajoPutumayo,7578.21,7473.2
2026-01-14,3,PT1H,MC-BajoPutumayo,7313.45,7199.0
2026-01-14,4,PT1H,MC-BajoPutumayo,7161.83,7056.2
2026-01-14,5,PT1H,MC-BajoPutumayo,7205.48,7095.9
2026-01-14,6,PT1H,MC-BajoPutumayo,7683.76,7302.9
2026-01-14,7,PT1H,MC-BajoPutumayo,8205.68,7552.9
2026-01-14,8,PT1H,MC-BajoPutumayo,9118.79,8724.4
2026-01-14,9,PT1H,MC-BajoPutumayo,10379.81,9989.0
2026-01-14,10,PT1H,MC-BajoPutumayo,11019.72,10549.2
2026-01-14,11,PT1H,MC-BajoPutumayo,11514.35,11238.8
2026-01-14,12,PT1H,MC-BajoPutumayo,11738.32,11667.7
2026-01-14,13,PT1H,MC-BajoPutumayo,11460.66,11759.0
2026-01-14,14,PT1H,MC-BajoPutumayo,11665.32,12119.8
2026-01-14,15,PT1H,MC-BajoPutumayo,11983.35,12771.1
2026-01-14,16,PT1H,MC-BajoPutumayo,12167.76,12718.1
2026-01-14,17,PT1H,MC-BajoPutumayo,12124.65,12599.4
2026-01-14,18,PT1H,MC-BajoPutumayo,12358.32,12567.1
2026-01-14,19,PT1H,MC-BajoPutumayo,13739.12,13299.8
2026-01-14,20,PT1H,MC-BajoPutumayo,13518.64,12682.0
2026-01-14,21,PT1H,MC-BajoPutumayo,12783.77,11548.5
2026-01-14,22,PT1H,MC-BajoPutumayo,11012.16,10436.4
2026-01-14,23,PT1H,MC-BajoPutumayo,9569.78,9339.0
2026-01-14,24,PT1H,MC-BajoPutumayo,8492.36,8344.5
2023-12-01,1,PT1H,MC-BajoPutumayo,8007.27,8034.38
2023-12-01,2,PT1H,MC-BajoPutumayo,7486.4,7513.09
2023-12-01,3,PT1H,MC-BajoPutumayo,7092.46,7233.46
2023-12-01,4,PT1H,MC-BajoPutumayo,6842.95,7076.28
2023-12-01,5,PT1H,MC-BajoPutumayo,6823.08,7109.68
2023-12-01,6,PT1H,MC-BajoPutumayo,7078.99,7600.57
2023-12-01,7,PT1H,MC-BajoPutumayo,7603.21,8289.17
2023-12-01,8,PT1H,MC-BajoPutumayo,8851.54,9139.15
2023-12-01,9,PT1H,MC-BajoPutumayo,10254.5,10490.29
2023-12-01,10,PT1H,MC-BajoPutumayo,11207.97,11431.59
2023-12-01,11,PT1H,MC-BajoPutumayo,12005.93,12208.9
2023-12-01,12,PT1H,MC-BajoPutumayo,12864.93,12877.04
2023-12-01,13,PT1H,MC-BajoPutumayo,12746.32,12574.81
2023-12-01,14,PT1H,MC-BajoPutumayo,12951.22,12718.64
2023-12-01,15,PT1H,MC-BajoPutumayo,13626.26,13477.19
2023-12-01,16,PT1H,MC-BajoPutumayo,13445.53,13722.11
2023-12-01,17,PT1H,MC-BajoPutumayo,13396.84,13614.02
2023-12-01,18,PT1H,MC-BajoPutumayo,13166.77,12781.25
2023-12-01,19,PT1H,MC-BajoPutumayo,14119.14,14390.46
2023-12-01,20,PT1H,MC-BajoPutumayo,14176.76,14195.53
2023-12-01,21,PT1H,MC-BajoPutumayo,13369.77,13335.28
2023-12-01,22,PT1H,MC-BajoPutumayo,12036.05,12186.95
2023-12-01,23,PT1H,MC-BajoPutumayo,10595.84,10798.32
2023-12-01,24,PT1H,MC-BajoPutumayo,9321.95,9464.33
2024-04-08,1,PT1H,MC-BajoPutumayo,8154.66,8345.65
2024-04-08,2,PT1H,MC-BajoPutumayo,7673.87,7877.81
2024-04-08,3,PT1H,MC-BajoPutumayo,7450.39,7633.31
2024-04-08,4,PT1H,MC-BajoPutumayo,7232.8,7416.57
2024-04-08,5,PT1H,MC-BajoPutumayo,7228.11,7427.22
2024-04-08,6,PT1H,MC-BajoPutumayo,7807.58,7838.92
2024-04-08,7,PT1H,MC-BajoPutumayo,8267.72,8443.53
2024-04-08,8,PT1H,MC-BajoPutumayo,9030.81,9153.29
2024-04-08,9,PT1H,MC-BajoPutumayo,10315.0,10360.19
2024-04-08,10,PT1H,MC-BajoPutumayo,11014.97,11076.45
2024-04-08,11,PT1H,MC-BajoPutumayo,11541.85,11804.46
2024-04-08,12,PT1H,MC-BajoPutumayo,12095.12,12606.32
2024-04-08,13,PT1H,MC-BajoPutumayo,11734.55,12453.11
2024-04-08,14,PT1H,MC-BajoPutumayo,11850.36,12622.44
2024-04-08,15,PT1H,MC-BajoPutumayo,13002.96,13348.12
2024-04-08,16,PT1H,MC-BajoPutumayo,13247.45,13706.23
2024-04-08,17,PT1H,MC-BajoPutumayo,13314.91,13513.42
2024-04-08,18,PT1H,MC-BajoPutumayo,13023.59,13097.0
2024-04-08,19,PT1H,MC-BajoPutumayo,14045.27,12633.98
2024-04-08,20,PT1H,MC-BajoPutumayo,14331.28,14238.85
2024-04-08,21,PT1H,MC-BajoPutumayo,13671.43,13303.35
2024-04-08,22,PT1H,MC-BajoPutumayo,12599.61,12069.34
2024-04-08,23,PT1H,MC-BajoPutumayo,10645.42,10538.98
2024-04-08,24,PT1H,MC-BajoPutumayo,9041.4,9335.44
2024-10-13,1,PT1H,MC-BajoPutumayo,7753.0,8806.9
2024-10-13,2,PT1H,MC-BajoPutumayo,7234.99,8158.7
2024-10-13,3,PT1H,MC-BajoPutumayo,6932.21,7849.4
2024-10-13,4,PT1H,MC-BajoPutumayo,6817.9,7630.4
2024-10-13,5,PT1H,MC-BajoPutumayo,6728.65,7369.0
2024-10-13,6,PT1H,MC-BajoPutumayo,6731.53,7301.3
2024-10-13,7,PT1H,MC-BajoPutumayo,7652.46,7663.5
2024-10-13,8,PT1H,MC-BajoPutumayo,8256.84,8847.5
2024-10-13,9,PT1H,MC-BajoPutumayo,9111.72,9851.3
2024-10-13,10,PT1H,MC-BajoPutumayo,10414.84,10549.1
2024-10-13,11,PT1H,MC-BajoPutumayo,11178.25,11101.5
2024-10-13,12,PT1H,MC-BajoPutumayo,11751.6,11578.1
2024-10-13,13,PT1H,MC-BajoPutumayo,11981.19,11898.4
2024-10-13,14,PT1H,MC-BajoPutumayo,11989.98,11981.1
2024-10-13,15,PT1H,MC-BajoPutumayo,12269.01,12056.7
2024-10-13,16,PT1H,MC-BajoPutumayo,12398.69,11919.9
2024-10-13,17,PT1H,MC-BajoPutumayo,11854.99,11814.9
2024-10-13,18,PT1H,MC-BajoPutumayo,12279.49,12260.8
2024-10-13,19,PT1H,MC-BajoPutumayo,13891.71,13591.6
2024-10-13,20,PT1H,MC-BajoPutumayo,13426.39,13329.3
2024-10-13,21,PT1H,MC-BajoPutumayo,12807.82,12595.6
2024-10-13,22,PT1H,MC-BajoPutumayo,11320.94,11452.3
2024-10-13,23,PT1H,MC-BajoPutumayo,9349.54,10052.9
2024-10-13,24,PT1H,MC-BajoPutumayo,9330.4,8992.4
2022-03-13,1,PT1H,MC-BajoPutumayo,6728.39,7416.24
2022-03-13,2,PT1H,MC-BajoPutumayo,6376.36,6883.49
2022-03-13,3,PT1H,MC-BajoPutumayo,6193.78,6593.06
2022-03-13,4,PT1H,MC-BajoPutumayo,6016.41,6493.01
2022-03-13,5,PT1H,MC-BajoPutumayo,5644.98,6385.14
2022-03-13,6,PT1H,MC-BajoPutumayo,5532.45,6459.59
2022-03-13,7,PT1H,MC-BajoPutumayo,6456.99,6772.92
2022-03-13,8,PT1H,MC-BajoPutumayo,7280.62,7560.12
2022-03-13,9,PT1H,MC-BajoPutumayo,8162.0,8498.62
2022-03-13,10,PT1H,MC-BajoPutumayo,8931.62,9366.65
2022-03-13,11,PT1H,MC-BajoPutumayo,9401.16,10005.06
2022-03-13,12,PT1H,MC-BajoPutumayo,10119.12,10197.52
2022-03-13,13,PT1H,MC-BajoPutumayo,10274.02,10642.51
2022-03-13,14,PT1H,MC-BajoPutumayo,10501.04,10547.55
2022-03-13,15,PT1H,MC-BajoPutumayo,10595.14,9939.81
2022-03-13,16,PT1H,MC-BajoPutumayo,10467.7,10119.14
2022-03-13,17,PT1H,MC-BajoPutumayo,10295.74,10124.87
2022-03-13,18,PT1H,MC-BajoPutumayo,10510.48,10457.56
2022-03-13,19,PT1H,MC-BajoPutumayo,11367.82,11456.91
2022-03-13,20,PT1H,MC-BajoPutumayo,10871.82,12147.65
2022-03-13,21,PT1H,MC-BajoPutumayo,10324.5,11770.43
2022-03-13,22,PT1H,MC-BajoPutumayo,9206.82,10753.64
2022-03-13,23,PT1H,MC-BajoPutumayo,7986.34,9418.47
2022-03-13,24,PT1H,MC-BajoPutumayo,7070.53,8220.02
2026-02-04,1,PT1H,MC-BajoPutumayo,8574.87,8880.6
2026-02-04,2,PT1H,MC-BajoPutumayo,8144.53,8385.4
2026-02-04,3,PT1H,MC-BajoPutumayo,8325.24,8109.5
2026-02-04,4,PT1H,MC-BajoPutumayo,7244.0,7960.0
2026-02-04,5,PT1H,MC-BajoPutumayo,7857.78,8006.1
2026-02-04,6,PT1H,MC-BajoPutumayo,8685.68,8547.2
2026-02-04,7,PT1H,MC-BajoPutumayo,9228.18,9511.9
2026-02-04,8,PT1H,MC-BajoPutumayo,10152.8,10282.6
2026-02-04,9,PT1H,MC-BajoPutumayo,11182.93,11539.6
2026-02-04,10,PT1H,MC-BajoPutumayo,11625.1,12270.7
2026-02-04,11,PT1H,MC-BajoPutumayo,12382.08,13013.6
2026-02-04,12,PT1H,MC-BajoPutumayo,12837.08,13611.7
2026-02-04,13,PT1H,MC-BajoPutumayo,12806.55,13242.8
2026-02-04,14,PT1H,MC-BajoPutumayo,13143.11,13413.3
2026-02-04,15,PT1H,MC-BajoPutumayo,13942.82,14160.4
2026-02-04,16,PT1H,MC-BajoPutumayo,13709.51,14330.8
2026-02-04,17,PT1H,MC-BajoPutumayo,13603.72,14486.4
2026-02-04,18,PT1H,MC-BajoPutumayo,13503.3,14464.5
2026-02-04,19,PT1H,MC-BajoPutumayo,15309.67,15827.1
2026-02-04,20,PT1H,MC-BajoPutumayo,15005.1,15982.9
2026-02-04,21,PT1H,MC-BajoPutumayo,13917.29,14896.1
2026-02-04,22,PT1H,MC-BajoPutumayo,12297.83,13294.3
2026-02-04,23,PT1H,MC-BajoPutumayo,10533.18,11271.5
2026-02-04,24,PT1H,MC-BajoPutumayo,9160.76,9765.8
2024-05-15,1,PT1H,MC-BajoPutumayo,7312.4,8660.65
2024-05-15,2,PT1H,MC-BajoPutumayo,6942.05,8174.62
2024-05-15,3,PT1H,MC-BajoPutumayo,6688.43,7841.66
2024-05-15,4,PT1H,MC-BajoPutumayo,6574.29,7601.3
2024-05-15,5,PT1H,MC-BajoPutumayo,6712.94,7598.16
2024-05-15,6,PT1H,MC-BajoPutumayo,7399.15,7990.16
2024-05-15,7,PT1H,MC-BajoPutumayo,7815.75,8399.89
2024-05-15,8,PT1H,MC-BajoPutumayo,8734.99,8899.56
2024-05-15,9,PT1H,MC-BajoPutumayo,9880.44,9945.13
2024-05-15,10,PT1H,MC-BajoPutumayo,10373.03,10605.29
2024-05-15,11,PT1H,MC-BajoPutumayo,10953.93,10611.79
2024-05-15,12,PT1H,MC-BajoPutumayo,11691.05,10976.38
2024-05-15,13,PT1H,MC-BajoPutumayo,11404.58,10846.02
2024-05-15,14,PT1H,MC-BajoPutumayo,11777.68,10618.29
2024-05-15,15,PT1H,MC-BajoPutumayo,12696.28,10764.7
2024-05-15,16,PT1H,MC-BajoPutumayo,12870.24,11281.28
2024-05-15,17,PT1H,MC-BajoPutumayo,12856.89,11414.71
2024-05-15,18,PT1H,MC-BajoPutumayo,12676.39,11381.31
2024-05-15,19,PT1H,MC-BajoPutumayo,8713.44,12576.35
2024-05-15,20,PT1H,MC-BajoPutumayo,6990.75,12892.22
2024-05-15,21,PT1H,MC-BajoPutumayo,6548.96,12242.47
2024-05-15,22,PT1H,MC-BajoPutumayo,8241.16,11036.4
2024-05-15,23,PT1H,MC-BajoPutumayo,10601.92,9536.29
2024-05-15,24,PT1H,MC-BajoPutumayo,9058.87,8217.61
2022-03-08,1,PT1H,MC-BajoPutumayo,7605.73,7528.29
2022-03-08,2,PT1H,MC-BajoPutumayo,7125.13,7090.97
2022-03-08,3,PT1H,MC-BajoPutumayo,6868.77,6796.27
2022-03-08,4,PT1H,MC-BajoPutumayo,6717.78,6670.24
2022-03-08,5,PT1H,MC-BajoPutumayo,6664.95,6661.05
2022-03-08,6,PT1H,MC-BajoPutumayo,7160.13,7076.91
2022-03-08,7,PT1H,MC-BajoPutumayo,7967.23,7739.64
2022-03-08,8,PT1H,MC-BajoPutumayo,8455.63,8355.73
2022-03-08,9,PT1H,MC-BajoPutumayo,9308.32,9413.75
2022-03-08,10,PT1H,MC-BajoPutumayo,9923.08,9979.9
2022-03-08,11,PT1H,MC-BajoPutumayo,10547.1,10623.89
2022-03-08,12,PT1H,MC-BajoPutumayo,10809.75,11264.5
2022-03-08,13,PT1H,MC-BajoPutumayo,10236.73,11029.4
2022-03-08,14,PT1H,MC-BajoPutumayo,10078.72,11208.46
2022-03-08,15,PT1H,MC-BajoPutumayo,10590.74,11807.2
2022-03-08,16,PT1H,MC-BajoPutumayo,11160.22,12014.46
2022-03-08,17,PT1H,MC-BajoPutumayo,11069.24,12005.56
2022-03-08,18,PT1H,MC-BajoPutumayo,10734.96,12220.03
2022-03-08,19,PT1H,MC-BajoPutumayo,11711.16,12932.55
2022-03-08,20,PT1H,MC-BajoPutumayo,12288.76,13498.97
2022-03-08,21,PT1H,MC-BajoPutumayo,11672.07,12852.98
2022-03-08,22,PT1H,MC-BajoPutumayo,10623.22,11845.34
2022-03-08,23,PT1H,MC-BajoPutumayo,9212.59,10301.99
2022-03-08,24,PT1H,MC-BajoPutumayo,7817.51,8615.74
2022-12-28,1,PT1H,MC-BajoPutumayo,8023.16,7799.74
2022-12-28,2,PT1H,MC-BajoPutumayo,7644.22,7415.88
2022-12-28,3,PT1H,MC-BajoPutumayo,7304.66,7225.32
2022-12-28,4,PT1H,MC-BajoPutumayo,7127.44,7146.18
2022-12-28,5,PT1H,MC-BajoPutumayo,7119.69,7279.98
2022-12-28,6,PT1H,MC-BajoPutumayo,7232.07,7574.3
2022-12-28,7,PT1H,MC-BajoPutumayo,7201.51,8064.36
2022-12-28,8,PT1H,MC-BajoPutumayo,8578.28,9276.18
2022-12-28,9,PT1H,MC-BajoPutumayo,9820.7,10708.04
2022-12-28,10,PT1H,MC-BajoPutumayo,11086.23,11647.21
2022-12-28,11,PT1H,MC-BajoPutumayo,11944.8,12613.95
2022-12-28,12,PT1H,MC-BajoPutumayo,12469.95,12822.65
2022-12-28,13,PT1H,MC-BajoPutumayo,12567.91,12494.25
2022-12-28,14,PT1H,MC-BajoPutumayo,12110.61,12653.99
2022-12-28,15,PT1H,MC-BajoPutumayo,11639.25,13136.09
2022-12-28,16,PT1H,MC-BajoPutumayo,11508.81,13170.68
2022-12-28,17,PT1H,MC-BajoPutumayo,11309.21,13254.88
2022-12-28,18,PT1H,MC-BajoPutumayo,11268.42,13131.76
2022-12-28,19,PT1H,MC-BajoPutumayo,12293.93,14262.71
2022-12-28,20,PT1H,MC-BajoPutumayo,13308.09,14248.92
2022-12-28,21,PT1H,MC-BajoPutumayo,12833.6,13198.48
2022-12-28,22,PT1H,MC-BajoPutumayo,11706.17,11928.85
2022-12-28,23,PT1H,MC-BajoPutumayo,10389.38,10441.25
2022-12-28,24,PT1H,MC-BajoPutumayo,9249.68,9066.49
2024-12-21,1,PT1H,MC-BajoPutumayo,9076.01,8273.3
2024-12-21,2,PT1H,MC-BajoPutumayo,8442.27,7896.5
2024-12-21,3,PT1H,MC-BajoPutumayo,7766.31,7527.5
2024-12-21,4,PT1H,MC-BajoPutumayo,7679.64,7521.4
2024-12-21,5,PT1H,MC-BajoPutumayo,7906.19,7709.9
2024-12-21,6,PT1H,MC-BajoPutumayo,8232.29,7882.9
2024-12-21,7,PT1H,MC-BajoPutumayo,8442.09,8962.9
2024-12-21,8,PT1H,MC-BajoPutumayo,9123.75,10384.0
2024-12-21,9,PT1H,MC-BajoPutumayo,10191.85,11759.4
2024-12-21,10,PT1H,MC-BajoPutumayo,11145.44,12700.8
2024-12-21,11,PT1H,MC-BajoPutumayo,11920.86,12980.3
2024-12-21,12,PT1H,MC-BajoPutumayo,12239.99,12949.5
2024-12-21,13,PT1H,MC-BajoPutumayo,12317.74,12758.8
2024-12-21,14,PT1H,MC-BajoPutumayo,12558.46,12971.1
2024-12-21,15,PT1H,MC-BajoPutumayo,12714.74,13352.9
2024-12-21,16,PT1H,MC-BajoPutumayo,12501.67,13048.2
2024-12-21,17,PT1H,MC-BajoPutumayo,12431.11,12981.0
2024-12-21,18,PT1H,MC-BajoPutumayo,12560.08,13948.2
2024-12-21,19,PT1H,MC-BajoPutumayo,13525.84,15025.5
2024-12-21,20,PT1H,MC-BajoPutumayo,13840.19,14230.7
2024-12-21,21,PT1H,MC-BajoPutumayo,13121.19,13115.7
2024-12-21,22,PT1H,MC-BajoPutumayo,12467.87,11868.6
2024-12-21,23,PT1H,MC-BajoPutumayo,11034.62,10728.3
2024-12-21,24,PT1H,MC-BajoPutumayo,9677.31,9654.2
2023-05-20,1,PT1H,MC-BajoPutumayo,8278.23,8305.15
2023-05-20,2,PT1H,MC-BajoPutumayo,7740.19,7773.67
2023-05-20,3,PT1H,MC-BajoPutumayo,7376.08,7405.41
2023-05-20,4,PT1H,MC-BajoPutumayo,7098.18,7228.72
2023-05-20,5,PT1H,MC-BajoPutumayo,7054.48,7129.47
2023-05-20,6,PT1H,MC-BajoPutumayo,7267.07,7371.45
2023-05-20,7,PT1H,MC-BajoPutumayo,7682.4,7835.75
2023-05-20,8,PT1H,MC-BajoPutumayo,8813.85,8921.41
2023-05-20,9,PT1H,MC-BajoPutumayo,9752.82,10153.52
2023-05-20,10,PT1H,MC-BajoPutumayo,10554.16,10875.46
2023-05-20,11,PT1H,MC-BajoPutumayo,11077.51,11467.88
2023-05-20,12,PT1H,MC-BajoPutumayo,11547.24,11808.25
2023-05-20,13,PT1H,MC-BajoPutumayo,11507.18,11745.51
2023-05-20,14,PT1H,MC-BajoPutumayo,11224.29,11758.99
2023-05-20,15,PT1H,MC-BajoPutumayo,10893.55,12039.63
2023-05-20,16,PT1H,MC-BajoPutumayo,10861.35,12318.02
2023-05-20,17,PT1H,MC-BajoPutumayo,10755.94,12419.57
2023-05-20,18,PT1H,MC-BajoPutumayo,10964.65,12391.87
2023-05-20,19,PT1H,MC-BajoPutumayo,12397.18,13793.03
2023-05-20,20,PT1H,MC-BajoPutumayo,12585.33,13938.22
2023-05-20,21,PT1H,MC-BajoPutumayo,11893.66,13147.54
2023-05-20,22,PT1H,MC-BajoPutumayo,10898.14,12064.13
2023-05-20,23,PT1H,MC-BajoPutumayo,9592.36,10784.76
2023-05-20,24,PT1H,MC-BajoPutumayo,8541.04,9554.82
2025-05-13,1,PT1H,MC-BajoPutumayo,7397.37,8159.2
2025-05-13,2,PT1H,MC-BajoPutumayo,7000.31,7676.7
2025-05-13,3,PT1H,MC-BajoPutumayo,6791.02,7402.7
2025-05-13,4,PT1H,MC-BajoPutumayo,6719.98,7191.9
2025-05-13,5,PT1H,MC-BajoPutumayo,6742.15,7245.5
2025-05-13,6,PT1H,MC-BajoPutumayo,7305.45,7759.4
2025-05-13,7,PT1H,MC-BajoPutumayo,8132.61,8363.5
2025-05-13,8,PT1H,MC-BajoPutumayo,8820.16,9202.5
2025-05-13,9,PT1H,MC-BajoPutumayo,9681.03,10471.7
2025-05-13,10,PT1H,MC-BajoPutumayo,10003.38,11533.9
2025-05-13,11,PT1H,MC-BajoPutumayo,10247.0,12540.0
2025-05-13,12,PT1H,MC-BajoPutumayo,10542.96,13227.5
2025-05-13,13,PT1H,MC-BajoPutumayo,10400.53,13005.1
2025-05-13,14,PT1H,MC-BajoPutumayo,10551.07,13284.1
2025-05-13,15,PT1H,MC-BajoPutumayo,11335.83,14159.7
2025-05-13,16,PT1H,MC-BajoPutumayo,11445.35,14277.6
2025-05-13,17,PT1H,MC-BajoPutumayo,11519.87,14169.2
2025-05-13,18,PT1H,MC-BajoPutumayo,11571.8,13722.7
2025-05-13,19,PT1H,MC-BajoPutumayo,13451.48,14728.9
2025-05-13,20,PT1H,MC-BajoPutumayo,13654.93,15055.2
2025-05-13,21,PT1H,MC-BajoPutumayo,12477.63,14117.2
2025-05-13,22,PT1H,MC-BajoPutumayo,11109.52,12937.0
2025-05-13,23,PT1H,MC-BajoPutumayo,9474.37,11240.5
2025-05-13,24,PT1H,MC-BajoPutumayo,7947.34,9783.8
2022-06-10,1,PT1H,MC-BajoPutumayo,6869.2,6463.64
2022-06-10,2,PT1H,MC-BajoPutumayo,6499.58,6259.9
2022-06-10,3,PT1H,MC-BajoPutumayo,5979.1,6066.06
2022-06-10,4,PT1H,MC-BajoPutumayo,6349.11,5948.08
2022-06-10,5,PT1H,MC-BajoPutumayo,6336.08,5908.13
2022-06-10,6,PT1H,MC-BajoPutumayo,6560.44,0.0
2022-06-10,7,PT1H,MC-BajoPutumayo,8005.7,0.0
2022-06-10,8,PT1H,MC-BajoPutumayo,8402.9,8016.84
2022-06-10,9,PT1H,MC-BajoPutumayo,9491.95,8948.01
2022-06-10,10,PT1H,MC-BajoPutumayo,10049.65,9584.21
2022-06-10,11,PT1H,MC-BajoPutumayo,10628.72,10150.88
2022-06-10,12,PT1H,MC-BajoPutumayo,11284.53,10782.14
2022-06-10,13,PT1H,MC-BajoPutumayo,11474.07,10561.35
2022-06-10,14,PT1H,MC-BajoPutumayo,10908.27,10612.04
2022-06-10,15,PT1H,MC-BajoPutumayo,12132.45,10886.86
2022-06-10,16,PT1H,MC-BajoPutumayo,12378.82,11275.85
2022-06-10,17,PT1H,MC-BajoPutumayo,12798.16,11348.77
2022-06-10,18,PT1H,MC-BajoPutumayo,12415.2,11233.37
2022-06-10,19,PT1H,MC-BajoPutumayo,13275.11,12426.28
2022-06-10,20,PT1H,MC-BajoPutumayo,13664.96,12643.52
2022-06-10,21,PT1H,MC-BajoPutumayo,12878.1,11933.06
2022-06-10,22,PT1H,MC-BajoPutumayo,11640.02,10857.79
2022-06-10,23,PT1H,MC-BajoPutumayo,7411.26,9441.46
2022-06-10,24,PT1H,MC-BajoPutumayo,8251.14,8028.28
2022-09-23,1,PT1H,MC-BajoPutumayo,8614.44,7684.16
2022-09-23,2,PT1H,MC-BajoPutumayo,8013.17,7296.78
2022-09-23,3,PT1H,MC-BajoPutumayo,7669.64,6988.55
2022-09-23,4,PT1H,MC-BajoPutumayo,7463.92,6720.78
2022-09-23,5,PT1H,MC-BajoPutumayo,7436.1,6728.83
2022-09-23,6,PT1H,MC-BajoPutumayo,7841.85,7087.14
2022-09-23,7,PT1H,MC-BajoPutumayo,8390.31,7961.52
2022-09-23,8,PT1H,MC-BajoPutumayo,9509.39,9161.26
2022-09-23,9,PT1H,MC-BajoPutumayo,10723.6,10404.85
2022-09-23,10,PT1H,MC-BajoPutumayo,11935.05,11307.77
2022-09-23,11,PT1H,MC-BajoPutumayo,12792.41,12038.67
2022-09-23,12,PT1H,MC-BajoPutumayo,13519.19,12820.42
2022-09-23,13,PT1H,MC-BajoPutumayo,12945.04,12624.53
2022-09-23,14,PT1H,MC-BajoPutumayo,13220.31,12735.32
2022-09-23,15,PT1H,MC-BajoPutumayo,13985.39,13207.02
2022-09-23,16,PT1H,MC-BajoPutumayo,13635.38,13295.75
2022-09-23,17,PT1H,MC-BajoPutumayo,14428.7,13281.22
2022-09-23,18,PT1H,MC-BajoPutumayo,14135.99,13168.88
2022-09-23,19,PT1H,MC-BajoPutumayo,15143.8,14093.59
2022-09-23,20,PT1H,MC-BajoPutumayo,15223.86,14601.35
2022-09-23,21,PT1H,MC-BajoPutumayo,14345.67,13635.38
2022-09-23,22,PT1H,MC-BajoPutumayo,13306.48,12486.5
2022-09-23,23,PT1H,MC-BajoPutumayo,11426.92,10781.85
2022-09-23,24,PT1H,MC-BajoPutumayo,9910.72,9344.18
2025-06-11,1,PT1H,MC-BajoPutumayo,7860.03,7479.5
2025-06-11,2,PT1H,MC-BajoPutumayo,7393.56,6983.7
2025-06-11,3,PT1H,MC-BajoPutumayo,7137.23,6759.1
2025-06-11,4,PT1H,MC-BajoPutumayo,6935.86,6651.3
2025-06-11,5,PT1H,MC-BajoPutumayo,6982.64,6968.0
2025-06-11,6,PT1H,MC-BajoPutumayo,7633.32,7489.7
2025-06-11,7,PT1H,MC-BajoPutumayo,8460.68,8200.4
2025-06-11,8,PT1H,MC-BajoPutumayo,9098.32,8768.3
2025-06-11,9,PT1H,MC-BajoPutumayo,10123.86,9991.5
2025-06-11,10,PT1H,MC-BajoPutumayo,11216.23,10821.3
2025-06-11,11,PT1H,MC-BajoPutumayo,12249.44,11424.3
2025-06-11,12,PT1H,MC-BajoPutumayo,12872.15,11825.2
2025-06-11,13,PT1H,MC-BajoPutumayo,12704.6,11238.1
2025-06-11,14,PT1H,MC-BajoPutumayo,13190.6,11460.4
2025-06-11,15,PT1H,MC-BajoPutumayo,14108.27,12630.1
2025-06-11,16,PT1H,MC-BajoPutumayo,14124.72,13032.7
2025-06-11,17,PT1H,MC-BajoPutumayo,13979.73,13124.3
2025-06-11,18,PT1H,MC-BajoPutumayo,13666.38,12773.1
2025-06-11,19,PT1H,MC-BajoPutumayo,14810.97,13860.9
2025-06-11,20,PT1H,MC-BajoPutumayo,15335.82,14277.0
2025-06-11,21,PT1H,MC-BajoPutumayo,14265.28,13430.7
2025-06-11,22,PT1H,MC-BajoPutumayo,12908.0,11978.1
2025-06-11,23,PT1H,MC-BajoPutumayo,11193.44,10309.5
2025-06-11,24,PT1H,MC-BajoPutumayo,9680.55,8835.3
2025-03-31,1,PT1H,MC-BajoPutumayo,7499.85,8238.4
2025-03-31,2,PT1H,MC-BajoPutumayo,7035.31,7727.8
2025-03-31,3,PT1H,MC-BajoPutumayo,6793.61,7467.8
2025-03-31,4,PT1H,MC-BajoPutumayo,6688.73,7295.0
2025-03-31,5,PT1H,MC-BajoPutumayo,6783.25,7378.4
2025-03-31,6,PT1H,MC-BajoPutumayo,7434.42,8076.9
2025-03-31,7,PT1H,MC-BajoPutumayo,8428.76,8781.7
2025-03-31,8,PT1H,MC-BajoPutumayo,9085.76,9492.7
2025-03-31,9,PT1H,MC-BajoPutumayo,9563.75,10525.9
2025-03-31,10,PT1H,MC-BajoPutumayo,8778.37,11151.2
2025-03-31,11,PT1H,MC-BajoPutumayo,10949.14,11490.0
2025-03-31,12,PT1H,MC-BajoPutumayo,11200.25,12170.8
2025-03-31,13,PT1H,MC-BajoPutumayo,10847.12,11895.4
2025-03-31,14,PT1H,MC-BajoPutumayo,11878.32,12126.3
2025-03-31,15,PT1H,MC-BajoPutumayo,12874.51,13018.6
2025-03-31,16,PT1H,MC-BajoPutumayo,12705.11,13354.5
2025-03-31,17,PT1H,MC-BajoPutumayo,12307.55,13031.2
2025-03-31,18,PT1H,MC-BajoPutumayo,12246.96,12814.1
2025-03-31,19,PT1H,MC-BajoPutumayo,13033.29,13803.2
2025-03-31,20,PT1H,MC-BajoPutumayo,13910.83,14070.4
2025-03-31,21,PT1H,MC-BajoPutumayo,13231.36,13284.1
2025-03-31,22,PT1H,MC-BajoPutumayo,11871.24,11896.6
2025-03-31,23,PT1H,MC-BajoPutumayo,9737.02,10301.6
2025-03-31,24,PT1H,MC-BajoPutumayo,8663.77,8838.7
2023-04-07,1,PT1H,MC-BajoPutumayo,3460.74,6182.63
2023-04-07,2,PT1H,MC-BajoPutumayo,3195.79,5734.57
2023-04-07,3,PT1H,MC-BajoPutumayo,3083.26,5502.24
2023-04-07,4,PT1H,MC-BajoPutumayo,3032.81,5382.16
2023-04-07,5,PT1H,MC-BajoPutumayo,3468.31,5376.75
2023-04-07,6,PT1H,MC-BajoPutumayo,7058.48,5880.92
2023-04-07,7,PT1H,MC-BajoPutumayo,6775.65,6463.4
2023-04-07,8,PT1H,MC-BajoPutumayo,7162.47,7161.24
2023-04-07,9,PT1H,MC-BajoPutumayo,7819.39,7817.7
2023-04-07,10,PT1H,MC-BajoPutumayo,8309.27,8417.13
2023-04-07,11,PT1H,MC-BajoPutumayo,9126.89,9092.05
2023-04-07,12,PT1H,MC-BajoPutumayo,9411.65,9614.4
2023-04-07,13,PT1H,MC-BajoPutumayo,9615.81,9608.37
2023-04-07,14,PT1H,MC-BajoPutumayo,9695.47,9911.39
2023-04-07,15,PT1H,MC-BajoPutumayo,9751.97,10559.61
2023-04-07,16,PT1H,MC-BajoPutumayo,9633.4,10628.91
2023-04-07,17,PT1H,MC-BajoPutumayo,9383.17,10523.07
2023-04-07,18,PT1H,MC-BajoPutumayo,9231.47,10278.27
2023-04-07,19,PT1H,MC-BajoPutumayo,10267.26,10973.0
2023-04-07,20,PT1H,MC-BajoPutumayo,10632.95,11158.29
2023-04-07,21,PT1H,MC-BajoPutumayo,10105.47,10371.87
2023-04-07,22,PT1H,MC-BajoPutumayo,9445.42,9352.01
2023-04-07,23,PT1H,MC-BajoPutumayo,8598.74,8152.48
2023-04-07,24,PT1H,MC-BajoPutumayo,7773.43,7089.12
2023-12-07,1,PT1H,MC-BajoPutumayo,7476.98,8069.71
2023-12-07,2,PT1H,MC-BajoPutumayo,7054.24,7584.18
2023-12-07,3,PT1H,MC-BajoPutumayo,6864.93,7293.71
2023-12-07,4,PT1H,MC-BajoPutumayo,6745.79,7112.99
2023-12-07,5,PT1H,MC-BajoPutumayo,6785.77,7150.06
2023-12-07,6,PT1H,MC-BajoPutumayo,7099.02,7676.96
2023-12-07,7,PT1H,MC-BajoPutumayo,7505.28,8156.06
2023-12-07,8,PT1H,MC-BajoPutumayo,8576.76,9003.27
2023-12-07,9,PT1H,MC-BajoPutumayo,9889.18,10525.93
2023-12-07,10,PT1H,MC-BajoPutumayo,10723.85,11246.57
2023-12-07,11,PT1H,MC-BajoPutumayo,11096.98,11897.88
2023-12-07,12,PT1H,MC-BajoPutumayo,11488.37,12329.58
2023-12-07,13,PT1H,MC-BajoPutumayo,11101.47,12002.92
2023-12-07,14,PT1H,MC-BajoPutumayo,10985.74,12281.14
2023-12-07,15,PT1H,MC-BajoPutumayo,11579.09,13113.14
2023-12-07,16,PT1H,MC-BajoPutumayo,11724.77,13390.04
2023-12-07,17,PT1H,MC-BajoPutumayo,11892.48,13170.22
2023-12-07,18,PT1H,MC-BajoPutumayo,11943.17,12834.63
2023-12-07,19,PT1H,MC-BajoPutumayo,13035.08,14002.12
2023-12-07,20,PT1H,MC-BajoPutumayo,12762.2,14052.88
2023-12-07,21,PT1H,MC-BajoPutumayo,11895.61,12876.51
2023-12-07,22,PT1H,MC-BajoPutumayo,10898.4,11750.09
2023-12-07,23,PT1H,MC-BajoPutumayo,9954.21,10214.22
2023-12-07,24,PT1H,MC-BajoPutumayo,9074.13,8833.6
2023-02-13,1,PT1H,MC-BajoPutumayo,7758.07,7157.66
2023-02-13,2,PT1H,MC-BajoPutumayo,7194.04,6706.41
2023-02-13,3,PT1H,MC-BajoPutumayo,6929.92,6429.36
2023-02-13,4,PT1H,MC-BajoPutumayo,6832.01,6261.05
2023-02-13,5,PT1H,MC-BajoPutumayo,6813.9,6256.97
2023-02-13,6,PT1H,MC-BajoPutumayo,7340.93,6658.38
2023-02-13,7,PT1H,MC-BajoPutumayo,8224.92,7131.38
2023-02-13,8,PT1H,MC-BajoPutumayo,8816.32,8077.82
2023-02-13,9,PT1H,MC-BajoPutumayo,9504.16,9234.71
2023-02-13,10,PT1H,MC-BajoPutumayo,9918.52,9954.16
2023-02-13,11,PT1H,MC-BajoPutumayo,10295.61,10518.9
2023-02-13,12,PT1H,MC-BajoPutumayo,10539.5,10933.68
2023-02-13,13,PT1H,MC-BajoPutumayo,10338.47,10672.03
2023-02-13,14,PT1H,MC-BajoPutumayo,10537.75,10727.99
2023-02-13,15,PT1H,MC-BajoPutumayo,11043.82,11298.84
2023-02-13,16,PT1H,MC-BajoPutumayo,11569.97,11369.52
2023-02-13,17,PT1H,MC-BajoPutumayo,11730.32,11208.68
2023-02-13,18,PT1H,MC-BajoPutumayo,11618.68,11145.71
2023-02-13,19,PT1H,MC-BajoPutumayo,12279.49,12037.33
2023-02-13,20,PT1H,MC-BajoPutumayo,13125.58,12658.93
2023-02-13,21,PT1H,MC-BajoPutumayo,11220.23,11875.13
2023-02-13,22,PT1H,MC-BajoPutumayo,11128.02,10841.71
2023-02-13,23,PT1H,MC-BajoPutumayo,9537.64,9372.43
2023-02-13,24,PT1H,MC-BajoPutumayo,8099.58,7997.63
2024-09-16,1,PT1H,MC-BajoPutumayo,9540.61,8747.9
2024-09-16,2,PT1H,MC-BajoPutumayo,8998.69,8210.1
2024-09-16,3,PT1H,MC-BajoPutumayo,8473.58,7875.0
2024-09-16,4,PT1H,MC-BajoPutumayo,8015.92,7700.4
2024-09-16,5,PT1H,MC-BajoPutumayo,8290.99,7760.4
2024-09-16,6,PT1H,MC-BajoPutumayo,8930.9,8191.9
2024-09-16,7,PT1H,MC-BajoPutumayo,9613.18,8780.0
2024-09-16,8,PT1H,MC-BajoPutumayo,9411.48,9886.9
2024-09-16,9,PT1H,MC-BajoPutumayo,10414.94,10988.1
2024-09-16,10,PT1H,MC-BajoPutumayo,11014.49,11765.4
2024-09-16,11,PT1H,MC-BajoPutumayo,10881.01,12362.3
2024-09-16,12,PT1H,MC-BajoPutumayo,11193.88,12576.4
2024-09-16,13,PT1H,MC-BajoPutumayo,11152.67,12540.0
2024-09-16,14,PT1H,MC-BajoPutumayo,11671.03,12976.3
2024-09-16,15,PT1H,MC-BajoPutumayo,12913.98,13494.4
2024-09-16,16,PT1H,MC-BajoPutumayo,13172.79,12968.9
2024-09-16,17,PT1H,MC-BajoPutumayo,13130.6,12526.2
2024-09-16,18,PT1H,MC-BajoPutumayo,12806.35,12296.3
2024-09-16,19,PT1H,MC-BajoPutumayo,14409.88,13660.2
2024-09-16,20,PT1H,MC-BajoPutumayo,14152.58,13932.4
2024-09-16,21,PT1H,MC-BajoPutumayo,12852.06,12937.0
2024-09-16,22,PT1H,MC-BajoPutumayo,11618.05,11254.6
2024-09-16,23,PT1H,MC-BajoPutumayo,9613.88,9593.0
2024-09-16,24,PT1H,MC-BajoPutumayo,8604.6,8551.6
2024-11-30,1,PT1H,MC-BajoPutumayo,7218.1,7780.9
2024-11-30,2,PT1H,MC-BajoPutumayo,6840.61,7371.6
2024-11-30,3,PT1H,MC-BajoPutumayo,6423.02,7034.4
2024-11-30,4,PT1H,MC-BajoPutumayo,6511.25,6990.7
2024-11-30,5,PT1H,MC-BajoPutumayo,6707.72,6993.6
2024-11-30,6,PT1H,MC-BajoPutumayo,6852.9,7083.1
2024-11-30,7,PT1H,MC-BajoPutumayo,7971.24,7839.3
2024-11-30,8,PT1H,MC-BajoPutumayo,9164.02,9090.5
2024-11-30,9,PT1H,MC-BajoPutumayo,10633.55,10446.8
2024-11-30,10,PT1H,MC-BajoPutumayo,11595.95,11313.9
2024-11-30,11,PT1H,MC-BajoPutumayo,12103.2,11961.7
2024-11-30,12,PT1H,MC-BajoPutumayo,12459.06,12227.5
2024-11-30,13,PT1H,MC-BajoPutumayo,12262.09,12042.8
2024-11-30,14,PT1H,MC-BajoPutumayo,12467.66,12309.1
2024-11-30,15,PT1H,MC-BajoPutumayo,12679.43,12395.3
2024-11-30,16,PT1H,MC-BajoPutumayo,12659.88,12442.3
2024-11-30,17,PT1H,MC-BajoPutumayo,12541.77,12340.5
2024-11-30,18,PT1H,MC-BajoPutumayo,14007.86,13168.7
2024-11-30,19,PT1H,MC-BajoPutumayo,15300.29,13900.5
2024-11-30,20,PT1H,MC-BajoPutumayo,14529.26,13238.2
2024-11-30,21,PT1H,MC-BajoPutumayo,13456.3,12180.2
2024-11-30,22,PT1H,MC-BajoPutumayo,12193.33,10841.6
2024-11-30,23,PT1H,MC-BajoPutumayo,10704.75,9592.6
2024-11-30,24,PT1H,MC-BajoPutumayo,9626.11,8670.7
2023-11-09,1,PT1H,MC-BajoPutumayo,8932.94,8052.68
2023-11-09,2,PT1H,MC-BajoPutumayo,8338.4,7599.9
2023-11-09,3,PT1H,MC-BajoPutumayo,7854.89,7358.93
2023-11-09,4,PT1H,MC-BajoPutumayo,7626.38,7150.23
2023-11-09,5,PT1H,MC-BajoPutumayo,7609.15,7150.53
2023-11-09,6,PT1H,MC-BajoPutumayo,8013.76,7498.42
2023-11-09,7,PT1H,MC-BajoPutumayo,8605.47,8239.71
2023-11-09,8,PT1H,MC-BajoPutumayo,9439.26,9114.89
2023-11-09,9,PT1H,MC-BajoPutumayo,10618.91,10407.75
2023-11-09,10,PT1H,MC-BajoPutumayo,11089.42,11350.65
2023-11-09,11,PT1H,MC-BajoPutumayo,11269.76,12107.19
2023-11-09,12,PT1H,MC-BajoPutumayo,11426.19,12626.85
2023-11-09,13,PT1H,MC-BajoPutumayo,10841.68,12407.17
2023-11-09,14,PT1H,MC-BajoPutumayo,10904.62,12085.41
2023-11-09,15,PT1H,MC-BajoPutumayo,11672.62,12613.08
2023-11-09,16,PT1H,MC-BajoPutumayo,12087.65,12906.27
2023-11-09,17,PT1H,MC-BajoPutumayo,12272.99,12947.12
2023-11-09,18,PT1H,MC-BajoPutumayo,12184.17,12754.99
2023-11-09,19,PT1H,MC-BajoPutumayo,13698.19,13772.84
2023-11-09,20,PT1H,MC-BajoPutumayo,13861.46,13824.1
2023-11-09,21,PT1H,MC-BajoPutumayo,12165.47,12830.87
2023-11-09,22,PT1H,MC-BajoPutumayo,11519.45,11647.88
2023-11-09,23,PT1H,MC-BajoPutumayo,10061.39,10018.92
2023-11-09,24,PT1H,MC-BajoPutumayo,8886.09,8789.15
2023-05-12,1,PT1H,MC-BajoPutumayo,7591.96,6911.83
2023-05-12,2,PT1H,MC-BajoPutumayo,7057.14,6537.91
2023-05-12,3,PT1H,MC-BajoPutumayo,6827.38,6408.54
2023-05-12,4,PT1H,MC-BajoPutumayo,6629.86,6256.4
2023-05-12,5,PT1H,MC-BajoPutumayo,6596.36,6369.94
2023-05-12,6,PT1H,MC-BajoPutumayo,7089.06,6464.99
2023-05-12,7,PT1H,MC-BajoPutumayo,7893.76,7278.21
2023-05-12,8,PT1H,MC-BajoPutumayo,8749.68,8540.36
2023-05-12,9,PT1H,MC-BajoPutumayo,9644.87,9394.25
2023-05-12,10,PT1H,MC-BajoPutumayo,10025.75,10052.27
2023-05-12,11,PT1H,MC-BajoPutumayo,10291.9,10527.6
2023-05-12,12,PT1H,MC-BajoPutumayo,10492.67,11042.07
2023-05-12,13,PT1H,MC-BajoPutumayo,10406.63,10916.21
2023-05-12,14,PT1H,MC-BajoPutumayo,10535.14,11232.98
2023-05-12,15,PT1H,MC-BajoPutumayo,11513.77,11733.84
2023-05-12,16,PT1H,MC-BajoPutumayo,12190.47,12113.14
2023-05-12,17,PT1H,MC-BajoPutumayo,12300.31,11740.72
2023-05-12,18,PT1H,MC-BajoPutumayo,12053.11,11579.31
2023-05-12,19,PT1H,MC-BajoPutumayo,13007.43,13522.94
2023-05-12,20,PT1H,MC-BajoPutumayo,13230.55,14190.54
2023-05-12,21,PT1H,MC-BajoPutumayo,12498.06,13267.74
2023-05-12,22,PT1H,MC-BajoPutumayo,11421.07,11625.27
2023-05-12,23,PT1H,MC-BajoPutumayo,9890.02,9543.88
2023-05-12,24,PT1H,MC-BajoPutumayo,8565.87,7993.04
2023-01-09,1,PT1H,MC-BajoPutumayo,6783.69,6281.88
2023-01-09,2,PT1H,MC-BajoPutumayo,6415.13,5872.16
2023-01-09,3,PT1H,MC-BajoPutumayo,6160.46,5572.07
2023-01-09,4,PT1H,MC-BajoPutumayo,6065.23,5461.13
2023-01-09,5,PT1H,MC-BajoPutumayo,6049.39,5412.65
2023-01-09,6,PT1H,MC-BajoPutumayo,6271.66,5551.23
2023-01-09,7,PT1H,MC-BajoPutumayo,6529.86,6053.37
2023-01-09,8,PT1H,MC-BajoPutumayo,7329.98,7264.33
2023-01-09,9,PT1H,MC-BajoPutumayo,8264.78,8751.29
2023-01-09,10,PT1H,MC-BajoPutumayo,9229.94,9590.58
2023-01-09,11,PT1H,MC-BajoPutumayo,9934.58,10568.51
2023-01-09,12,PT1H,MC-BajoPutumayo,10506.91,11183.29
2023-01-09,13,PT1H,MC-BajoPutumayo,10591.71,11019.16
2023-01-09,14,PT1H,MC-BajoPutumayo,10551.06,11350.06
2023-01-09,15,PT1H,MC-BajoPutumayo,10669.51,11709.54
2023-01-09,16,PT1H,MC-BajoPutumayo,10899.29,11565.06
2023-01-09,17,PT1H,MC-BajoPutumayo,10945.96,11427.87
2023-01-09,18,PT1H,MC-BajoPutumayo,10750.21,11329.33
2023-01-09,19,PT1H,MC-BajoPutumayo,11639.63,12209.61
2023-01-09,20,PT1H,MC-BajoPutumayo,12308.95,12106.44
2023-01-09,21,PT1H,MC-BajoPutumayo,11744.13,11376.96
2023-01-09,22,PT1H,MC-BajoPutumayo,10749.62,10414.09
2023-01-09,23,PT1H,MC-BajoPutumayo,9435.02,8920.03
2023-01-09,24,PT1H,MC-BajoPutumayo,8247.41,7634.77
2023-06-13,1,PT1H,MC-BajoPutumayo,6928.89,7061.8
2023-06-13,2,PT1H,MC-BajoPutumayo,6503.62,6662.96
2023-06-13,3,PT1H,MC-BajoPutumayo,6307.34,6356.76
2023-06-13,4,PT1H,MC-BajoPutumayo,6239.68,6214.07
2023-06-13,5,PT1H,MC-BajoPutumayo,6267.98,6243.96
2023-06-13,6,PT1H,MC-BajoPutumayo,6826.57,6729.41
2023-06-13,7,PT1H,MC-BajoPutumayo,7518.04,7393.74
2023-06-13,8,PT1H,MC-BajoPutumayo,8198.38,8092.26
2023-06-13,9,PT1H,MC-BajoPutumayo,9736.12,9155.17
2023-06-13,10,PT1H,MC-BajoPutumayo,10641.61,9799.56
2023-06-13,11,PT1H,MC-BajoPutumayo,11637.24,10394.96
2023-06-13,12,PT1H,MC-BajoPutumayo,12238.83,10832.2
2023-06-13,13,PT1H,MC-BajoPutumayo,11877.7,10611.69
2023-06-13,14,PT1H,MC-BajoPutumayo,12279.24,10735.51
2023-06-13,15,PT1H,MC-BajoPutumayo,13125.41,11397.27
2023-06-13,16,PT1H,MC-BajoPutumayo,13307.33,11711.69
2023-06-13,17,PT1H,MC-BajoPutumayo,13180.78,11896.48
2023-06-13,18,PT1H,MC-BajoPutumayo,13029.87,11621.55
2023-06-13,19,PT1H,MC-BajoPutumayo,13753.49,12658.98
2023-06-13,20,PT1H,MC-BajoPutumayo,14111.47,12896.38
2023-06-13,21,PT1H,MC-BajoPutumayo,13113.27,12074.3
2023-06-13,22,PT1H,MC-BajoPutumayo,11918.3,10920.38
2023-06-13,23,PT1H,MC-BajoPutumayo,10098.95,9197.22
2023-06-13,24,PT1H,MC-BajoPutumayo,8668.28,7882.92
2022-05-05,1,PT1H,MC-BajoPutumayo,6810.3,6246.6
2022-05-05,2,PT1H,MC-BajoPutumayo,6484.79,5998.36
2022-05-05,3,PT1H,MC-BajoPutumayo,6053.93,5789.2
2022-05-05,4,PT1H,MC-BajoPutumayo,6440.49,5665.61
2022-05-05,5,PT1H,MC-BajoPutumayo,6292.13,5642.81
2022-05-05,6,PT1H,MC-BajoPutumayo,6883.99,6324.26
2022-05-05,7,PT1H,MC-BajoPutumayo,7788.91,6956.8
2022-05-05,8,PT1H,MC-BajoPutumayo,8323.44,7212.55
2022-05-05,9,PT1H,MC-BajoPutumayo,9076.47,8343.44
2022-05-05,10,PT1H,MC-BajoPutumayo,8681.93,9246.19
2022-05-05,11,PT1H,MC-BajoPutumayo,9707.34,10138.79
2022-05-05,12,PT1H,MC-BajoPutumayo,9951.3,10679.35
2022-05-05,13,PT1H,MC-BajoPutumayo,9469.42,10368.57
2022-05-05,14,PT1H,MC-BajoPutumayo,9289.96,10647.2
2022-05-05,15,PT1H,MC-BajoPutumayo,9563.84,11269.77
2022-05-05,16,PT1H,MC-BajoPutumayo,9703.24,11400.82
2022-05-05,17,PT1H,MC-BajoPutumayo,9710.31,11170.83
2022-05-05,18,PT1H,MC-BajoPutumayo,9894.14,10841.54
2022-05-05,19,PT1H,MC-BajoPutumayo,11252.46,11852.88
2022-05-05,20,PT1H,MC-BajoPutumayo,11433.71,12140.25
2022-05-05,21,PT1H,MC-BajoPutumayo,10814.08,11441.22
2022-05-05,22,PT1H,MC-BajoPutumayo,9701.12,10286.51
2022-05-05,23,PT1H,MC-BajoPutumayo,8143.31,8828.77
2022-05-05,24,PT1H,MC-BajoPutumayo,6892.48,7531.98
2025-11-18,1,PT1H,MC-BajoPutumayo,8421.17,7565.1
2025-11-18,2,PT1H,MC-BajoPutumayo,8017.67,7086.6
2025-11-18,3,PT1H,MC-BajoPutumayo,7781.39,6834.3
2025-11-18,4,PT1H,MC-BajoPutumayo,7653.59,6766.9
2025-11-18,5,PT1H,MC-BajoPutumayo,7693.58,6866.3
2025-11-18,6,PT1H,MC-BajoPutumayo,8209.54,7444.4
2025-11-18,7,PT1H,MC-BajoPutumayo,9628.63,8157.8
2025-11-18,8,PT1H,MC-BajoPutumayo,9958.29,9020.4
2025-11-18,9,PT1H,MC-BajoPutumayo,11088.97,10035.5
2025-11-18,10,PT1H,MC-BajoPutumayo,11561.68,10894.6
2025-11-18,11,PT1H,MC-BajoPutumayo,11967.83,11628.0
2025-11-18,12,PT1H,MC-BajoPutumayo,12217.21,12096.1
2025-11-18,13,PT1H,MC-BajoPutumayo,11044.63,11836.9
2025-11-18,14,PT1H,MC-BajoPutumayo,11571.31,12316.6
2025-11-18,15,PT1H,MC-BajoPutumayo,12581.91,13274.9
2025-11-18,16,PT1H,MC-BajoPutumayo,12808.21,13550.2
2025-11-18,17,PT1H,MC-BajoPutumayo,12601.24,13700.9
2025-11-18,18,PT1H,MC-BajoPutumayo,12582.71,13835.5
2025-11-18,19,PT1H,MC-BajoPutumayo,13386.01,15206.4
2025-11-18,20,PT1H,MC-BajoPutumayo,13879.05,14744.9
2025-11-18,21,PT1H,MC-BajoPutumayo,14063.61,13685.1
2025-11-18,22,PT1H,MC-BajoPutumayo,13214.56,12349.0
2025-11-18,23,PT1H,MC-BajoPutumayo,11356.25,10540.4
2025-11-18,24,PT1H,MC-BajoPutumayo,9630.04,9248.3
2023-07-14,1,PT1H,MC-BajoPutumayo,7876.63,6951.29
2023-07-14,2,PT1H,MC-BajoPutumayo,7351.69,6551.3
2023-07-14,3,PT1H,MC-BajoPutumayo,6921.48,6348.69
2023-07-14,4,PT1H,MC-BajoPutumayo,6792.4,6332.68
2023-07-14,5,PT1H,MC-BajoPutumayo,6824.89,6308.13
2023-07-14,6,PT1H,MC-BajoPutumayo,7381.38,6790.25
2023-07-14,7,PT1H,MC-BajoPutumayo,8056.54,7444.53
2023-07-14,8,PT1H,MC-BajoPutumayo,8844.92,8348.23
2023-07-14,9,PT1H,MC-BajoPutumayo,10072.54,9517.73
2023-07-14,10,PT1H,MC-BajoPutumayo,11054.5,10267.79
2023-07-14,11,PT1H,MC-BajoPutumayo,11792.12,10981.0
2023-07-14,12,PT1H,MC-BajoPutumayo,12184.38,11170.41
2023-07-14,13,PT1H,MC-BajoPutumayo,11625.43,10601.93
2023-07-14,14,PT1H,MC-BajoPutumayo,11841.16,10809.59
2023-07-14,15,PT1H,MC-BajoPutumayo,12590.16,11135.53
2023-07-14,16,PT1H,MC-BajoPutumayo,12886.9,12026.54
2023-07-14,17,PT1H,MC-BajoPutumayo,13024.52,12444.95
2023-07-14,18,PT1H,MC-BajoPutumayo,12729.15,12244.21
2023-07-14,19,PT1H,MC-BajoPutumayo,13143.71,13265.97
2023-07-14,20,PT1H,MC-BajoPutumayo,13338.53,13433.56
2023-07-14,21,PT1H,MC-BajoPutumayo,12684.04,12595.62
2023-07-14,22,PT1H,MC-BajoPutumayo,11917.85,11399.71
2023-07-14,23,PT1H,MC-BajoPutumayo,10483.24,9784.9
2023-07-14,24,PT1H,MC-BajoPutumayo,9092.89,8460.66
2023-04-05,1,PT1H,MC-BajoPutumayo,7660.84,7733.77
2023-04-05,2,PT1H,MC-BajoPutumayo,7161.87,7231.62
2023-04-05,3,PT1H,MC-BajoPutumayo,6892.96,7017.4
2023-04-05,4,PT1H,MC-BajoPutumayo,6743.4,6856.53
2023-04-05,5,PT1H,MC-BajoPutumayo,6749.95,6897.45
2023-04-05,6,PT1H,MC-BajoPutumayo,7029.81,7590.3
2023-04-05,7,PT1H,MC-BajoPutumayo,7411.34,8403.26
2023-04-05,8,PT1H,MC-BajoPutumayo,8488.15,9109.28
2023-04-05,9,PT1H,MC-BajoPutumayo,9572.16,10496.32
2023-04-05,10,PT1H,MC-BajoPutumayo,10274.65,11290.7
2023-04-05,11,PT1H,MC-BajoPutumayo,10508.13,12039.24
2023-04-05,12,PT1H,MC-BajoPutumayo,10813.84,12569.88
2023-04-05,13,PT1H,MC-BajoPutumayo,10804.89,12219.49
2023-04-05,14,PT1H,MC-BajoPutumayo,10875.98,12596.66
2023-04-05,15,PT1H,MC-BajoPutumayo,11638.34,13511.83
2023-04-05,16,PT1H,MC-BajoPutumayo,11912.36,13750.55
2023-04-05,17,PT1H,MC-BajoPutumayo,11848.15,13495.77
2023-04-05,18,PT1H,MC-BajoPutumayo,11666.14,13144.84
2023-04-05,19,PT1H,MC-BajoPutumayo,12879.89,13963.83
2023-04-05,20,PT1H,MC-BajoPutumayo,13114.69,14329.13
2023-04-05,21,PT1H,MC-BajoPutumayo,12292.8,13416.32
2023-04-05,22,PT1H,MC-BajoPutumayo,11168.28,12186.12
2023-04-05,23,PT1H,MC-BajoPutumayo,9823.12,10547.51
2023-04-05,24,PT1H,MC-BajoPutumayo,8568.7,9098.0
2024-02-24,1,PT1H,MC-BajoPutumayo,9882.8,8728.04
2024-02-24,2,PT1H,MC-BajoPutumayo,9307.85,8108.11
2024-02-24,3,PT1H,MC-BajoPutumayo,8859.81,7776.45
2024-02-24,4,PT1H,MC-BajoPutumayo,8617.39,7532.27
2024-02-24,5,PT1H,MC-BajoPutumayo,8473.89,7350.06
2024-02-24,6,PT1H,MC-BajoPutumayo,8602.32,7373.8
2024-02-24,7,PT1H,MC-BajoPutumayo,8719.82,7505.94
2024-02-24,8,PT1H,MC-BajoPutumayo,9768.26,8418.79
2024-02-24,9,PT1H,MC-BajoPutumayo,11124.79,9589.23
2024-02-24,10,PT1H,MC-BajoPutumayo,12136.06,10530.88
2024-02-24,11,PT1H,MC-BajoPutumayo,12953.7,11351.98
2024-02-24,12,PT1H,MC-BajoPutumayo,13727.2,12066.74
2024-02-24,13,PT1H,MC-BajoPutumayo,13610.01,12379.0
2024-02-24,14,PT1H,MC-BajoPutumayo,13518.89,12276.23
2024-02-24,15,PT1H,MC-BajoPutumayo,12993.8,12117.51
2024-02-24,16,PT1H,MC-BajoPutumayo,13317.78,11980.78
2024-02-24,17,PT1H,MC-BajoPutumayo,13776.84,11997.92
2024-02-24,18,PT1H,MC-BajoPutumayo,13544.72,11951.52
2024-02-24,19,PT1H,MC-BajoPutumayo,14483.41,12864.17
2024-02-24,20,PT1H,MC-BajoPutumayo,15206.67,13907.6
2024-02-24,21,PT1H,MC-BajoPutumayo,14543.41,13520.3
2024-02-24,22,PT1H,MC-BajoPutumayo,13681.87,12742.4
2024-02-24,23,PT1H,MC-BajoPutumayo,12436.41,11128.35
2024-02-24,24,PT1H,MC-BajoPutumayo,11105.29,8925.39
2023-12-22,1,PT1H,MC-BajoPutumayo,8922.04,7613.56
2023-12-22,2,PT1H,MC-BajoPutumayo,8100.04,7051.51
2023-12-22,3,PT1H,MC-BajoPutumayo,7718.57,6756.97
2023-12-22,4,PT1H,MC-BajoPutumayo,7445.24,6585.15
2023-12-22,5,PT1H,MC-BajoPutumayo,7358.49,6584.99
2023-12-22,6,PT1H,MC-BajoPutumayo,7508.14,6840.74
2023-12-22,7,PT1H,MC-BajoPutumayo,7899.43,7294.91
2023-12-22,8,PT1H,MC-BajoPutumayo,9054.27,8287.74
2023-12-22,9,PT1H,MC-BajoPutumayo,10203.36,9489.06
2023-12-22,10,PT1H,MC-BajoPutumayo,10907.88,10248.6
2023-12-22,11,PT1H,MC-BajoPutumayo,11473.72,10816.6
2023-12-22,12,PT1H,MC-BajoPutumayo,11791.18,11378.54
2023-12-22,13,PT1H,MC-BajoPutumayo,11522.27,11229.71
2023-12-22,14,PT1H,MC-BajoPutumayo,11460.96,11324.5
2023-12-22,15,PT1H,MC-BajoPutumayo,11822.53,11821.88
2023-12-22,16,PT1H,MC-BajoPutumayo,12297.07,11836.42
2023-12-22,17,PT1H,MC-BajoPutumayo,12060.46,11723.13
2023-12-22,18,PT1H,MC-BajoPutumayo,12104.33,11667.39
2023-12-22,19,PT1H,MC-BajoPutumayo,13359.3,12810.78
2023-12-22,20,PT1H,MC-BajoPutumayo,13333.02,12799.24
2023-12-22,21,PT1H,MC-BajoPutumayo,12765.64,12052.77
2023-12-22,22,PT1H,MC-BajoPutumayo,11801.71,10925.5
2023-12-22,23,PT1H,MC-BajoPutumayo,10284.31,9613.21
2023-12-22,24,PT1H,MC-BajoPutumayo,8987.57,8489.33
2025-06-06,1,PT1H,MC-BajoPutumayo,7517.83,7337.9
2025-06-06,2,PT1H,MC-BajoPutumayo,7048.79,6712.4
2025-06-06,3,PT1H,MC-BajoPutumayo,6770.74,6526.0
2025-06-06,4,PT1H,MC-BajoPutumayo,6667.33,6494.6
2025-06-06,5,PT1H,MC-BajoPutumayo,6699.78,6489.4
2025-06-06,6,PT1H,MC-BajoPutumayo,7328.02,6973.3
2025-06-06,7,PT1H,MC-BajoPutumayo,8128.18,7618.2
2025-06-06,8,PT1H,MC-BajoPutumayo,8919.44,8633.9
2025-06-06,9,PT1H,MC-BajoPutumayo,9745.42,9787.3
2025-06-06,10,PT1H,MC-BajoPutumayo,10455.93,10436.8
2025-06-06,11,PT1H,MC-BajoPutumayo,11080.6,10885.4
2025-06-06,12,PT1H,MC-BajoPutumayo,11237.66,11266.0
2025-06-06,13,PT1H,MC-BajoPutumayo,10857.35,10959.9
2025-06-06,14,PT1H,MC-BajoPutumayo,10610.63,11372.1
2025-06-06,15,PT1H,MC-BajoPutumayo,11016.81,12048.4
2025-06-06,16,PT1H,MC-BajoPutumayo,11474.15,12341.9
2025-06-06,17,PT1H,MC-BajoPutumayo,11728.92,12361.0
2025-06-06,18,PT1H,MC-BajoPutumayo,11718.54,12315.5
2025-06-06,19,PT1H,MC-BajoPutumayo,12791.25,13187.7
2025-06-06,20,PT1H,MC-BajoPutumayo,12992.92,13551.6
2025-06-06,21,PT1H,MC-BajoPutumayo,11975.57,12709.7
2025-06-06,22,PT1H,MC-BajoPutumayo,10593.43,11451.8
2025-06-06,23,PT1H,MC-BajoPutumayo,9149.78,10106.1
2025-06-06,24,PT1H,MC-BajoPutumayo,7985.69,8798.4
2023-08-30,1,PT1H,MC-BajoPutumayo,8627.39,7441.63
2023-08-30,2,PT1H,MC-BajoPutumayo,8071.41,6908.97
2023-08-30,3,PT1H,MC-BajoPutumayo,7739.96,6668.74
2023-08-30,4,PT1H,MC-BajoPutumayo,7540.78,6496.24
2023-08-30,5,PT1H,MC-BajoPutumayo,7493.17,6743.78
2023-08-30,6,PT1H,MC-BajoPutumayo,7764.25,7083.94
2023-08-30,7,PT1H,MC-BajoPutumayo,8145.54,8084.9
2023-08-30,8,PT1H,MC-BajoPutumayo,9464.71,8850.74
2023-08-30,9,PT1H,MC-BajoPutumayo,11213.83,10123.84
2023-08-30,10,PT1H,MC-BajoPutumayo,12467.98,10796.98
2023-08-30,11,PT1H,MC-BajoPutumayo,13437.29,12087.17
2023-08-30,12,PT1H,MC-BajoPutumayo,14091.72,12559.7
2023-08-30,13,PT1H,MC-BajoPutumayo,13697.24,12287.71
2023-08-30,14,PT1H,MC-BajoPutumayo,13853.12,12528.97
2023-08-30,15,PT1H,MC-BajoPutumayo,14509.64,13817.69
2023-08-30,16,PT1H,MC-BajoPutumayo,14507.88,14156.75
2023-08-30,17,PT1H,MC-BajoPutumayo,14615.36,13982.5
2023-08-30,18,PT1H,MC-BajoPutumayo,14124.11,13610.17
2023-08-30,19,PT1H,MC-BajoPutumayo,14934.07,14210.39
2023-08-30,20,PT1H,MC-BajoPutumayo,15345.32,14979.25
2023-08-30,21,PT1H,MC-BajoPutumayo,14563.41,14076.56
2023-08-30,22,PT1H,MC-BajoPutumayo,13382.18,12731.98
2023-08-30,23,PT1H,MC-BajoPutumayo,11422.93,10855.24
2023-08-30,24,PT1H,MC-BajoPutumayo,9880.08,9160.57
2023-08-26,1,PT1H,MC-BajoPutumayo,8693.74,8398.46
2023-08-26,2,PT1H,MC-BajoPutumayo,7827.21,7955.29
2023-08-26,3,PT1H,MC-BajoPutumayo,7635.44,7603.74
2023-08-26,4,PT1H,MC-BajoPutumayo,7256.67,7381.61
2023-08-26,5,PT1H,MC-BajoPutumayo,7127.28,7205.07
2023-08-26,6,PT1H,MC-BajoPutumayo,6750.6,7651.01
2023-08-26,7,PT1H,MC-BajoPutumayo,7698.48,8025.99
2023-08-26,8,PT1H,MC-BajoPutumayo,8941.52,9176.79
2023-08-26,9,PT1H,MC-BajoPutumayo,10111.34,10525.12
2023-08-26,10,PT1H,MC-BajoPutumayo,11679.27,11421.76
2023-08-26,11,PT1H,MC-BajoPutumayo,12569.02,12170.61
2023-08-26,12,PT1H,MC-BajoPutumayo,13165.12,12720.68
2023-08-26,13,PT1H,MC-BajoPutumayo,13190.38,12637.63
2023-08-26,14,PT1H,MC-BajoPutumayo,13484.82,12592.7
2023-08-26,15,PT1H,MC-BajoPutumayo,14097.87,12683.54
2023-08-26,16,PT1H,MC-BajoPutumayo,13395.21,12859.58
2023-08-26,17,PT1H,MC-BajoPutumayo,13674.96,12839.79
2023-08-26,18,PT1H,MC-BajoPutumayo,13352.83,12735.23
2023-08-26,19,PT1H,MC-BajoPutumayo,14490.69,14025.59
2023-08-26,20,PT1H,MC-BajoPutumayo,14857.12,14536.94
2023-08-26,21,PT1H,MC-BajoPutumayo,13973.56,13628.86
2023-08-26,22,PT1H,MC-BajoPutumayo,13071.0,12378.9
2023-08-26,23,PT1H,MC-BajoPutumayo,11884.93,10659.58
2023-08-26,24,PT1H,MC-BajoPutumayo,10594.61,9422.0
2022-06-17,1,PT1H,MC-BajoPutumayo,7337.63,6501.41
2022-06-17,2,PT1H,MC-BajoPutumayo,6870.95,6270.76
2022-06-17,3,PT1H,MC-BajoPutumayo,6560.27,6060.87
2022-06-17,4,PT1H,MC-BajoPutumayo,6016.13,5920.32
2022-06-17,5,PT1H,MC-BajoPutumayo,6004.45,5870.71
2022-06-17,6,PT1H,MC-BajoPutumayo,6478.27,6631.07
2022-06-17,7,PT1H,MC-BajoPutumayo,7436.37,7312.36
2022-06-17,8,PT1H,MC-BajoPutumayo,8083.92,7975.26
2022-06-17,9,PT1H,MC-BajoPutumayo,9267.6,8915.51
2022-06-17,10,PT1H,MC-BajoPutumayo,9939.08,9403.69
2022-06-17,11,PT1H,MC-BajoPutumayo,10848.77,10072.48
2022-06-17,12,PT1H,MC-BajoPutumayo,11588.55,10595.83
2022-06-17,13,PT1H,MC-BajoPutumayo,11348.53,10685.16
2022-06-17,14,PT1H,MC-BajoPutumayo,10677.04,10788.27
2022-06-17,15,PT1H,MC-BajoPutumayo,13158.52,11114.97
2022-06-17,16,PT1H,MC-BajoPutumayo,13095.69,11403.21
2022-06-17,17,PT1H,MC-BajoPutumayo,12874.28,11447.77
2022-06-17,18,PT1H,MC-BajoPutumayo,12635.11,11336.44
2022-06-17,19,PT1H,MC-BajoPutumayo,13548.54,12482.87
2022-06-17,20,PT1H,MC-BajoPutumayo,13974.17,12630.34
2022-06-17,21,PT1H,MC-BajoPutumayo,13212.84,11833.15
2022-06-17,22,PT1H,MC-BajoPutumayo,12281.63,10668.66
2022-06-17,23,PT1H,MC-BajoPutumayo,10606.52,9215.5
2022-06-17,24,PT1H,MC-BajoPutumayo,9133.1,7807.7
2023-04-18,1,PT1H,MC-BajoPutumayo,7436.47,7321.24
2023-04-18,2,PT1H,MC-BajoPutumayo,6995.68,6823.1
2023-04-18,3,PT1H,MC-BajoPutumayo,6775.27,6501.62
2023-04-18,4,PT1H,MC-BajoPutumayo,6669.35,6273.35
2023-04-18,5,PT1H,MC-BajoPutumayo,6686.12,6310.08
2023-04-18,6,PT1H,MC-BajoPutumayo,7259.73,6864.55
2023-04-18,7,PT1H,MC-BajoPutumayo,8143.16,7665.03
2023-04-18,8,PT1H,MC-BajoPutumayo,8989.35,8530.04
2023-04-18,9,PT1H,MC-BajoPutumayo,10143.12,9637.66
2023-04-18,10,PT1H,MC-BajoPutumayo,11137.33,10208.51
2023-04-18,11,PT1H,MC-BajoPutumayo,11967.44,10810.79
2023-04-18,12,PT1H,MC-BajoPutumayo,12182.26,11323.33
2023-04-18,13,PT1H,MC-BajoPutumayo,11678.79,10851.7
2023-04-18,14,PT1H,MC-BajoPutumayo,12303.76,11190.89
2023-04-18,15,PT1H,MC-BajoPutumayo,13154.71,11905.27
2023-04-18,16,PT1H,MC-BajoPutumayo,13333.03,12341.95
2023-04-18,17,PT1H,MC-BajoPutumayo,13246.03,12365.34
2023-04-18,18,PT1H,MC-BajoPutumayo,13071.19,11956.79
2023-04-18,19,PT1H,MC-BajoPutumayo,14102.75,12953.32
2023-04-18,20,PT1H,MC-BajoPutumayo,14371.97,13332.99
2023-04-18,21,PT1H,MC-BajoPutumayo,13531.36,12452.37
2023-04-18,22,PT1H,MC-BajoPutumayo,12194.69,11147.85
2023-04-18,23,PT1H,MC-BajoPutumayo,10451.26,9494.45
2023-04-18,24,PT1H,MC-BajoPutumayo,9184.74,8190.28
2022-02-02,1,PT1H,MC-BajoPutumayo,7393.31,7555.29
2022-02-02,2,PT1H,MC-BajoPutumayo,6868.47,7328.32
2022-02-02,3,PT1H,MC-BajoPutumayo,6606.21,6992.77
2022-02-02,4,PT1H,MC-BajoPutumayo,6537.5,6851.95
2022-02-02,5,PT1H,MC-BajoPutumayo,6611.2,6763.61
2022-02-02,6,PT1H,MC-BajoPutumayo,5586.38,6780.4
2022-02-02,7,PT1H,MC-BajoPutumayo,5658.85,7159.51
2022-02-02,8,PT1H,MC-BajoPutumayo,8437.77,8015.52
2022-02-02,9,PT1H,MC-BajoPutumayo,10832.71,9229.8
2022-02-02,10,PT1H,MC-BajoPutumayo,12174.99,10201.38
2022-02-02,11,PT1H,MC-BajoPutumayo,12413.14,11103.32
2022-02-02,12,PT1H,MC-BajoPutumayo,11877.09,11705.76
2022-02-02,13,PT1H,MC-BajoPutumayo,11543.27,11166.58
2022-02-02,14,PT1H,MC-BajoPutumayo,11736.01,11356.16
2022-02-02,15,PT1H,MC-BajoPutumayo,12362.24,11831.66
2022-02-02,16,PT1H,MC-BajoPutumayo,12901.02,11731.01
2022-02-02,17,PT1H,MC-BajoPutumayo,12522.93,11633.97
2022-02-02,18,PT1H,MC-BajoPutumayo,11923.84,11588.02
2022-02-02,19,PT1H,MC-BajoPutumayo,12899.59,12610.06
2022-02-02,20,PT1H,MC-BajoPutumayo,13951.67,13128.24
2022-02-02,21,PT1H,MC-BajoPutumayo,12476.99,12321.7
2022-02-02,22,PT1H,MC-BajoPutumayo,11322.53,10986.15
2022-02-02,23,PT1H,MC-BajoPutumayo,10101.76,9776.85
2022-02-02,24,PT1H,MC-BajoPutumayo,8509.99,8294.27
2026-02-17,21,PT1H,MC-BajoPutumayo,13275.88,13014.7
2026-02-17,22,PT1H,MC-BajoPutumayo,11114.17,11546.3
2026-02-17,23,PT1H,MC-BajoPutumayo,9195.14,9813.0
2026-02-17,24,PT1H,MC-BajoPutumayo,8043.45,8572.4
2026-02-17,1,PT1H,MC-BajoPutumayo,7391.95,8301.2
2026-02-17,2,PT1H,MC-BajoPutumayo,8558.33,7987.4
2026-02-17,3,PT1H,MC-BajoPutumayo,7560.82,7301.9
2026-02-17,4,PT1H,MC-BajoPutumayo,6762.79,7193.6
2026-02-17,5,PT1H,MC-BajoPutumayo,6991.61,7215.5
2026-02-17,6,PT1H,MC-BajoPutumayo,7185.38,8036.5
2026-02-17,7,PT1H,MC-BajoPutumayo,8476.33,8634.6
2026-02-17,8,PT1H,MC-BajoPutumayo,9698.06,9127.7
2026-02-17,9,PT1H,MC-BajoPutumayo,10554.45,10372.2
2026-02-17,10,PT1H,MC-BajoPutumayo,11108.35,11076.2
2026-02-17,11,PT1H,MC-BajoPutumayo,11455.74,11796.0
2026-02-17,12,PT1H,MC-BajoPutumayo,11848.59,11870.4
2026-02-17,13,PT1H,MC-BajoPutumayo,11646.42,11786.9
2026-02-17,14,PT1H,MC-BajoPutumayo,13700.45,12157.6
2026-02-17,15,PT1H,MC-BajoPutumayo,13257.87,12717.5
2026-02-17,16,PT1H,MC-BajoPutumayo,13425.47,12972.2
2026-02-17,17,PT1H,MC-BajoPutumayo,13463.41,12861.6
2026-02-17,18,PT1H,MC-BajoPutumayo,13252.62,12856.8
2026-02-17,19,PT1H,MC-BajoPutumayo,14762.05,14329.9
2026-02-17,20,PT1H,MC-BajoPutumayo,14522.61,14112.9
2024-07-18,1,PT1H,MC-BajoPutumayo,6510.89,6916.0
2024-07-18,2,PT1H,MC-BajoPutumayo,6306.86,6565.8
2024-07-18,3,PT1H,MC-BajoPutumayo,6100.12,6368.3
2024-07-18,4,PT1H,MC-BajoPutumayo,5972.78,6319.8
2024-07-18,5,PT1H,MC-BajoPutumayo,6160.49,6434.2
2024-07-18,6,PT1H,MC-BajoPutumayo,6950.34,6903.0
2024-07-18,7,PT1H,MC-BajoPutumayo,7546.67,7528.0
2024-07-18,8,PT1H,MC-BajoPutumayo,8310.39,8602.7
2024-07-18,9,PT1H,MC-BajoPutumayo,9276.26,9613.0
2024-07-18,10,PT1H,MC-BajoPutumayo,9859.19,10136.2
2024-07-18,11,PT1H,MC-BajoPutumayo,10472.45,10742.1
2024-07-18,12,PT1H,MC-BajoPutumayo,10784.8,11143.0
2024-07-18,13,PT1H,MC-BajoPutumayo,10292.71,10691.3
2024-07-18,14,PT1H,MC-BajoPutumayo,10593.31,10871.4
2024-07-18,15,PT1H,MC-BajoPutumayo,10928.83,11649.9
2024-07-18,16,PT1H,MC-BajoPutumayo,10086.05,11895.9
2024-07-18,17,PT1H,MC-BajoPutumayo,10272.48,11873.3
2024-07-18,18,PT1H,MC-BajoPutumayo,10832.02,11818.2
2024-07-18,19,PT1H,MC-BajoPutumayo,11990.88,12891.8
2024-07-18,20,PT1H,MC-BajoPutumayo,11977.65,12947.6
2024-07-18,21,PT1H,MC-BajoPutumayo,11025.67,12138.8
2024-07-18,22,PT1H,MC-BajoPutumayo,9719.42,10915.8
2024-07-18,23,PT1H,MC-BajoPutumayo,8099.63,9267.0
2024-07-18,24,PT1H,MC-BajoPutumayo,7032.07,8002.2
2023-10-30,1,PT1H,MC-BajoPutumayo,7552.52,8250.57
2023-10-30,2,PT1H,MC-BajoPutumayo,7232.78,7850.81
2023-10-30,3,PT1H,MC-BajoPutumayo,7024.97,7458.7
2023-10-30,4,PT1H,MC-BajoPutumayo,6903.16,7104.94
2023-10-30,5,PT1H,MC-BajoPutumayo,6948.03,7032.5
2023-10-30,6,PT1H,MC-BajoPutumayo,7447.04,7195.26
2023-10-30,7,PT1H,MC-BajoPutumayo,8087.64,7933.7
2023-10-30,8,PT1H,MC-BajoPutumayo,9025.78,9295.94
2023-10-30,9,PT1H,MC-BajoPutumayo,10558.05,10846.34
2023-10-30,10,PT1H,MC-BajoPutumayo,11645.45,11816.82
2023-10-30,11,PT1H,MC-BajoPutumayo,12617.28,12578.92
2023-10-30,12,PT1H,MC-BajoPutumayo,13438.0,13231.96
2023-10-30,13,PT1H,MC-BajoPutumayo,13287.56,13008.66
2023-10-30,14,PT1H,MC-BajoPutumayo,13729.23,13216.98
2023-10-30,15,PT1H,MC-BajoPutumayo,14437.32,13791.93
2023-10-30,16,PT1H,MC-BajoPutumayo,14417.68,13856.52
2023-10-30,17,PT1H,MC-BajoPutumayo,14035.91,13723.33
2023-10-30,18,PT1H,MC-BajoPutumayo,13616.84,13525.87
2023-10-30,19,PT1H,MC-BajoPutumayo,13406.21,14757.76
2023-10-30,20,PT1H,MC-BajoPutumayo,13199.16,14809.29
2023-10-30,21,PT1H,MC-BajoPutumayo,12408.89,13928.56
2023-10-30,22,PT1H,MC-BajoPutumayo,11117.5,12728.13
2023-10-30,23,PT1H,MC-BajoPutumayo,9775.76,11125.75
2023-10-30,24,PT1H,MC-BajoPutumayo,8663.8,9804.06
2023-09-11,1,PT1H,MC-BajoPutumayo,7761.96,7705.0
2023-09-11,2,PT1H,MC-BajoPutumayo,7259.49,7198.34
2023-09-11,3,PT1H,MC-BajoPutumayo,7027.05,6929.26
2023-09-11,4,PT1H,MC-BajoPutumayo,6893.48,6740.72
2023-09-11,5,PT1H,MC-BajoPutumayo,6872.93,6798.62
2023-09-11,6,PT1H,MC-BajoPutumayo,7243.9,6908.23
2023-09-11,7,PT1H,MC-BajoPutumayo,7760.09,7474.27
2023-09-11,8,PT1H,MC-BajoPutumayo,8972.97,8761.04
2023-09-11,9,PT1H,MC-BajoPutumayo,10578.5,9574.92
2023-09-11,10,PT1H,MC-BajoPutumayo,11410.52,10172.62
2023-09-11,11,PT1H,MC-BajoPutumayo,12447.54,10841.05
2023-09-11,12,PT1H,MC-BajoPutumayo,13180.35,11432.06
2023-09-11,13,PT1H,MC-BajoPutumayo,13058.74,11079.45
2023-09-11,14,PT1H,MC-BajoPutumayo,13110.12,10976.7
2023-09-11,15,PT1H,MC-BajoPutumayo,13814.82,11437.75
2023-09-11,16,PT1H,MC-BajoPutumayo,13876.02,11405.06
2023-09-11,17,PT1H,MC-BajoPutumayo,13796.1,11455.96
2023-09-11,18,PT1H,MC-BajoPutumayo,13497.89,11317.05
2023-09-11,19,PT1H,MC-BajoPutumayo,14526.03,12304.94
2023-09-11,20,PT1H,MC-BajoPutumayo,14984.01,12814.49
2023-09-11,21,PT1H,MC-BajoPutumayo,14105.98,11955.57
2023-09-11,22,PT1H,MC-BajoPutumayo,12857.31,10680.0
2023-09-11,23,PT1H,MC-BajoPutumayo,10967.05,9194.4
2023-09-11,24,PT1H,MC-BajoPutumayo,9435.25,7999.51
2024-04-17,1,PT1H,MC-BajoPutumayo,8330.38,7909.79
2024-04-17,2,PT1H,MC-BajoPutumayo,7871.41,7452.64
2024-04-17,3,PT1H,MC-BajoPutumayo,7540.27,7189.38
2024-04-17,4,PT1H,MC-BajoPutumayo,7340.28,7032.35
2024-04-17,5,PT1H,MC-BajoPutumayo,6793.12,7028.01
2024-04-17,6,PT1H,MC-BajoPutumayo,7996.55,7551.16
2024-04-17,7,PT1H,MC-BajoPutumayo,8398.54,7979.97
2024-04-17,8,PT1H,MC-BajoPutumayo,8713.69,8641.91
2024-04-17,9,PT1H,MC-BajoPutumayo,10118.54,9590.8
2024-04-17,10,PT1H,MC-BajoPutumayo,11768.36,10335.74
2024-04-17,11,PT1H,MC-BajoPutumayo,12497.21,11002.05
2024-04-17,12,PT1H,MC-BajoPutumayo,13066.28,11566.81
2024-04-17,13,PT1H,MC-BajoPutumayo,12968.12,11419.56
2024-04-17,14,PT1H,MC-BajoPutumayo,13706.05,11718.59
2024-04-17,15,PT1H,MC-BajoPutumayo,14787.9,12340.68
2024-04-17,16,PT1H,MC-BajoPutumayo,14691.49,12517.03
2024-04-17,17,PT1H,MC-BajoPutumayo,14807.37,12643.85
2024-04-17,18,PT1H,MC-BajoPutumayo,14893.98,12427.28
2024-04-17,19,PT1H,MC-BajoPutumayo,15557.74,13304.5
2024-04-17,20,PT1H,MC-BajoPutumayo,15721.62,13783.24
2024-04-17,21,PT1H,MC-BajoPutumayo,14650.13,13097.94
2024-04-17,22,PT1H,MC-BajoPutumayo,13326.13,12048.4
2024-04-17,23,PT1H,MC-BajoPutumayo,11388.85,10458.03
2024-04-17,24,PT1H,MC-BajoPutumayo,9913.89,9194.78
2025-07-22,1,PT1H,MC-BajoPutumayo,8137.06,7269.5
2025-07-22,2,PT1H,MC-BajoPutumayo,7633.51,6949.3
2025-07-22,3,PT1H,MC-BajoPutumayo,7267.5,6597.1
2025-07-22,4,PT1H,MC-BajoPutumayo,7128.37,6495.8
2025-07-22,5,PT1H,MC-BajoPutumayo,7119.38,6548.3
2025-07-22,6,PT1H,MC-BajoPutumayo,7744.14,7039.4
2025-07-22,7,PT1H,MC-BajoPutumayo,8504.34,7497.4
2025-07-22,8,PT1H,MC-BajoPutumayo,9251.44,8627.7
2025-07-22,9,PT1H,MC-BajoPutumayo,10254.07,10157.1
2025-07-22,10,PT1H,MC-BajoPutumayo,10881.21,11058.7
2025-07-22,11,PT1H,MC-BajoPutumayo,11728.62,11652.7
2025-07-22,12,PT1H,MC-BajoPutumayo,12203.33,12221.3
2025-07-22,13,PT1H,MC-BajoPutumayo,11826.38,11914.0
2025-07-22,14,PT1H,MC-BajoPutumayo,12180.17,11934.1
2025-07-22,15,PT1H,MC-BajoPutumayo,13196.33,12649.1
2025-07-22,16,PT1H,MC-BajoPutumayo,13540.37,12788.4
2025-07-22,17,PT1H,MC-BajoPutumayo,13459.9,12610.2
2025-07-22,18,PT1H,MC-BajoPutumayo,13230.19,12185.9
2025-07-22,19,PT1H,MC-BajoPutumayo,14168.53,13570.3
2025-07-22,20,PT1H,MC-BajoPutumayo,14739.2,14454.0
2025-07-22,21,PT1H,MC-BajoPutumayo,13749.03,13619.6
2025-07-22,22,PT1H,MC-BajoPutumayo,12278.12,12354.1
2025-07-22,23,PT1H,MC-BajoPutumayo,10406.35,10456.5
2025-07-22,24,PT1H,MC-BajoPutumayo,8830.43,8751.4
2025-07-28,1,PT1H,MC-BajoPutumayo,8329.13,8794.7
2025-07-28,2,PT1H,MC-BajoPutumayo,7790.9,8154.1
2025-07-28,3,PT1H,MC-BajoPutumayo,7500.7,7742.8
2025-07-28,4,PT1H,MC-BajoPutumayo,7379.86,7548.0
2025-07-28,5,PT1H,MC-BajoPutumayo,7342.95,7449.4
2025-07-28,6,PT1H,MC-BajoPutumayo,7977.37,7712.6
2025-07-28,7,PT1H,MC-BajoPutumayo,8718.76,8061.1
2025-07-28,8,PT1H,MC-BajoPutumayo,9507.18,8827.2
2025-07-28,9,PT1H,MC-BajoPutumayo,10768.11,9913.0
2025-07-28,10,PT1H,MC-BajoPutumayo,11606.16,10757.2
2025-07-28,11,PT1H,MC-BajoPutumayo,12117.63,11030.1
2025-07-28,12,PT1H,MC-BajoPutumayo,12715.92,11414.4
2025-07-28,13,PT1H,MC-BajoPutumayo,12514.34,11524.4
2025-07-28,14,PT1H,MC-BajoPutumayo,12911.54,11326.1
2025-07-28,15,PT1H,MC-BajoPutumayo,13922.74,11470.5
2025-07-28,16,PT1H,MC-BajoPutumayo,13682.24,11562.5
2025-07-28,17,PT1H,MC-BajoPutumayo,13356.03,11505.9
2025-07-28,18,PT1H,MC-BajoPutumayo,13133.53,11966.6
2025-07-28,19,PT1H,MC-BajoPutumayo,14104.03,13298.8
2025-07-28,20,PT1H,MC-BajoPutumayo,14197.07,13818.6
2025-07-28,21,PT1H,MC-BajoPutumayo,13146.08,13069.8
2025-07-28,22,PT1H,MC-BajoPutumayo,11748.25,11850.6
2025-07-28,23,PT1H,MC-BajoPutumayo,10113.13,10114.6
2025-07-28,24,PT1H,MC-BajoPutumayo,8447.81,8706.8
2025-09-21,1,PT1H,MC-BajoPutumayo,9380.69,7507.5
2025-09-21,2,PT1H,MC-BajoPutumayo,8590.35,7124.0
2025-09-21,3,PT1H,MC-BajoPutumayo,8207.43,6921.2
2025-09-21,4,PT1H,MC-BajoPutumayo,8017.27,6796.4
2025-09-21,5,PT1H,MC-BajoPutumayo,6823.01,6860.5
2025-09-21,6,PT1H,MC-BajoPutumayo,1154.73,7454.5
2025-09-21,7,PT1H,MC-BajoPutumayo,986.16,8305.6
2025-09-21,8,PT1H,MC-BajoPutumayo,708.87,9457.0
2025-09-21,9,PT1H,MC-BajoPutumayo,492.25,10567.0
2025-09-21,10,PT1H,MC-BajoPutumayo,26.62,11332.3
2025-09-21,11,PT1H,MC-BajoPutumayo,-361.45,11999.5
2025-09-21,12,PT1H,MC-BajoPutumayo,376.82,12426.7
2025-09-21,13,PT1H,MC-BajoPutumayo,300.56,12034.7
2025-09-21,14,PT1H,MC-BajoPutumayo,228.56,12303.4
2025-09-21,15,PT1H,MC-BajoPutumayo,-1134.1,13026.2
2025-09-21,16,PT1H,MC-BajoPutumayo,-901.75,13177.0
2025-09-21,17,PT1H,MC-BajoPutumayo,-671.93,12901.2
2025-09-21,18,PT1H,MC-BajoPutumayo,-651.49,12600.5
2025-09-21,19,PT1H,MC-BajoPutumayo,-1074.74,14412.4
2025-09-21,20,PT1H,MC-BajoPutumayo,-1141.75,14466.3
2025-09-21,21,PT1H,MC-BajoPutumayo,-1437.61,13606.7
2025-09-21,22,PT1H,MC-BajoPutumayo,-916.28,12078.7
2025-09-21,23,PT1H,MC-BajoPutumayo,-163.34,10131.1
2025-09-21,24,PT1H,MC-BajoPutumayo,9943.44,8522.8
2023-07-08,1,PT1H,MC-BajoPutumayo,7771.81,6538.35
2023-07-08,2,PT1H,MC-BajoPutumayo,7221.54,6239.49
2023-07-08,3,PT1H,MC-BajoPutumayo,6892.45,6068.24
2023-07-08,4,PT1H,MC-BajoPutumayo,6713.11,6093.32
2023-07-08,5,PT1H,MC-BajoPutumayo,6691.62,6118.4
2023-07-08,6,PT1H,MC-BajoPutumayo,6866.36,6436.72
2023-07-08,7,PT1H,MC-BajoPutumayo,7121.66,7058.9
2023-07-08,8,PT1H,MC-BajoPutumayo,8058.22,8198.88
2023-07-08,9,PT1H,MC-BajoPutumayo,9435.88,8975.81
2023-07-08,10,PT1H,MC-BajoPutumayo,10427.7,9686.85
2023-07-08,11,PT1H,MC-BajoPutumayo,11050.3,10156.68
2023-07-08,12,PT1H,MC-BajoPutumayo,11798.38,10626.65
2023-07-08,13,PT1H,MC-BajoPutumayo,11823.23,10481.07
2023-07-08,14,PT1H,MC-BajoPutumayo,11668.94,10663.34
2023-07-08,15,PT1H,MC-BajoPutumayo,11731.46,11219.84
2023-07-08,16,PT1H,MC-BajoPutumayo,11949.68,11543.0
2023-07-08,17,PT1H,MC-BajoPutumayo,11731.06,11146.06
2023-07-08,18,PT1H,MC-BajoPutumayo,11631.64,10943.89
2023-07-08,19,PT1H,MC-BajoPutumayo,12713.59,12833.76
2023-07-08,20,PT1H,MC-BajoPutumayo,13320.94,13508.11
2023-07-08,21,PT1H,MC-BajoPutumayo,12387.39,12613.69
2023-07-08,22,PT1H,MC-BajoPutumayo,11242.95,11156.48
2023-07-08,23,PT1H,MC-BajoPutumayo,10095.74,9233.14
2023-07-08,24,PT1H,MC-BajoPutumayo,8835.5,7690.31
2023-09-17,1,PT1H,MC-BajoPutumayo,8807.93,9309.93
2023-09-17,2,PT1H,MC-BajoPutumayo,8439.3,8532.92
2023-09-17,3,PT1H,MC-BajoPutumayo,7995.7,8054.5
2023-09-17,4,PT1H,MC-BajoPutumayo,7626.21,7825.65
2023-09-17,5,PT1H,MC-BajoPutumayo,7364.26,7567.05
2023-09-17,6,PT1H,MC-BajoPutumayo,7353.23,7283.57
2023-09-17,7,PT1H,MC-BajoPutumayo,7625.37,7661.37
2023-09-17,8,PT1H,MC-BajoPutumayo,8425.51,8758.93
2023-09-17,9,PT1H,MC-BajoPutumayo,9267.68,10112.11
2023-09-17,10,PT1H,MC-BajoPutumayo,10816.54,11114.89
2023-09-17,11,PT1H,MC-BajoPutumayo,11517.69,11809.54
2023-09-17,12,PT1H,MC-BajoPutumayo,12013.27,12625.88
2023-09-17,13,PT1H,MC-BajoPutumayo,12306.23,12769.9
2023-09-17,14,PT1H,MC-BajoPutumayo,12258.29,12697.29
2023-09-17,15,PT1H,MC-BajoPutumayo,11389.57,12793.13
2023-09-17,16,PT1H,MC-BajoPutumayo,10658.85,12508.97
2023-09-17,17,PT1H,MC-BajoPutumayo,10106.41,12473.4
2023-09-17,18,PT1H,MC-BajoPutumayo,9262.11,11693.03
2023-09-17,19,PT1H,MC-BajoPutumayo,10431.35,13117.03
2023-09-17,20,PT1H,MC-BajoPutumayo,11741.25,13035.09
2023-09-17,21,PT1H,MC-BajoPutumayo,11397.77,12473.64
2023-09-17,22,PT1H,MC-BajoPutumayo,10401.47,11596.48
2023-09-17,23,PT1H,MC-BajoPutumayo,9214.63,10304.23
2023-09-17,24,PT1H,MC-BajoPutumayo,8179.63,9133.46
2024-03-09,1,PT1H,MC-BajoPutumayo,7890.28,8461.66
2024-03-09,2,PT1H,MC-BajoPutumayo,7482.28,7879.54
2024-03-09,3,PT1H,MC-BajoPutumayo,7201.87,7549.36
2024-03-09,4,PT1H,MC-BajoPutumayo,7040.43,7298.85
2024-03-09,5,PT1H,MC-BajoPutumayo,7029.98,7111.21
2024-03-09,6,PT1H,MC-BajoPutumayo,7204.74,7083.67
2024-03-09,7,PT1H,MC-BajoPutumayo,7632.3,7175.36
2024-03-09,8,PT1H,MC-BajoPutumayo,8430.65,8018.51
2024-03-09,9,PT1H,MC-BajoPutumayo,9746.46,9139.37
2024-03-09,10,PT1H,MC-BajoPutumayo,10440.97,9988.18
2024-03-09,11,PT1H,MC-BajoPutumayo,10874.48,10722.4
2024-03-09,12,PT1H,MC-BajoPutumayo,10917.03,11349.86
2024-03-09,13,PT1H,MC-BajoPutumayo,10557.98,11632.83
2024-03-09,14,PT1H,MC-BajoPutumayo,10254.9,11532.64
2024-03-09,15,PT1H,MC-BajoPutumayo,10443.69,11388.5
2024-03-09,16,PT1H,MC-BajoPutumayo,10707.81,11230.64
2024-03-09,17,PT1H,MC-BajoPutumayo,10905.54,11227.22
2024-03-09,18,PT1H,MC-BajoPutumayo,10884.89,11163.54
2024-03-09,19,PT1H,MC-BajoPutumayo,11969.84,12008.43
2024-03-09,20,PT1H,MC-BajoPutumayo,12648.32,12943.72
2024-03-09,21,PT1H,MC-BajoPutumayo,11959.67,12461.96
2024-03-09,22,PT1H,MC-BajoPutumayo,11093.73,11728.62
2024-03-09,23,PT1H,MC-BajoPutumayo,9879.87,10386.43
2024-03-09,24,PT1H,MC-BajoPutumayo,8615.46,8762.79
2023-10-22,1,PT1H,MC-BajoPutumayo,7997.2,8044.47
2023-10-22,2,PT1H,MC-BajoPutumayo,7460.81,7517.48
2023-10-22,3,PT1H,MC-BajoPutumayo,7130.36,7160.69
2023-10-22,4,PT1H,MC-BajoPutumayo,6840.8,6945.66
2023-10-22,5,PT1H,MC-BajoPutumayo,6749.91,6735.0
2023-10-22,6,PT1H,MC-BajoPutumayo,6734.17,6766.73
2023-10-22,7,PT1H,MC-BajoPutumayo,6920.3,6914.07
2023-10-22,8,PT1H,MC-BajoPutumayo,8296.6,7550.74
2023-10-22,9,PT1H,MC-BajoPutumayo,9630.78,8534.91
2023-10-22,10,PT1H,MC-BajoPutumayo,10624.98,9246.9
2023-10-22,11,PT1H,MC-BajoPutumayo,11436.35,9748.81
2023-10-22,12,PT1H,MC-BajoPutumayo,12372.92,10531.25
2023-10-22,13,PT1H,MC-BajoPutumayo,12680.35,10602.35
2023-10-22,14,PT1H,MC-BajoPutumayo,12721.86,10270.69
2023-10-22,15,PT1H,MC-BajoPutumayo,12470.16,10343.04
2023-10-22,16,PT1H,MC-BajoPutumayo,12537.6,10116.06
2023-10-22,17,PT1H,MC-BajoPutumayo,12408.58,10168.39
2023-10-22,18,PT1H,MC-BajoPutumayo,12500.21,10106.11
2023-10-22,19,PT1H,MC-BajoPutumayo,14276.25,11314.61
2023-10-22,20,PT1H,MC-BajoPutumayo,12675.19,11840.54
2023-10-22,21,PT1H,MC-BajoPutumayo,13087.18,11305.65
2023-10-22,22,PT1H,MC-BajoPutumayo,12192.36,10756.88
2023-10-22,23,PT1H,MC-BajoPutumayo,10909.1,9430.19
2023-10-22,24,PT1H,MC-BajoPutumayo,9343.51,8285.71
2026-01-13,1,PT1H,MC-BajoPutumayo,7973.4,8790.7
2026-01-13,2,PT1H,MC-BajoPutumayo,7580.23,8308.6
2026-01-13,3,PT1H,MC-BajoPutumayo,7361.54,8012.8
2026-01-13,4,PT1H,MC-BajoPutumayo,7332.01,7813.9
2026-01-13,5,PT1H,MC-BajoPutumayo,7410.27,7844.0
2026-01-13,6,PT1H,MC-BajoPutumayo,7726.19,8097.4
2026-01-13,7,PT1H,MC-BajoPutumayo,8218.08,8785.2
2026-01-13,8,PT1H,MC-BajoPutumayo,9482.18,10041.4
2026-01-13,9,PT1H,MC-BajoPutumayo,10474.59,11198.2
2026-01-13,10,PT1H,MC-BajoPutumayo,11129.51,12120.8
2026-01-13,11,PT1H,MC-BajoPutumayo,11672.44,13119.2
2026-01-13,12,PT1H,MC-BajoPutumayo,12736.4,13703.9
2026-01-13,13,PT1H,MC-BajoPutumayo,13051.8,13562.2
2026-01-13,14,PT1H,MC-BajoPutumayo,11805.64,14172.9
2026-01-13,15,PT1H,MC-BajoPutumayo,12858.53,14383.9
2026-01-13,16,PT1H,MC-BajoPutumayo,12824.86,14183.4
2026-01-13,17,PT1H,MC-BajoPutumayo,12933.21,13997.7
2026-01-13,18,PT1H,MC-BajoPutumayo,12734.27,14118.7
2026-01-13,19,PT1H,MC-BajoPutumayo,14236.24,14235.6
2026-01-13,20,PT1H,MC-BajoPutumayo,14213.78,13798.1
2026-01-13,21,PT1H,MC-BajoPutumayo,13186.49,13036.1
2026-01-13,22,PT1H,MC-BajoPutumayo,11525.83,12014.4
2026-01-13,23,PT1H,MC-BajoPutumayo,9888.04,10728.0
2026-01-13,24,PT1H,MC-BajoPutumayo,8735.79,9389.2
2024-11-24,1,PT1H,MC-BajoPutumayo,7802.62,8403.5
2024-11-24,2,PT1H,MC-BajoPutumayo,7253.47,8052.4
2024-11-24,3,PT1H,MC-BajoPutumayo,6804.58,7640.3
2024-11-24,4,PT1H,MC-BajoPutumayo,6736.68,7421.9
2024-11-24,5,PT1H,MC-BajoPutumayo,6746.18,7169.8
2024-11-24,6,PT1H,MC-BajoPutumayo,6796.81,7087.8
2024-11-24,7,PT1H,MC-BajoPutumayo,7599.41,7861.4
2024-11-24,8,PT1H,MC-BajoPutumayo,8968.36,8646.5
2024-11-24,9,PT1H,MC-BajoPutumayo,10154.62,9752.5
2024-11-24,10,PT1H,MC-BajoPutumayo,11049.69,10486.6
2024-11-24,11,PT1H,MC-BajoPutumayo,11381.35,10915.3
2024-11-24,12,PT1H,MC-BajoPutumayo,11809.48,11255.4
2024-11-24,13,PT1H,MC-BajoPutumayo,11610.29,11447.3
2024-11-24,14,PT1H,MC-BajoPutumayo,11810.21,11475.0
2024-11-24,15,PT1H,MC-BajoPutumayo,11719.85,11180.9
2024-11-24,16,PT1H,MC-BajoPutumayo,11604.15,11205.2
2024-11-24,17,PT1H,MC-BajoPutumayo,11598.14,11152.2
2024-11-24,18,PT1H,MC-BajoPutumayo,12435.45,11939.5
2024-11-24,19,PT1H,MC-BajoPutumayo,13563.4,12648.6
2024-11-24,20,PT1H,MC-BajoPutumayo,13235.77,12095.9
2024-11-24,21,PT1H,MC-BajoPutumayo,12578.01,11297.1
2024-11-24,22,PT1H,MC-BajoPutumayo,11201.84,10114.4
2024-11-24,23,PT1H,MC-BajoPutumayo,9911.98,9018.3
2024-11-24,24,PT1H,MC-BajoPutumayo,8753.7,7891.0
2024-06-13,1,PT1H,MC-BajoPutumayo,7700.45,7549.4
2024-06-13,2,PT1H,MC-BajoPutumayo,7215.59,7148.4
2024-06-13,3,PT1H,MC-BajoPutumayo,7140.48,6981.6
2024-06-13,4,PT1H,MC-BajoPutumayo,6880.79,6870.3
2024-06-13,5,PT1H,MC-BajoPutumayo,6867.17,6970.8
2024-06-13,6,PT1H,MC-BajoPutumayo,7281.29,7701.8
2024-06-13,7,PT1H,MC-BajoPutumayo,7898.03,8462.0
2024-06-13,8,PT1H,MC-BajoPutumayo,8896.3,7761.9
2024-06-13,9,PT1H,MC-BajoPutumayo,9665.27,8219.4
2024-06-13,10,PT1H,MC-BajoPutumayo,10300.57,8943.5
2024-06-13,11,PT1H,MC-BajoPutumayo,10823.32,8949.5
2024-06-13,12,PT1H,MC-BajoPutumayo,11442.27,9038.8
2024-06-13,13,PT1H,MC-BajoPutumayo,11172.49,8764.4
2024-06-13,14,PT1H,MC-BajoPutumayo,11656.71,9184.0
2024-06-13,15,PT1H,MC-BajoPutumayo,12451.54,9882.4
2024-06-13,16,PT1H,MC-BajoPutumayo,12668.99,9875.8
2024-06-13,17,PT1H,MC-BajoPutumayo,12591.12,10398.6
2024-06-13,18,PT1H,MC-BajoPutumayo,12439.32,10855.6
2024-06-13,19,PT1H,MC-BajoPutumayo,13760.28,13696.2
2024-06-13,20,PT1H,MC-BajoPutumayo,13885.74,13835.7
2024-06-13,21,PT1H,MC-BajoPutumayo,13002.29,13051.8
2024-06-13,22,PT1H,MC-BajoPutumayo,11674.91,11938.4
2024-06-13,23,PT1H,MC-BajoPutumayo,10120.39,10107.8
2024-06-13,24,PT1H,MC-BajoPutumayo,8698.51,8725.6
2024-02-13,2,PT1H,MC-BajoPutumayo,7732.33,7974.61
2024-02-13,3,PT1H,MC-BajoPutumayo,7532.55,7701.48
2024-02-13,4,PT1H,MC-BajoPutumayo,7407.25,7493.1
2024-02-13,5,PT1H,MC-BajoPutumayo,7419.01,7508.93
2024-02-13,6,PT1H,MC-BajoPutumayo,8015.1,7702.2
2024-02-13,7,PT1H,MC-BajoPutumayo,8602.61,8030.75
2024-02-13,8,PT1H,MC-BajoPutumayo,9171.64,9154.7
2024-02-13,9,PT1H,MC-BajoPutumayo,10214.6,10442.82
2024-02-13,10,PT1H,MC-BajoPutumayo,11092.05,11460.95
2024-02-13,11,PT1H,MC-BajoPutumayo,11871.46,12166.22
2024-02-13,12,PT1H,MC-BajoPutumayo,12803.84,12963.24
2024-02-13,13,PT1H,MC-BajoPutumayo,12384.82,12728.68
2024-02-13,14,PT1H,MC-BajoPutumayo,12647.1,12909.53
2024-02-13,15,PT1H,MC-BajoPutumayo,13485.24,13389.43
2024-02-13,16,PT1H,MC-BajoPutumayo,13386.14,13370.84
2024-02-13,17,PT1H,MC-BajoPutumayo,12906.9,13546.4
2024-02-13,18,PT1H,MC-BajoPutumayo,12549.73,13232.34
2024-02-13,19,PT1H,MC-BajoPutumayo,13162.79,13682.68
2024-02-13,20,PT1H,MC-BajoPutumayo,13649.86,14367.61
2024-02-13,21,PT1H,MC-BajoPutumayo,12886.74,13674.56
2024-02-13,22,PT1H,MC-BajoPutumayo,11773.63,12638.14
2024-02-13,23,PT1H,MC-BajoPutumayo,10168.93,11134.68
2024-02-13,24,PT1H,MC-BajoPutumayo,8818.1,9710.38
2024-02-13,1,PT1H,MC-BajoPutumayo,8115.22,8438.73
2025-03-20,1,PT1H,MC-BajoPutumayo,7628.89,8444.5
2025-03-20,2,PT1H,MC-BajoPutumayo,7248.57,7973.1
2025-03-20,3,PT1H,MC-BajoPutumayo,7212.14,7758.8
2025-03-20,4,PT1H,MC-BajoPutumayo,6940.19,7637.6
2025-03-20,5,PT1H,MC-BajoPutumayo,6981.31,7707.8
2025-03-20,6,PT1H,MC-BajoPutumayo,7550.89,8353.3
2025-03-20,7,PT1H,MC-BajoPutumayo,8368.94,8946.8
2025-03-20,8,PT1H,MC-BajoPutumayo,9006.96,9527.8
2025-03-20,9,PT1H,MC-BajoPutumayo,9767.27,10386.2
2025-03-20,10,PT1H,MC-BajoPutumayo,10176.18,10841.3
2025-03-20,11,PT1H,MC-BajoPutumayo,10560.58,11384.6
2025-03-20,12,PT1H,MC-BajoPutumayo,10554.81,11841.0
2025-03-20,13,PT1H,MC-BajoPutumayo,10244.12,11393.3
2025-03-20,14,PT1H,MC-BajoPutumayo,10797.23,11379.2
2025-03-20,15,PT1H,MC-BajoPutumayo,11805.88,12043.8
2025-03-20,16,PT1H,MC-BajoPutumayo,12077.96,12366.8
2025-03-20,17,PT1H,MC-BajoPutumayo,11889.02,12442.7
2025-03-20,18,PT1H,MC-BajoPutumayo,12179.48,12440.8
2025-03-20,19,PT1H,MC-BajoPutumayo,13850.27,13493.2
2025-03-20,20,PT1H,MC-BajoPutumayo,14212.23,14194.4
2025-03-20,21,PT1H,MC-BajoPutumayo,13302.21,13426.2
2025-03-20,22,PT1H,MC-BajoPutumayo,12107.77,12016.8
2025-03-20,23,PT1H,MC-BajoPutumayo,10086.33,10321.0
2025-03-20,24,PT1H,MC-BajoPutumayo,8737.05,8915.7
2025-11-19,1,PT1H,MC-BajoPutumayo,8641.98,9114.2
2025-11-19,2,PT1H,MC-BajoPutumayo,8313.75,8672.2
2025-11-19,3,PT1H,MC-BajoPutumayo,7998.49,8315.4
2025-11-19,4,PT1H,MC-BajoPutumayo,7848.99,8135.4
2025-11-19,5,PT1H,MC-BajoPutumayo,7936.09,8152.0
2025-11-19,6,PT1H,MC-BajoPutumayo,8531.66,8776.2
2025-11-19,7,PT1H,MC-BajoPutumayo,9621.11,9523.3
2025-11-19,8,PT1H,MC-BajoPutumayo,10032.14,9125.2
2025-11-19,9,PT1H,MC-BajoPutumayo,11035.22,9042.0
2025-11-19,10,PT1H,MC-BajoPutumayo,10390.25,9014.8
2025-11-19,11,PT1H,MC-BajoPutumayo,8581.74,9529.6
2025-11-19,12,PT1H,MC-BajoPutumayo,9588.85,9625.3
2025-11-19,13,PT1H,MC-BajoPutumayo,9642.68,9097.4
2025-11-19,14,PT1H,MC-BajoPutumayo,10159.19,9019.5
2025-11-19,15,PT1H,MC-BajoPutumayo,11042.79,9590.8
2025-11-19,16,PT1H,MC-BajoPutumayo,10869.47,10213.2
2025-11-19,17,PT1H,MC-BajoPutumayo,10609.43,10261.1
2025-11-19,18,PT1H,MC-BajoPutumayo,11003.76,12194.7
2025-11-19,19,PT1H,MC-BajoPutumayo,12289.34,15401.4
2025-11-19,20,PT1H,MC-BajoPutumayo,14400.83,14971.8
2025-11-19,21,PT1H,MC-BajoPutumayo,13206.18,13919.4
2025-11-19,22,PT1H,MC-BajoPutumayo,11655.44,12289.8
2025-11-19,23,PT1H,MC-BajoPutumayo,10090.34,10365.2
2025-11-19,24,PT1H,MC-BajoPutumayo,8826.7,9127.5
2025-11-05,1,PT1H,MC-BajoPutumayo,8728.28,8511.4
2025-11-05,2,PT1H,MC-BajoPutumayo,8253.36,8117.5
2025-11-05,3,PT1H,MC-BajoPutumayo,7942.72,7874.2
2025-11-05,4,PT1H,MC-BajoPutumayo,7721.75,7716.3
2025-11-05,5,PT1H,MC-BajoPutumayo,7713.45,7690.7
2025-11-05,6,PT1H,MC-BajoPutumayo,8256.14,8101.8
2025-11-05,7,PT1H,MC-BajoPutumayo,8997.93,8721.1
2025-11-05,8,PT1H,MC-BajoPutumayo,9631.82,9357.6
2025-11-05,9,PT1H,MC-BajoPutumayo,10578.86,10732.3
2025-11-05,10,PT1H,MC-BajoPutumayo,10423.65,10997.5
2025-11-05,11,PT1H,MC-BajoPutumayo,11373.66,11902.8
2025-11-05,12,PT1H,MC-BajoPutumayo,11519.52,12415.3
2025-11-05,13,PT1H,MC-BajoPutumayo,11002.44,12061.9
2025-11-05,14,PT1H,MC-BajoPutumayo,11342.64,12226.8
2025-11-05,15,PT1H,MC-BajoPutumayo,11849.63,12955.9
2025-11-05,16,PT1H,MC-BajoPutumayo,12233.93,13338.9
2025-11-05,17,PT1H,MC-BajoPutumayo,12395.74,13277.5
2025-11-05,18,PT1H,MC-BajoPutumayo,12525.14,13466.2
2025-11-05,19,PT1H,MC-BajoPutumayo,14178.45,15120.1
2025-11-05,20,PT1H,MC-BajoPutumayo,13781.38,14664.9
2025-11-05,21,PT1H,MC-BajoPutumayo,12790.38,13706.2
2025-11-05,22,PT1H,MC-BajoPutumayo,11291.27,12147.1
2025-11-05,23,PT1H,MC-BajoPutumayo,9439.26,10360.0
2025-11-05,24,PT1H,MC-BajoPutumayo,8320.09,8892.3
2022-05-04,1,PT1H,MC-BajoPutumayo,7755.75,7302.79
2022-05-04,2,PT1H,MC-BajoPutumayo,7223.93,6865.47
2022-05-04,3,PT1H,MC-BajoPutumayo,6856.74,6088.4
2022-05-04,4,PT1H,MC-BajoPutumayo,6629.84,6243.06
2022-05-04,5,PT1H,MC-BajoPutumayo,6934.38,6297.34
2022-05-04,6,PT1H,MC-BajoPutumayo,7328.88,6720.57
2022-05-04,7,PT1H,MC-BajoPutumayo,7809.3,7404.06
2022-05-04,8,PT1H,MC-BajoPutumayo,8638.39,7689.29
2022-05-04,9,PT1H,MC-BajoPutumayo,9309.99,9381.71
2022-05-04,10,PT1H,MC-BajoPutumayo,10231.72,10173.75
2022-05-04,11,PT1H,MC-BajoPutumayo,11228.15,11016.7
2022-05-04,12,PT1H,MC-BajoPutumayo,12255.48,11362.22
2022-05-04,13,PT1H,MC-BajoPutumayo,11154.36,11135.56
2022-05-04,14,PT1H,MC-BajoPutumayo,10895.06,11440.62
2022-05-04,15,PT1H,MC-BajoPutumayo,10963.89,12189.33
2022-05-04,16,PT1H,MC-BajoPutumayo,11112.93,12277.78
2022-05-04,17,PT1H,MC-BajoPutumayo,11153.21,12155.05
2022-05-04,18,PT1H,MC-BajoPutumayo,10955.54,12142.62
2022-05-04,19,PT1H,MC-BajoPutumayo,12153.9,12791.2
2022-05-04,20,PT1H,MC-BajoPutumayo,12400.52,12316.84
2022-05-04,21,PT1H,MC-BajoPutumayo,11669.47,11533.99
2022-05-04,22,PT1H,MC-BajoPutumayo,10483.25,10121.29
2022-05-04,23,PT1H,MC-BajoPutumayo,9038.94,8528.58
2022-05-04,24,PT1H,MC-BajoPutumayo,7581.15,7429.65
2024-10-20,1,PT1H,MC-BajoPutumayo,10511.43,7991.1
2024-10-20,2,PT1H,MC-BajoPutumayo,9897.87,7666.4
2024-10-20,3,PT1H,MC-BajoPutumayo,9375.37,7453.9
2024-10-20,4,PT1H,MC-BajoPutumayo,9155.03,7481.6
2024-10-20,5,PT1H,MC-BajoPutumayo,8948.99,7497.9
2024-10-20,6,PT1H,MC-BajoPutumayo,8676.45,8234.4
2024-10-20,7,PT1H,MC-BajoPutumayo,9319.07,9217.6
2024-10-20,8,PT1H,MC-BajoPutumayo,10213.99,9967.9
2024-10-20,9,PT1H,MC-BajoPutumayo,11941.83,10920.4
2024-10-20,10,PT1H,MC-BajoPutumayo,12784.37,11710.4
2024-10-20,11,PT1H,MC-BajoPutumayo,13342.9,12353.1
2024-10-20,12,PT1H,MC-BajoPutumayo,13886.72,12723.6
2024-10-20,13,PT1H,MC-BajoPutumayo,13886.62,12350.7
2024-10-20,14,PT1H,MC-BajoPutumayo,13856.14,12636.5
2024-10-20,15,PT1H,MC-BajoPutumayo,13582.56,13311.8
2024-10-20,16,PT1H,MC-BajoPutumayo,13732.58,13461.8
2024-10-20,17,PT1H,MC-BajoPutumayo,13548.67,13163.7
2024-10-20,18,PT1H,MC-BajoPutumayo,13915.76,13074.0
2024-10-20,19,PT1H,MC-BajoPutumayo,15085.64,15202.5
2024-10-20,20,PT1H,MC-BajoPutumayo,14976.01,15409.2
2024-10-20,21,PT1H,MC-BajoPutumayo,14112.77,14685.1
2024-10-20,22,PT1H,MC-BajoPutumayo,12600.82,13184.9
2024-10-20,23,PT1H,MC-BajoPutumayo,11500.92,10834.7
2024-10-20,24,PT1H,MC-BajoPutumayo,10445.66,9086.7
2022-07-11,1,PT1H,MC-BajoPutumayo,4681.19,6934.08
2022-07-11,2,PT1H,MC-BajoPutumayo,4363.57,6495.45
2022-07-11,3,PT1H,MC-BajoPutumayo,3778.7,6225.32
2022-07-11,4,PT1H,MC-BajoPutumayo,4140.55,6086.62
2022-07-11,5,PT1H,MC-BajoPutumayo,4076.68,6087.21
2022-07-11,6,PT1H,MC-BajoPutumayo,4719.0,6419.33
2022-07-11,7,PT1H,MC-BajoPutumayo,5513.07,6672.92
2022-07-11,8,PT1H,MC-BajoPutumayo,6481.05,7765.86
2022-07-11,9,PT1H,MC-BajoPutumayo,7119.95,8490.81
2022-07-11,10,PT1H,MC-BajoPutumayo,7999.8,9663.75
2022-07-11,11,PT1H,MC-BajoPutumayo,8597.43,9959.5
2022-07-11,12,PT1H,MC-BajoPutumayo,9489.9,10524.97
2022-07-11,13,PT1H,MC-BajoPutumayo,9254.13,10566.45
2022-07-11,14,PT1H,MC-BajoPutumayo,8239.4,10391.97
2022-07-11,15,PT1H,MC-BajoPutumayo,7542.67,10405.94
2022-07-11,16,PT1H,MC-BajoPutumayo,7013.78,10901.81
2022-07-11,17,PT1H,MC-BajoPutumayo,5828.22,10558.26
2022-07-11,18,PT1H,MC-BajoPutumayo,6592.17,10565.82
2022-07-11,19,PT1H,MC-BajoPutumayo,8680.2,11844.29
2022-07-11,20,PT1H,MC-BajoPutumayo,9665.42,12503.67
2022-07-11,21,PT1H,MC-BajoPutumayo,9336.21,11679.69
2022-07-11,22,PT1H,MC-BajoPutumayo,8252.52,10762.58
2022-07-11,23,PT1H,MC-BajoPutumayo,6653.67,9109.36
2022-07-11,24,PT1H,MC-BajoPutumayo,5296.43,7904.45
2025-12-11,1,PT1H,MC-BajoPutumayo,9497.27,9285.1
2025-12-11,2,PT1H,MC-BajoPutumayo,8948.92,8776.1
2025-12-11,3,PT1H,MC-BajoPutumayo,8677.46,8442.2
2025-12-11,4,PT1H,MC-BajoPutumayo,8950.03,8296.8
2025-12-11,5,PT1H,MC-BajoPutumayo,6841.17,8350.3
2025-12-11,6,PT1H,MC-BajoPutumayo,5305.0,8950.6
2025-12-11,7,PT1H,MC-BajoPutumayo,8724.49,9752.1
2025-12-11,8,PT1H,MC-BajoPutumayo,10844.26,10929.9
2025-12-11,9,PT1H,MC-BajoPutumayo,10662.53,12472.4
2025-12-11,10,PT1H,MC-BajoPutumayo,11210.01,13217.7
2025-12-11,11,PT1H,MC-BajoPutumayo,11875.53,13996.9
2025-12-11,12,PT1H,MC-BajoPutumayo,12530.08,14218.5
2025-12-11,13,PT1H,MC-BajoPutumayo,14140.93,13933.8
2025-12-11,14,PT1H,MC-BajoPutumayo,14825.28,14033.0
2025-12-11,15,PT1H,MC-BajoPutumayo,15425.64,14837.9
2025-12-11,16,PT1H,MC-BajoPutumayo,15258.11,14794.9
2025-12-11,17,PT1H,MC-BajoPutumayo,15671.41,14573.9
2025-12-11,18,PT1H,MC-BajoPutumayo,15495.26,14674.4
2025-12-11,19,PT1H,MC-BajoPutumayo,17193.66,16590.0
2025-12-11,20,PT1H,MC-BajoPutumayo,16808.37,16388.0
2025-12-11,21,PT1H,MC-BajoPutumayo,15842.01,15382.4
2025-12-11,22,PT1H,MC-BajoPutumayo,14261.8,13795.7
2025-12-11,23,PT1H,MC-BajoPutumayo,12503.3,11817.6
2025-12-11,24,PT1H,MC-BajoPutumayo,11025.27,10334.8
2025-10-30,1,PT1H,MC-BajoPutumayo,14965.54,18063.7
2025-10-30,2,PT1H,MC-BajoPutumayo,14231.54,16832.3
2025-10-30,3,PT1H,MC-BajoPutumayo,13829.78,15825.4
2025-10-30,4,PT1H,MC-BajoPutumayo,13681.64,15443.4
2025-10-30,5,PT1H,MC-BajoPutumayo,13959.84,15384.8
2025-10-30,6,PT1H,MC-BajoPutumayo,14948.24,15629.5
2025-10-30,7,PT1H,MC-BajoPutumayo,16279.94,16133.6
2025-10-30,8,PT1H,MC-BajoPutumayo,18541.24,19349.3
2025-10-30,9,PT1H,MC-BajoPutumayo,20646.52,22438.8
2025-10-30,10,PT1H,MC-BajoPutumayo,22572.62,24272.2
2025-10-30,11,PT1H,MC-BajoPutumayo,24213.28,25178.1
2025-10-30,12,PT1H,MC-BajoPutumayo,25462.9,26065.3
2025-10-30,13,PT1H,MC-BajoPutumayo,25439.68,25822.1
2025-10-30,14,PT1H,MC-BajoPutumayo,26559.48,25869.9
2025-10-30,15,PT1H,MC-BajoPutumayo,28096.78,25814.0
2025-10-30,16,PT1H,MC-BajoPutumayo,28433.1,26282.7
2025-10-30,17,PT1H,MC-BajoPutumayo,28586.28,25324.8
2025-10-30,18,PT1H,MC-BajoPutumayo,29568.54,24545.9
2025-10-30,19,PT1H,MC-BajoPutumayo,32092.28,29324.8
2025-10-30,20,PT1H,MC-BajoPutumayo,31237.38,29798.6
2025-10-30,21,PT1H,MC-BajoPutumayo,29391.9,28634.4
2025-10-30,22,PT1H,MC-BajoPutumayo,26182.02,25876.0
2025-10-30,23,PT1H,MC-BajoPutumayo,22315.14,22187.1
2025-10-30,24,PT1H,MC-BajoPutumayo,19440.24,19055.0
2025-08-24,1,PT1H,MC-BajoPutumayo,9154.1,7002.0
2025-08-24,2,PT1H,MC-BajoPutumayo,8552.95,6644.3
2025-08-24,3,PT1H,MC-BajoPutumayo,8101.82,6455.2
2025-08-24,4,PT1H,MC-BajoPutumayo,7825.83,6338.8
2025-08-24,5,PT1H,MC-BajoPutumayo,7683.86,6398.5
2025-08-24,6,PT1H,MC-BajoPutumayo,7703.34,6952.5
2025-08-24,7,PT1H,MC-BajoPutumayo,7863.49,7746.3
2025-08-24,8,PT1H,MC-BajoPutumayo,8816.32,8820.2
2025-08-24,9,PT1H,MC-BajoPutumayo,10215.77,9855.4
2025-08-24,10,PT1H,MC-BajoPutumayo,11252.11,10569.2
2025-08-24,11,PT1H,MC-BajoPutumayo,11952.54,11191.5
2025-08-24,12,PT1H,MC-BajoPutumayo,12576.66,11590.0
2025-08-24,13,PT1H,MC-BajoPutumayo,12565.82,11224.3
2025-08-24,14,PT1H,MC-BajoPutumayo,12139.58,11475.0
2025-08-24,15,PT1H,MC-BajoPutumayo,11918.1,12149.1
2025-08-24,16,PT1H,MC-BajoPutumayo,10936.18,12289.8
2025-08-24,17,PT1H,MC-BajoPutumayo,10931.59,12032.5
2025-08-24,18,PT1H,MC-BajoPutumayo,11104.41,11752.1
2025-08-24,19,PT1H,MC-BajoPutumayo,6462.68,13442.0
2025-08-24,20,PT1H,MC-BajoPutumayo,2630.88,13492.2
2025-08-24,21,PT1H,MC-BajoPutumayo,15016.87,12690.5
2025-08-24,22,PT1H,MC-BajoPutumayo,11178.77,11265.4
2025-08-24,23,PT1H,MC-BajoPutumayo,9735.79,9448.9
2025-08-24,24,PT1H,MC-BajoPutumayo,8610.73,7948.9
2022-06-06,1,PT1H,MC-BajoPutumayo,6686.64,7220.74
2022-06-06,2,PT1H,MC-BajoPutumayo,6271.57,6718.06
2022-06-06,3,PT1H,MC-BajoPutumayo,6070.67,6472.35
2022-06-06,4,PT1H,MC-BajoPutumayo,5939.45,6283.33
2022-06-06,5,PT1H,MC-BajoPutumayo,5930.02,6272.22
2022-06-06,6,PT1H,MC-BajoPutumayo,6491.03,6860.62
2022-06-06,7,PT1H,MC-BajoPutumayo,7353.36,7556.83
2022-06-06,8,PT1H,MC-BajoPutumayo,7893.53,8049.83
2022-06-06,9,PT1H,MC-BajoPutumayo,8784.21,8818.6
2022-06-06,10,PT1H,MC-BajoPutumayo,9176.02,9339.25
2022-06-06,11,PT1H,MC-BajoPutumayo,9748.81,10098.73
2022-06-06,12,PT1H,MC-BajoPutumayo,10279.57,10772.42
2022-06-06,13,PT1H,MC-BajoPutumayo,10322.69,10369.47
2022-06-06,14,PT1H,MC-BajoPutumayo,10518.89,10434.32
2022-06-06,15,PT1H,MC-BajoPutumayo,11027.31,10835.0
2022-06-06,16,PT1H,MC-BajoPutumayo,10788.53,11070.92
2022-06-06,17,PT1H,MC-BajoPutumayo,11740.62,11105.21
2022-06-06,18,PT1H,MC-BajoPutumayo,11385.14,11163.02
2022-06-06,19,PT1H,MC-BajoPutumayo,12347.43,12155.62
2022-06-06,20,PT1H,MC-BajoPutumayo,12820.33,12617.03
2022-06-06,21,PT1H,MC-BajoPutumayo,12206.73,11899.28
2022-06-06,22,PT1H,MC-BajoPutumayo,10682.67,10696.61
2022-06-06,23,PT1H,MC-BajoPutumayo,9275.05,9064.73
2022-06-06,24,PT1H,MC-BajoPutumayo,7722.12,7645.9
2025-12-02,1,PT1H,MC-BajoPutumayo,9194.68,7628.9
2025-12-02,2,PT1H,MC-BajoPutumayo,8289.41,7081.1
2025-12-02,3,PT1H,MC-BajoPutumayo,8239.27,6888.3
2025-12-02,4,PT1H,MC-BajoPutumayo,8126.18,6784.8
2025-12-02,5,PT1H,MC-BajoPutumayo,8189.38,6907.9
2025-12-02,6,PT1H,MC-BajoPutumayo,8469.81,7586.1
2025-12-02,7,PT1H,MC-BajoPutumayo,9129.37,8616.8
2025-12-02,8,PT1H,MC-BajoPutumayo,10792.11,10312.4
2025-12-02,9,PT1H,MC-BajoPutumayo,12644.38,11086.6
2025-12-02,10,PT1H,MC-BajoPutumayo,13172.46,11706.3
2025-12-02,11,PT1H,MC-BajoPutumayo,14095.59,12434.3
2025-12-02,12,PT1H,MC-BajoPutumayo,14480.13,12863.1
2025-12-02,13,PT1H,MC-BajoPutumayo,14226.68,12347.3
2025-12-02,14,PT1H,MC-BajoPutumayo,14782.32,12791.9
2025-12-02,15,PT1H,MC-BajoPutumayo,15463.08,13901.4
2025-12-02,16,PT1H,MC-BajoPutumayo,15455.62,14110.8
2025-12-02,17,PT1H,MC-BajoPutumayo,14997.88,13972.8
2025-12-02,18,PT1H,MC-BajoPutumayo,15819.1,14194.8
2025-12-02,19,PT1H,MC-BajoPutumayo,17211.43,15348.1
2025-12-02,20,PT1H,MC-BajoPutumayo,16461.42,15264.5
2025-12-02,21,PT1H,MC-BajoPutumayo,15139.78,14521.1
2025-12-02,22,PT1H,MC-BajoPutumayo,14092.51,13233.0
2025-12-02,23,PT1H,MC-BajoPutumayo,12749.7,11188.5
2025-12-02,24,PT1H,MC-BajoPutumayo,10205.21,9541.8
2025-03-13,1,PT1H,MC-BajoPutumayo,8055.24,8216.1
2025-03-13,2,PT1H,MC-BajoPutumayo,7504.74,7722.4
2025-03-13,3,PT1H,MC-BajoPutumayo,7239.84,7467.8
2025-03-13,4,PT1H,MC-BajoPutumayo,7041.97,7344.3
2025-03-13,5,PT1H,MC-BajoPutumayo,7111.63,7368.2
2025-03-13,6,PT1H,MC-BajoPutumayo,7808.32,7947.6
2025-03-13,7,PT1H,MC-BajoPutumayo,8562.61,8514.8
2025-03-13,8,PT1H,MC-BajoPutumayo,9245.14,9101.0
2025-03-13,9,PT1H,MC-BajoPutumayo,10246.57,9925.1
2025-03-13,10,PT1H,MC-BajoPutumayo,10856.56,10409.1
2025-03-13,11,PT1H,MC-BajoPutumayo,11528.76,10831.5
2025-03-13,12,PT1H,MC-BajoPutumayo,11931.53,11302.0
2025-03-13,13,PT1H,MC-BajoPutumayo,11778.35,10905.7
2025-03-13,14,PT1H,MC-BajoPutumayo,12085.73,11013.5
2025-03-13,15,PT1H,MC-BajoPutumayo,13071.97,12007.2
2025-03-13,16,PT1H,MC-BajoPutumayo,13484.6,12346.4
2025-03-13,17,PT1H,MC-BajoPutumayo,13543.81,12354.2
2025-03-13,18,PT1H,MC-BajoPutumayo,13419.16,12226.6
2025-03-13,19,PT1H,MC-BajoPutumayo,14458.05,13162.0
2025-03-13,20,PT1H,MC-BajoPutumayo,14757.85,13925.0
2025-03-13,21,PT1H,MC-BajoPutumayo,14056.73,13160.9
2025-03-13,22,PT1H,MC-BajoPutumayo,12507.1,11863.5
2025-03-13,23,PT1H,MC-BajoPutumayo,10434.71,10246.6
2025-03-13,24,PT1H,MC-BajoPutumayo,8944.68,8885.9
2025-06-10,1,PT1H,MC-BajoPutumayo,7878.89,6995.6
2025-06-10,2,PT1H,MC-BajoPutumayo,7412.57,6636.7
2025-06-10,3,PT1H,MC-BajoPutumayo,7179.69,6367.4
2025-06-10,4,PT1H,MC-BajoPutumayo,7010.26,6241.4
2025-06-10,5,PT1H,MC-BajoPutumayo,7032.26,6310.0
2025-06-10,6,PT1H,MC-BajoPutumayo,7651.29,6942.7
2025-06-10,7,PT1H,MC-BajoPutumayo,8435.18,7815.5
2025-06-10,8,PT1H,MC-BajoPutumayo,8979.48,8286.7
2025-06-10,9,PT1H,MC-BajoPutumayo,9880.81,9285.9
2025-06-10,10,PT1H,MC-BajoPutumayo,10757.51,10171.9
2025-06-10,11,PT1H,MC-BajoPutumayo,11823.33,10919.5
2025-06-10,12,PT1H,MC-BajoPutumayo,12391.09,11680.4
2025-06-10,13,PT1H,MC-BajoPutumayo,12025.6,11742.6
2025-06-10,14,PT1H,MC-BajoPutumayo,12239.24,12061.0
2025-06-10,15,PT1H,MC-BajoPutumayo,12718.53,12537.1
2025-06-10,16,PT1H,MC-BajoPutumayo,12950.14,12133.6
2025-06-10,17,PT1H,MC-BajoPutumayo,13245.35,12258.7
2025-06-10,18,PT1H,MC-BajoPutumayo,13169.25,12081.6
2025-06-10,19,PT1H,MC-BajoPutumayo,14287.29,13266.3
2025-06-10,20,PT1H,MC-BajoPutumayo,14921.7,13466.1
2025-06-10,21,PT1H,MC-BajoPutumayo,13876.64,12510.5
2025-06-10,22,PT1H,MC-BajoPutumayo,12185.49,11301.4
2025-06-10,23,PT1H,MC-BajoPutumayo,10358.49,9524.5
2025-06-10,24,PT1H,MC-BajoPutumayo,8859.3,8098.4
2022-02-19,1,PT1H,MC-BajoPutumayo,7308.72,7165.24
2022-02-19,2,PT1H,MC-BajoPutumayo,6863.55,6767.12
2022-02-19,3,PT1H,MC-BajoPutumayo,6581.23,6627.7
2022-02-19,4,PT1H,MC-BajoPutumayo,6421.31,6228.54
2022-02-19,5,PT1H,MC-BajoPutumayo,6347.71,6307.75
2022-02-19,6,PT1H,MC-BajoPutumayo,6606.26,6621.83
2022-02-19,7,PT1H,MC-BajoPutumayo,6952.86,6874.13
2022-02-19,8,PT1H,MC-BajoPutumayo,7953.58,7555.67
2022-02-19,9,PT1H,MC-BajoPutumayo,9304.74,8626.78
2022-02-19,10,PT1H,MC-BajoPutumayo,10067.99,9581.43
2022-02-19,11,PT1H,MC-BajoPutumayo,10531.85,10239.53
2022-02-19,12,PT1H,MC-BajoPutumayo,10864.23,10698.27
2022-02-19,13,PT1H,MC-BajoPutumayo,11739.09,10827.09
2022-02-19,14,PT1H,MC-BajoPutumayo,11662.27,10771.49
2022-02-19,15,PT1H,MC-BajoPutumayo,11836.01,10704.27
2022-02-19,16,PT1H,MC-BajoPutumayo,11935.07,10699.84
2022-02-19,17,PT1H,MC-BajoPutumayo,11851.93,10665.42
2022-02-19,18,PT1H,MC-BajoPutumayo,11571.2,10721.46
2022-02-19,19,PT1H,MC-BajoPutumayo,12568.3,12056.82
2022-02-19,20,PT1H,MC-BajoPutumayo,13331.48,12988.12
2022-02-19,21,PT1H,MC-BajoPutumayo,12673.56,12506.26
2022-02-19,22,PT1H,MC-BajoPutumayo,11837.65,11637.51
2022-02-19,23,PT1H,MC-BajoPutumayo,10646.34,10127.96
2022-02-19,24,PT1H,MC-BajoPutumayo,9525.7,8523.97
2025-11-14,1,PT1H,MC-BajoPutumayo,8616.62,7931.5
2025-11-14,2,PT1H,MC-BajoPutumayo,8170.83,7477.5
2025-11-14,3,PT1H,MC-BajoPutumayo,7859.0,7305.1
2025-11-14,4,PT1H,MC-BajoPutumayo,7657.89,7186.6
2025-11-14,5,PT1H,MC-BajoPutumayo,7716.76,7185.1
2025-11-14,6,PT1H,MC-BajoPutumayo,8262.77,7894.5
2025-11-14,7,PT1H,MC-BajoPutumayo,8970.54,8854.5
2025-11-14,8,PT1H,MC-BajoPutumayo,10032.07,9708.0
2025-11-14,9,PT1H,MC-BajoPutumayo,11176.06,11026.3
2025-11-14,10,PT1H,MC-BajoPutumayo,12300.64,11957.8
2025-11-14,11,PT1H,MC-BajoPutumayo,12783.62,12760.8
2025-11-14,12,PT1H,MC-BajoPutumayo,13153.87,13339.7
2025-11-14,13,PT1H,MC-BajoPutumayo,13159.31,12844.9
2025-11-14,14,PT1H,MC-BajoPutumayo,13818.84,12923.8
2025-11-14,15,PT1H,MC-BajoPutumayo,14931.43,13527.8
2025-11-14,16,PT1H,MC-BajoPutumayo,15550.96,13767.1
2025-11-14,17,PT1H,MC-BajoPutumayo,13593.07,13493.6
2025-11-14,18,PT1H,MC-BajoPutumayo,14383.22,13100.3
2025-11-14,19,PT1H,MC-BajoPutumayo,15437.86,14814.6
2025-11-14,20,PT1H,MC-BajoPutumayo,14913.73,15069.1
2025-11-14,21,PT1H,MC-BajoPutumayo,14111.32,14206.5
2025-11-14,22,PT1H,MC-BajoPutumayo,12728.42,12485.4
2025-11-14,23,PT1H,MC-BajoPutumayo,10895.64,10444.8
2025-11-14,24,PT1H,MC-BajoPutumayo,9738.78,8720.1
2024-08-15,1,PT1H,MC-BajoPutumayo,6846.61,7435.2
2024-08-15,2,PT1H,MC-BajoPutumayo,6495.42,7103.7
2024-08-15,3,PT1H,MC-BajoPutumayo,6382.23,6888.9
2024-08-15,4,PT1H,MC-BajoPutumayo,6323.51,6763.6
2024-08-15,5,PT1H,MC-BajoPutumayo,6539.89,6915.8
2024-08-15,6,PT1H,MC-BajoPutumayo,7325.44,7696.2
2024-08-15,7,PT1H,MC-BajoPutumayo,7998.28,8311.2
2024-08-15,8,PT1H,MC-BajoPutumayo,8868.35,9109.8
2024-08-15,9,PT1H,MC-BajoPutumayo,9538.38,10087.4
2024-08-15,10,PT1H,MC-BajoPutumayo,9921.25,10592.4
2024-08-15,11,PT1H,MC-BajoPutumayo,10228.67,11055.5
2024-08-15,12,PT1H,MC-BajoPutumayo,10316.08,11403.2
2024-08-15,13,PT1H,MC-BajoPutumayo,9828.15,10933.0
2024-08-15,14,PT1H,MC-BajoPutumayo,10060.18,11105.9
2024-08-15,15,PT1H,MC-BajoPutumayo,10896.19,11613.9
2024-08-15,16,PT1H,MC-BajoPutumayo,11000.77,11676.5
2024-08-15,17,PT1H,MC-BajoPutumayo,11105.72,11764.7
2024-08-15,18,PT1H,MC-BajoPutumayo,11213.06,11682.6
2024-08-15,19,PT1H,MC-BajoPutumayo,12546.44,12899.0
2024-08-15,20,PT1H,MC-BajoPutumayo,12499.0,12970.3
2024-08-15,21,PT1H,MC-BajoPutumayo,11716.51,12036.5
2024-08-15,22,PT1H,MC-BajoPutumayo,10369.45,10597.1
2024-08-15,23,PT1H,MC-BajoPutumayo,8762.69,8867.6
2024-08-15,24,PT1H,MC-BajoPutumayo,7496.37,7613.1
2022-05-17,1,PT1H,MC-BajoPutumayo,6711.83,6651.79
2022-05-17,2,PT1H,MC-BajoPutumayo,6236.01,6246.4
2022-05-17,3,PT1H,MC-BajoPutumayo,5990.43,6121.57
2022-05-17,4,PT1H,MC-BajoPutumayo,6111.34,5909.39
2022-05-17,5,PT1H,MC-BajoPutumayo,5976.63,5859.32
2022-05-17,6,PT1H,MC-BajoPutumayo,6447.51,6469.05
2022-05-17,7,PT1H,MC-BajoPutumayo,7190.0,7205.28
2022-05-17,8,PT1H,MC-BajoPutumayo,8099.4,7850.14
2022-05-17,9,PT1H,MC-BajoPutumayo,8820.34,8865.9
2022-05-17,10,PT1H,MC-BajoPutumayo,9329.45,9205.29
2022-05-17,11,PT1H,MC-BajoPutumayo,9955.09,9833.7
2022-05-17,12,PT1H,MC-BajoPutumayo,10312.51,10468.53
2022-05-17,13,PT1H,MC-BajoPutumayo,10026.67,10333.25
2022-05-17,14,PT1H,MC-BajoPutumayo,9452.8,10372.75
2022-05-17,15,PT1H,MC-BajoPutumayo,10165.54,11113.35
2022-05-17,16,PT1H,MC-BajoPutumayo,10382.75,11225.24
2022-05-17,17,PT1H,MC-BajoPutumayo,10780.39,11543.53
2022-05-17,18,PT1H,MC-BajoPutumayo,10687.49,11366.01
2022-05-17,19,PT1H,MC-BajoPutumayo,11914.22,12385.41
2022-05-17,20,PT1H,MC-BajoPutumayo,12297.42,12586.8
2022-05-17,21,PT1H,MC-BajoPutumayo,11700.69,11802.28
2022-05-17,22,PT1H,MC-BajoPutumayo,10465.65,10845.33
2022-05-17,23,PT1H,MC-BajoPutumayo,8782.35,9081.64
2022-05-17,24,PT1H,MC-BajoPutumayo,7479.74,7889.55
2022-11-10,1,PT1H,MC-BajoPutumayo,7728.99,6754.04
2022-11-10,2,PT1H,MC-BajoPutumayo,7292.46,6358.15
2022-11-10,3,PT1H,MC-BajoPutumayo,7033.34,6294.42
2022-11-10,4,PT1H,MC-BajoPutumayo,6887.6,6184.87
2022-11-10,5,PT1H,MC-BajoPutumayo,6939.35,6185.1
2022-11-10,6,PT1H,MC-BajoPutumayo,7469.8,6783.58
2022-11-10,7,PT1H,MC-BajoPutumayo,8134.98,7617.69
2022-11-10,8,PT1H,MC-BajoPutumayo,8974.97,8385.74
2022-11-10,9,PT1H,MC-BajoPutumayo,10252.04,9158.21
2022-11-10,10,PT1H,MC-BajoPutumayo,11077.98,10051.63
2022-11-10,11,PT1H,MC-BajoPutumayo,11979.36,10630.8
2022-11-10,12,PT1H,MC-BajoPutumayo,12565.45,11369.55
2022-11-10,13,PT1H,MC-BajoPutumayo,12035.92,11192.3
2022-11-10,14,PT1H,MC-BajoPutumayo,11655.6,11176.49
2022-11-10,15,PT1H,MC-BajoPutumayo,11937.68,11509.11
2022-11-10,16,PT1H,MC-BajoPutumayo,11920.27,11815.67
2022-11-10,17,PT1H,MC-BajoPutumayo,11905.78,11894.99
2022-11-10,18,PT1H,MC-BajoPutumayo,12125.1,11844.29
2022-11-10,19,PT1H,MC-BajoPutumayo,13361.3,13006.83
2022-11-10,20,PT1H,MC-BajoPutumayo,13314.28,13334.33
2022-11-10,21,PT1H,MC-BajoPutumayo,12492.18,12515.11
2022-11-10,22,PT1H,MC-BajoPutumayo,11160.13,11236.5
2022-11-10,23,PT1H,MC-BajoPutumayo,9111.64,9398.72
2022-11-10,24,PT1H,MC-BajoPutumayo,8253.53,7900.3
2022-05-23,1,PT1H,MC-BajoPutumayo,7446.95,6262.15
2022-05-23,2,PT1H,MC-BajoPutumayo,6896.78,5902.78
2022-05-23,3,PT1H,MC-BajoPutumayo,6639.67,5626.58
2022-05-23,4,PT1H,MC-BajoPutumayo,6493.31,5444.9
2022-05-23,5,PT1H,MC-BajoPutumayo,6456.19,5435.87
2022-05-23,6,PT1H,MC-BajoPutumayo,6899.88,6049.71
2022-05-23,7,PT1H,MC-BajoPutumayo,7716.93,6690.27
2022-05-23,8,PT1H,MC-BajoPutumayo,8092.23,7209.71
2022-05-23,9,PT1H,MC-BajoPutumayo,8937.09,8056.78
2022-05-23,10,PT1H,MC-BajoPutumayo,8913.84,8613.29
2022-05-23,11,PT1H,MC-BajoPutumayo,9906.84,9157.06
2022-05-23,12,PT1H,MC-BajoPutumayo,9964.03,10143.95
2022-05-23,13,PT1H,MC-BajoPutumayo,9736.6,10148.49
2022-05-23,14,PT1H,MC-BajoPutumayo,9976.04,10361.5
2022-05-23,15,PT1H,MC-BajoPutumayo,9960.27,10944.22
2022-05-23,16,PT1H,MC-BajoPutumayo,10285.36,10957.43
2022-05-23,17,PT1H,MC-BajoPutumayo,10277.88,10932.58
2022-05-23,18,PT1H,MC-BajoPutumayo,10442.91,10664.34
2022-05-23,19,PT1H,MC-BajoPutumayo,11707.14,11459.39
2022-05-23,20,PT1H,MC-BajoPutumayo,11966.46,11908.43
2022-05-23,21,PT1H,MC-BajoPutumayo,11216.72,11199.23
2022-05-23,22,PT1H,MC-BajoPutumayo,10081.28,10217.74
2022-05-23,23,PT1H,MC-BajoPutumayo,8581.33,8597.4
2022-05-23,24,PT1H,MC-BajoPutumayo,7168.8,7281.86
2025-09-30,1,PT1H,MC-BajoPutumayo,8594.43,8141.6
2025-09-30,2,PT1H,MC-BajoPutumayo,7900.13,7644.7
2025-09-30,3,PT1H,MC-BajoPutumayo,7552.15,7359.7
2025-09-30,4,PT1H,MC-BajoPutumayo,7356.93,7171.0
2025-09-30,5,PT1H,MC-BajoPutumayo,7572.19,7203.1
2025-09-30,6,PT1H,MC-BajoPutumayo,8196.19,7942.3
2025-09-30,7,PT1H,MC-BajoPutumayo,8901.77,8495.7
2025-09-30,8,PT1H,MC-BajoPutumayo,9559.16,9414.8
2025-09-30,9,PT1H,MC-BajoPutumayo,10671.39,10198.8
2025-09-30,10,PT1H,MC-BajoPutumayo,11445.26,10814.5
2025-09-30,11,PT1H,MC-BajoPutumayo,12643.28,11438.5
2025-09-30,12,PT1H,MC-BajoPutumayo,13304.96,11983.4
2025-09-30,13,PT1H,MC-BajoPutumayo,12984.54,11690.4
2025-09-30,14,PT1H,MC-BajoPutumayo,13675.52,11878.6
2025-09-30,15,PT1H,MC-BajoPutumayo,14884.69,12571.6
2025-09-30,16,PT1H,MC-BajoPutumayo,14783.67,12870.9
2025-09-30,17,PT1H,MC-BajoPutumayo,14596.73,12894.9
2025-09-30,18,PT1H,MC-BajoPutumayo,14370.12,12889.6
2025-09-30,19,PT1H,MC-BajoPutumayo,15829.44,14222.6
2025-09-30,20,PT1H,MC-BajoPutumayo,15715.52,14300.6
2025-09-30,21,PT1H,MC-BajoPutumayo,14905.74,13384.2
2025-09-30,22,PT1H,MC-BajoPutumayo,13618.58,11985.7
2025-09-30,23,PT1H,MC-BajoPutumayo,11510.91,10116.6
2025-09-30,24,PT1H,MC-BajoPutumayo,9768.33,8750.7
2025-07-25,1,PT1H,MC-BajoPutumayo,7535.75,7683.9
2025-07-25,2,PT1H,MC-BajoPutumayo,7099.31,7228.7
2025-07-25,3,PT1H,MC-BajoPutumayo,6751.36,6991.8
2025-07-25,4,PT1H,MC-BajoPutumayo,6621.51,7072.6
2025-07-25,5,PT1H,MC-BajoPutumayo,6673.73,6916.6
2025-07-25,6,PT1H,MC-BajoPutumayo,7409.38,7406.5
2025-07-25,7,PT1H,MC-BajoPutumayo,8381.43,8013.9
2025-07-25,8,PT1H,MC-BajoPutumayo,8718.83,9050.4
2025-07-25,9,PT1H,MC-BajoPutumayo,9553.36,10397.0
2025-07-25,10,PT1H,MC-BajoPutumayo,10431.99,11334.6
2025-07-25,11,PT1H,MC-BajoPutumayo,11359.88,12104.0
2025-07-25,12,PT1H,MC-BajoPutumayo,11786.37,12607.9
2025-07-25,13,PT1H,MC-BajoPutumayo,11482.38,12303.8
2025-07-25,14,PT1H,MC-BajoPutumayo,11908.27,12323.2
2025-07-25,15,PT1H,MC-BajoPutumayo,12908.22,12873.6
2025-07-25,16,PT1H,MC-BajoPutumayo,13303.61,12985.5
2025-07-25,17,PT1H,MC-BajoPutumayo,13458.31,12642.4
2025-07-25,18,PT1H,MC-BajoPutumayo,13237.46,12363.6
2025-07-25,19,PT1H,MC-BajoPutumayo,14274.03,13627.8
2025-07-25,20,PT1H,MC-BajoPutumayo,14771.76,14720.6
2025-07-25,21,PT1H,MC-BajoPutumayo,13852.98,14019.6
2025-07-25,22,PT1H,MC-BajoPutumayo,12743.54,12621.4
2025-07-25,23,PT1H,MC-BajoPutumayo,11170.13,10431.3
2025-07-25,24,PT1H,MC-BajoPutumayo,9484.58,8600.8
2024-07-24,1,PT1H,MC-BajoPutumayo,6894.45,7687.5
2024-07-24,2,PT1H,MC-BajoPutumayo,6571.94,7315.3
2024-07-24,3,PT1H,MC-BajoPutumayo,6275.95,7084.0
2024-07-24,4,PT1H,MC-BajoPutumayo,6216.23,6931.0
2024-07-24,5,PT1H,MC-BajoPutumayo,6281.89,6992.4
2024-07-24,6,PT1H,MC-BajoPutumayo,7146.22,7406.2
2024-07-24,7,PT1H,MC-BajoPutumayo,8091.35,7998.7
2024-07-24,8,PT1H,MC-BajoPutumayo,9152.07,8866.7
2024-07-24,9,PT1H,MC-BajoPutumayo,9558.59,9823.2
2024-07-24,10,PT1H,MC-BajoPutumayo,10472.91,10531.9
2024-07-24,11,PT1H,MC-BajoPutumayo,11432.68,11056.1
2024-07-24,12,PT1H,MC-BajoPutumayo,11838.82,11521.3
2024-07-24,13,PT1H,MC-BajoPutumayo,11409.19,11205.7
2024-07-24,14,PT1H,MC-BajoPutumayo,11481.49,11333.1
2024-07-24,15,PT1H,MC-BajoPutumayo,12162.65,11996.4
2024-07-24,16,PT1H,MC-BajoPutumayo,12291.11,11919.7
2024-07-24,17,PT1H,MC-BajoPutumayo,12102.41,11946.6
2024-07-24,18,PT1H,MC-BajoPutumayo,11557.05,12220.8
2024-07-24,19,PT1H,MC-BajoPutumayo,13442.63,13489.9
2024-07-24,20,PT1H,MC-BajoPutumayo,13588.79,13398.5
2024-07-24,21,PT1H,MC-BajoPutumayo,12876.65,12425.4
2024-07-24,22,PT1H,MC-BajoPutumayo,11553.69,11150.1
2024-07-24,23,PT1H,MC-BajoPutumayo,9629.13,9622.3
2024-07-24,24,PT1H,MC-BajoPutumayo,8354.85,8360.7
2023-08-29,1,PT1H,MC-BajoPutumayo,8291.73,7620.1
2023-08-29,2,PT1H,MC-BajoPutumayo,7579.79,7152.66
2023-08-29,3,PT1H,MC-BajoPutumayo,7340.4,7054.99
2023-08-29,4,PT1H,MC-BajoPutumayo,7165.32,6873.22
2023-08-29,5,PT1H,MC-BajoPutumayo,7153.97,6987.43
2023-08-29,6,PT1H,MC-BajoPutumayo,7631.43,7737.62
2023-08-29,7,PT1H,MC-BajoPutumayo,8300.64,8549.7
2023-08-29,8,PT1H,MC-BajoPutumayo,9145.86,9429.21
2023-08-29,9,PT1H,MC-BajoPutumayo,10670.78,10464.46
2023-08-29,10,PT1H,MC-BajoPutumayo,11742.62,11213.06
2023-08-29,11,PT1H,MC-BajoPutumayo,12636.48,11967.99
2023-08-29,12,PT1H,MC-BajoPutumayo,13389.42,12560.93
2023-08-29,13,PT1H,MC-BajoPutumayo,12864.34,12542.83
2023-08-29,14,PT1H,MC-BajoPutumayo,13293.68,12408.59
2023-08-29,15,PT1H,MC-BajoPutumayo,14186.01,12966.79
2023-08-29,16,PT1H,MC-BajoPutumayo,14349.87,13043.14
2023-08-29,17,PT1H,MC-BajoPutumayo,14334.97,12940.23
2023-08-29,18,PT1H,MC-BajoPutumayo,13922.4,12982.15
2023-08-29,19,PT1H,MC-BajoPutumayo,14782.19,13920.24
2023-08-29,20,PT1H,MC-BajoPutumayo,15169.79,14920.64
2023-08-29,21,PT1H,MC-BajoPutumayo,14262.1,13561.08
2023-08-29,22,PT1H,MC-BajoPutumayo,13009.75,12329.59
2023-08-29,23,PT1H,MC-BajoPutumayo,11181.67,10288.28
2023-08-29,24,PT1H,MC-BajoPutumayo,9665.53,8800.65
2024-06-03,1,PT1H,MC-BajoPutumayo,8040.2,8243.1
2024-06-03,2,PT1H,MC-BajoPutumayo,7452.31,7776.8
2024-06-03,3,PT1H,MC-BajoPutumayo,7000.1,7491.8
2024-06-03,4,PT1H,MC-BajoPutumayo,6825.62,7296.9
2024-06-03,5,PT1H,MC-BajoPutumayo,6805.26,7290.4
2024-06-03,6,PT1H,MC-BajoPutumayo,7006.11,7676.2
2024-06-03,7,PT1H,MC-BajoPutumayo,7357.16,8073.8
2024-06-03,8,PT1H,MC-BajoPutumayo,8398.12,8943.7
2024-06-03,9,PT1H,MC-BajoPutumayo,9490.4,10078.4
2024-06-03,10,PT1H,MC-BajoPutumayo,10532.0,10727.5
2024-06-03,11,PT1H,MC-BajoPutumayo,11384.25,11294.2
2024-06-03,12,PT1H,MC-BajoPutumayo,11888.2,11840.6
2024-06-03,13,PT1H,MC-BajoPutumayo,11969.32,11649.3
2024-06-03,14,PT1H,MC-BajoPutumayo,11904.53,11762.2
2024-06-03,15,PT1H,MC-BajoPutumayo,11942.85,12280.0
2024-06-03,16,PT1H,MC-BajoPutumayo,11915.12,12354.0
2024-06-03,17,PT1H,MC-BajoPutumayo,11714.26,12251.5
2024-06-03,18,PT1H,MC-BajoPutumayo,11632.45,12175.1
2024-06-03,19,PT1H,MC-BajoPutumayo,13064.33,13280.7
2024-06-03,20,PT1H,MC-BajoPutumayo,13438.36,13616.8
2024-06-03,21,PT1H,MC-BajoPutumayo,13010.04,12882.0
2024-06-03,22,PT1H,MC-BajoPutumayo,11956.98,11677.6
2024-06-03,23,PT1H,MC-BajoPutumayo,10413.06,10137.8
2024-06-03,24,PT1H,MC-BajoPutumayo,8970.44,8834.7
2022-09-12,1,PT1H,MC-BajoPutumayo,7026.53,7018.06
2022-09-12,2,PT1H,MC-BajoPutumayo,6593.67,6564.06
2022-09-12,3,PT1H,MC-BajoPutumayo,6329.56,6381.12
2022-09-12,4,PT1H,MC-BajoPutumayo,6204.32,6216.83
2022-09-12,5,PT1H,MC-BajoPutumayo,6233.1,6369.18
2022-09-12,6,PT1H,MC-BajoPutumayo,6745.58,6739.83
2022-09-12,7,PT1H,MC-BajoPutumayo,7537.12,7230.28
2022-09-12,8,PT1H,MC-BajoPutumayo,8468.63,8197.02
2022-09-12,9,PT1H,MC-BajoPutumayo,9661.72,9318.82
2022-09-12,10,PT1H,MC-BajoPutumayo,10787.6,10241.47
2022-09-12,11,PT1H,MC-BajoPutumayo,11787.4,10827.78
2022-09-12,12,PT1H,MC-BajoPutumayo,12397.41,11473.32
2022-09-12,13,PT1H,MC-BajoPutumayo,12158.27,11220.45
2022-09-12,14,PT1H,MC-BajoPutumayo,12565.59,11227.36
2022-09-12,15,PT1H,MC-BajoPutumayo,13441.99,11771.46
2022-09-12,16,PT1H,MC-BajoPutumayo,13623.15,12059.39
2022-09-12,17,PT1H,MC-BajoPutumayo,13593.58,11952.36
2022-09-12,18,PT1H,MC-BajoPutumayo,13295.76,11703.51
2022-09-12,19,PT1H,MC-BajoPutumayo,14372.67,12651.69
2022-09-12,20,PT1H,MC-BajoPutumayo,14501.19,13083.1
2022-09-12,21,PT1H,MC-BajoPutumayo,13593.7,12195.38
2022-09-12,22,PT1H,MC-BajoPutumayo,12184.66,10858.99
2022-09-12,23,PT1H,MC-BajoPutumayo,10230.56,9112.74
2022-09-12,24,PT1H,MC-BajoPutumayo,8775.93,7794.51
2022-07-09,1,PT1H,MC-BajoPutumayo,7285.53,7483.32
2022-07-09,2,PT1H,MC-BajoPutumayo,6706.42,6948.9
2022-07-09,3,PT1H,MC-BajoPutumayo,6398.98,6810.53
2022-07-09,4,PT1H,MC-BajoPutumayo,6236.81,6553.36
2022-07-09,5,PT1H,MC-BajoPutumayo,6172.35,6412.88
2022-07-09,6,PT1H,MC-BajoPutumayo,6404.63,6518.63
2022-07-09,7,PT1H,MC-BajoPutumayo,6985.09,6948.74
2022-07-09,8,PT1H,MC-BajoPutumayo,8162.54,7800.66
2022-07-09,9,PT1H,MC-BajoPutumayo,9148.4,8815.92
2022-07-09,10,PT1H,MC-BajoPutumayo,9941.72,9500.07
2022-07-09,11,PT1H,MC-BajoPutumayo,10354.84,10136.85
2022-07-09,12,PT1H,MC-BajoPutumayo,9846.81,10403.77
2022-07-09,13,PT1H,MC-BajoPutumayo,9645.55,10236.42
2022-07-09,14,PT1H,MC-BajoPutumayo,9658.95,9881.01
2022-07-09,15,PT1H,MC-BajoPutumayo,10065.15,9822.87
2022-07-09,16,PT1H,MC-BajoPutumayo,10382.28,9784.34
2022-07-09,17,PT1H,MC-BajoPutumayo,11357.19,10025.78
2022-07-09,18,PT1H,MC-BajoPutumayo,12151.72,10139.96
2022-07-09,19,PT1H,MC-BajoPutumayo,12356.7,11541.85
2022-07-09,20,PT1H,MC-BajoPutumayo,13089.27,11735.51
2022-07-09,21,PT1H,MC-BajoPutumayo,12277.55,11082.71
2022-07-09,22,PT1H,MC-BajoPutumayo,11309.09,9953.63
2022-07-09,23,PT1H,MC-BajoPutumayo,10132.84,8537.89
2022-07-09,24,PT1H,MC-BajoPutumayo,9136.87,7493.1
2024-06-04,1,PT1H,MC-BajoPutumayo,8045.64,7304.0
2024-06-04,2,PT1H,MC-BajoPutumayo,7712.55,6779.1
2024-06-04,3,PT1H,MC-BajoPutumayo,7419.92,6545.1
2024-06-04,4,PT1H,MC-BajoPutumayo,7161.99,6387.8
2024-06-04,5,PT1H,MC-BajoPutumayo,7321.39,6433.0
2024-06-04,6,PT1H,MC-BajoPutumayo,7991.2,6955.2
2024-06-04,7,PT1H,MC-BajoPutumayo,8634.92,7515.5
2024-06-04,8,PT1H,MC-BajoPutumayo,9076.08,8120.4
2024-06-04,9,PT1H,MC-BajoPutumayo,10047.25,8944.8
2024-06-04,10,PT1H,MC-BajoPutumayo,10640.85,9525.7
2024-06-04,11,PT1H,MC-BajoPutumayo,11004.59,10100.7
2024-06-04,12,PT1H,MC-BajoPutumayo,11167.0,10672.1
2024-06-04,13,PT1H,MC-BajoPutumayo,10636.93,10415.7
2024-06-04,14,PT1H,MC-BajoPutumayo,10191.81,10661.2
2024-06-04,15,PT1H,MC-BajoPutumayo,10332.3,11418.3
2024-06-04,16,PT1H,MC-BajoPutumayo,10548.4,11610.6
2024-06-04,17,PT1H,MC-BajoPutumayo,10691.39,11583.4
2024-06-04,18,PT1H,MC-BajoPutumayo,10692.23,11516.6
2024-06-04,19,PT1H,MC-BajoPutumayo,11697.6,12524.9
2024-06-04,20,PT1H,MC-BajoPutumayo,12162.42,12641.4
2024-06-04,21,PT1H,MC-BajoPutumayo,11516.26,12007.0
2024-06-04,22,PT1H,MC-BajoPutumayo,10186.26,10993.3
2024-06-04,23,PT1H,MC-BajoPutumayo,8735.43,9536.8
2024-06-04,24,PT1H,MC-BajoPutumayo,7641.43,8264.0
2024-01-29,1,PT1H,MC-BajoPutumayo,9523.9,9097.9
2024-01-29,2,PT1H,MC-BajoPutumayo,8992.37,8424.8
2024-01-29,3,PT1H,MC-BajoPutumayo,8611.4,7969.51
2024-01-29,4,PT1H,MC-BajoPutumayo,8290.17,7846.15
2024-01-29,5,PT1H,MC-BajoPutumayo,8221.41,7734.44
2024-01-29,6,PT1H,MC-BajoPutumayo,8396.6,7849.18
2024-01-29,7,PT1H,MC-BajoPutumayo,8652.31,8073.05
2024-01-29,8,PT1H,MC-BajoPutumayo,9888.13,9291.82
2024-01-29,9,PT1H,MC-BajoPutumayo,11433.64,10705.65
2024-01-29,10,PT1H,MC-BajoPutumayo,12388.13,11738.58
2024-01-29,11,PT1H,MC-BajoPutumayo,13355.86,12515.58
2024-01-29,12,PT1H,MC-BajoPutumayo,14262.94,13270.18
2024-01-29,13,PT1H,MC-BajoPutumayo,14032.43,12984.85
2024-01-29,14,PT1H,MC-BajoPutumayo,13943.03,12918.81
2024-01-29,15,PT1H,MC-BajoPutumayo,14685.05,13147.95
2024-01-29,16,PT1H,MC-BajoPutumayo,14742.83,13277.55
2024-01-29,17,PT1H,MC-BajoPutumayo,14775.7,13168.01
2024-01-29,18,PT1H,MC-BajoPutumayo,14369.25,12958.25
2024-01-29,19,PT1H,MC-BajoPutumayo,14724.4,13712.82
2024-01-29,20,PT1H,MC-BajoPutumayo,15468.4,14233.22
2024-01-29,21,PT1H,MC-BajoPutumayo,14653.65,13461.79
2024-01-29,22,PT1H,MC-BajoPutumayo,13714.04,12448.02
2024-01-29,23,PT1H,MC-BajoPutumayo,12163.13,10958.35
2024-01-29,24,PT1H,MC-BajoPutumayo,10619.36,9593.34
2022-07-23,1,PT1H,MC-BajoPutumayo,6897.01,7176.67
2022-07-23,2,PT1H,MC-BajoPutumayo,6425.69,6671.35
2022-07-23,3,PT1H,MC-BajoPutumayo,6179.37,6343.72
2022-07-23,4,PT1H,MC-BajoPutumayo,6021.56,6152.74
2022-07-23,5,PT1H,MC-BajoPutumayo,6003.87,6126.61
2022-07-23,6,PT1H,MC-BajoPutumayo,6317.24,6374.6
2022-07-23,7,PT1H,MC-BajoPutumayo,6765.41,6719.32
2022-07-23,8,PT1H,MC-BajoPutumayo,7981.28,7786.88
2022-07-23,9,PT1H,MC-BajoPutumayo,9220.83,8923.16
2022-07-23,10,PT1H,MC-BajoPutumayo,10032.59,9610.15
2022-07-23,11,PT1H,MC-BajoPutumayo,10681.64,10034.44
2022-07-23,12,PT1H,MC-BajoPutumayo,10994.3,10326.39
2022-07-23,13,PT1H,MC-BajoPutumayo,10704.59,10159.63
2022-07-23,14,PT1H,MC-BajoPutumayo,10710.4,9999.4
2022-07-23,15,PT1H,MC-BajoPutumayo,10703.57,10168.36
2022-07-23,16,PT1H,MC-BajoPutumayo,10985.0,10389.13
2022-07-23,17,PT1H,MC-BajoPutumayo,10913.62,10383.31
2022-07-23,18,PT1H,MC-BajoPutumayo,10827.76,10465.14
2022-07-23,19,PT1H,MC-BajoPutumayo,11969.64,11615.38
2022-07-23,20,PT1H,MC-BajoPutumayo,12531.35,12173.0
2022-07-23,21,PT1H,MC-BajoPutumayo,11798.41,11489.36
2022-07-23,22,PT1H,MC-BajoPutumayo,10776.91,10478.11
2022-07-23,23,PT1H,MC-BajoPutumayo,9493.31,9236.2
2022-07-23,24,PT1H,MC-BajoPutumayo,8369.85,8211.15
2022-10-14,1,PT1H,MC-BajoPutumayo,8290.38,8393.42
2022-10-14,2,PT1H,MC-BajoPutumayo,7878.56,7820.96
2022-10-14,3,PT1H,MC-BajoPutumayo,7591.34,7470.17
2022-10-14,4,PT1H,MC-BajoPutumayo,7380.93,7247.55
2022-10-14,5,PT1H,MC-BajoPutumayo,7374.48,7215.62
2022-10-14,6,PT1H,MC-BajoPutumayo,7591.33,7572.22
2022-10-14,7,PT1H,MC-BajoPutumayo,8043.89,8254.96
2022-10-14,8,PT1H,MC-BajoPutumayo,9532.05,9389.92
2022-10-14,9,PT1H,MC-BajoPutumayo,11166.14,10527.2
2022-10-14,10,PT1H,MC-BajoPutumayo,11723.76,11538.17
2022-10-14,11,PT1H,MC-BajoPutumayo,13368.15,12227.38
2022-10-14,12,PT1H,MC-BajoPutumayo,14062.56,12721.19
2022-10-14,13,PT1H,MC-BajoPutumayo,13567.17,12418.38
2022-10-14,14,PT1H,MC-BajoPutumayo,11153.53,12641.1
2022-10-14,15,PT1H,MC-BajoPutumayo,13494.65,13241.32
2022-10-14,16,PT1H,MC-BajoPutumayo,12672.58,13109.21
2022-10-14,17,PT1H,MC-BajoPutumayo,13019.92,12987.27
2022-10-14,18,PT1H,MC-BajoPutumayo,12609.82,12784.03
2022-10-14,19,PT1H,MC-BajoPutumayo,13128.4,14247.38
2022-10-14,20,PT1H,MC-BajoPutumayo,13833.41,14247.38
2022-10-14,21,PT1H,MC-BajoPutumayo,13207.59,13231.16
2022-10-14,22,PT1H,MC-BajoPutumayo,11805.19,11381.64
2022-10-14,23,PT1H,MC-BajoPutumayo,10585.92,10182.51
2022-10-14,24,PT1H,MC-BajoPutumayo,8926.75,8221.21
2022-06-30,1,PT1H,MC-BajoPutumayo,6356.08,7834.5
2022-06-30,2,PT1H,MC-BajoPutumayo,6042.91,7359.98
2022-06-30,3,PT1H,MC-BajoPutumayo,5862.13,6986.42
2022-06-30,4,PT1H,MC-BajoPutumayo,5660.94,6784.25
2022-06-30,5,PT1H,MC-BajoPutumayo,5730.71,6712.74
2022-06-30,6,PT1H,MC-BajoPutumayo,6178.81,6982.39
2022-06-30,7,PT1H,MC-BajoPutumayo,6692.74,7640.4
2022-06-30,8,PT1H,MC-BajoPutumayo,7912.22,8618.33
2022-06-30,9,PT1H,MC-BajoPutumayo,8938.82,9290.01
2022-06-30,10,PT1H,MC-BajoPutumayo,9737.11,9748.98
2022-06-30,11,PT1H,MC-BajoPutumayo,10491.24,10317.15
2022-06-30,12,PT1H,MC-BajoPutumayo,10902.49,10905.64
2022-06-30,13,PT1H,MC-BajoPutumayo,10579.47,11022.62
2022-06-30,14,PT1H,MC-BajoPutumayo,10456.76,10813.27
2022-06-30,15,PT1H,MC-BajoPutumayo,10636.26,11176.61
2022-06-30,16,PT1H,MC-BajoPutumayo,10893.37,11302.81
2022-06-30,17,PT1H,MC-BajoPutumayo,10967.59,11251.17
2022-06-30,18,PT1H,MC-BajoPutumayo,10819.13,11499.93
2022-06-30,19,PT1H,MC-BajoPutumayo,11650.13,13405.78
2022-06-30,20,PT1H,MC-BajoPutumayo,12161.49,14272.07
2022-06-30,21,PT1H,MC-BajoPutumayo,11251.49,13504.42
2022-06-30,22,PT1H,MC-BajoPutumayo,10082.78,11937.22
2022-06-30,23,PT1H,MC-BajoPutumayo,8387.63,9909.73
2022-06-30,24,PT1H,MC-BajoPutumayo,7129.5,8247.89
2022-12-08,1,PT1H,MC-BajoPutumayo,7354.14,7082.77
2022-12-08,2,PT1H,MC-BajoPutumayo,6857.43,6596.96
2022-12-08,3,PT1H,MC-BajoPutumayo,6542.8,6350.49
2022-12-08,4,PT1H,MC-BajoPutumayo,5187.07,6246.89
2022-12-08,5,PT1H,MC-BajoPutumayo,6908.44,6324.33
2022-12-08,6,PT1H,MC-BajoPutumayo,7092.42,6899.12
2022-12-08,7,PT1H,MC-BajoPutumayo,6852.51,7638.07
2022-12-08,8,PT1H,MC-BajoPutumayo,7919.86,8352.33
2022-12-08,9,PT1H,MC-BajoPutumayo,9519.96,9415.24
2022-12-08,10,PT1H,MC-BajoPutumayo,10635.93,10126.26
2022-12-08,11,PT1H,MC-BajoPutumayo,11262.01,10739.41
2022-12-08,12,PT1H,MC-BajoPutumayo,12018.93,11138.89
2022-12-08,13,PT1H,MC-BajoPutumayo,11856.89,10919.28
2022-12-08,14,PT1H,MC-BajoPutumayo,11956.83,10893.46
2022-12-08,15,PT1H,MC-BajoPutumayo,12117.97,11691.76
2022-12-08,16,PT1H,MC-BajoPutumayo,12013.02,11755.09
2022-12-08,17,PT1H,MC-BajoPutumayo,11933.05,11785.71
2022-12-08,18,PT1H,MC-BajoPutumayo,11974.15,11746.1
2022-12-08,19,PT1H,MC-BajoPutumayo,13433.92,12940.26
2022-12-08,20,PT1H,MC-BajoPutumayo,13685.03,12872.19
2022-12-08,21,PT1H,MC-BajoPutumayo,12813.76,12035.99
2022-12-08,22,PT1H,MC-BajoPutumayo,11613.21,10760.72
2022-12-08,23,PT1H,MC-BajoPutumayo,10273.74,9150.22
2022-12-08,24,PT1H,MC-BajoPutumayo,8991.27,7994.48
2024-06-28,1,PT1H,MC-BajoPutumayo,7540.38,7485.6
2024-06-28,2,PT1H,MC-BajoPutumayo,7071.8,7070.8
2024-06-28,3,PT1H,MC-BajoPutumayo,6848.99,6793.7
2024-06-28,4,PT1H,MC-BajoPutumayo,6730.28,6679.3
2024-06-28,5,PT1H,MC-BajoPutumayo,6877.59,6770.9
2024-06-28,6,PT1H,MC-BajoPutumayo,7290.84,7250.4
2024-06-28,7,PT1H,MC-BajoPutumayo,7996.12,7996.7
2024-06-28,8,PT1H,MC-BajoPutumayo,8976.81,9038.2
2024-06-28,9,PT1H,MC-BajoPutumayo,10269.34,10053.4
2024-06-28,10,PT1H,MC-BajoPutumayo,11163.48,10788.5
2024-06-28,11,PT1H,MC-BajoPutumayo,12061.56,11247.5
2024-06-28,12,PT1H,MC-BajoPutumayo,12689.94,11473.1
2024-06-28,13,PT1H,MC-BajoPutumayo,12477.12,10973.0
2024-06-28,14,PT1H,MC-BajoPutumayo,12988.72,11056.0
2024-06-28,15,PT1H,MC-BajoPutumayo,13783.67,11366.3
2024-06-28,16,PT1H,MC-BajoPutumayo,13900.47,11388.0
2024-06-28,17,PT1H,MC-BajoPutumayo,13966.75,11458.3
2024-06-28,18,PT1H,MC-BajoPutumayo,13925.77,11551.1
2024-06-28,19,PT1H,MC-BajoPutumayo,14771.66,13027.2
2024-06-28,20,PT1H,MC-BajoPutumayo,14672.09,13122.0
2024-06-28,21,PT1H,MC-BajoPutumayo,13852.79,12321.1
2024-06-28,22,PT1H,MC-BajoPutumayo,12674.88,11218.9
2024-06-28,23,PT1H,MC-BajoPutumayo,10943.52,9572.2
2024-06-28,24,PT1H,MC-BajoPutumayo,9624.67,8421.3
2022-03-21,1,PT1H,MC-BajoPutumayo,6911.35,6445.49
2022-03-21,2,PT1H,MC-BajoPutumayo,6506.88,6044.3
2022-03-21,3,PT1H,MC-BajoPutumayo,6206.49,5849.82
2022-03-21,4,PT1H,MC-BajoPutumayo,6024.62,5710.56
2022-03-21,5,PT1H,MC-BajoPutumayo,5985.72,5721.23
2022-03-21,6,PT1H,MC-BajoPutumayo,6225.32,6309.18
2022-03-21,7,PT1H,MC-BajoPutumayo,6474.16,7021.44
2022-03-21,8,PT1H,MC-BajoPutumayo,7306.1,7498.37
2022-03-21,9,PT1H,MC-BajoPutumayo,8328.55,8503.15
2022-03-21,10,PT1H,MC-BajoPutumayo,9066.93,9169.89
2022-03-21,11,PT1H,MC-BajoPutumayo,9627.43,10010.13
2022-03-21,12,PT1H,MC-BajoPutumayo,9860.41,10686.72
2022-03-21,13,PT1H,MC-BajoPutumayo,9501.58,10537.09
2022-03-21,14,PT1H,MC-BajoPutumayo,9308.55,10846.42
2022-03-21,15,PT1H,MC-BajoPutumayo,9439.01,11467.07
2022-03-21,16,PT1H,MC-BajoPutumayo,9655.49,11458.18
2022-03-21,17,PT1H,MC-BajoPutumayo,9786.28,11244.21
2022-03-21,18,PT1H,MC-BajoPutumayo,9754.66,11041.62
2022-03-21,19,PT1H,MC-BajoPutumayo,10869.88,11755.85
2022-03-21,20,PT1H,MC-BajoPutumayo,11689.52,12333.36
2022-03-21,21,PT1H,MC-BajoPutumayo,11172.88,11755.21
2022-03-21,22,PT1H,MC-BajoPutumayo,10142.32,10836.11
2022-03-21,23,PT1H,MC-BajoPutumayo,8649.78,9328.86
2022-03-21,24,PT1H,MC-BajoPutumayo,7331.43,7865.75
2025-04-22,1,PT1H,MC-BajoPutumayo,8841.42,8363.8
2025-04-22,2,PT1H,MC-BajoPutumayo,8308.7,7895.8
2025-04-22,3,PT1H,MC-BajoPutumayo,7994.82,7661.7
2025-04-22,4,PT1H,MC-BajoPutumayo,7769.7,7557.9
2025-04-22,5,PT1H,MC-BajoPutumayo,7795.43,7638.8
2025-04-22,6,PT1H,MC-BajoPutumayo,8394.21,8294.9
2025-04-22,7,PT1H,MC-BajoPutumayo,9084.78,9013.9
2025-04-22,8,PT1H,MC-BajoPutumayo,9734.63,9662.7
2025-04-22,9,PT1H,MC-BajoPutumayo,11061.27,10818.6
2025-04-22,10,PT1H,MC-BajoPutumayo,12185.47,11511.3
2025-04-22,11,PT1H,MC-BajoPutumayo,13149.49,12193.8
2025-04-22,12,PT1H,MC-BajoPutumayo,13771.69,12933.8
2025-04-22,13,PT1H,MC-BajoPutumayo,13543.27,12903.7
2025-04-22,14,PT1H,MC-BajoPutumayo,13926.68,13001.1
2025-04-22,15,PT1H,MC-BajoPutumayo,14896.03,13279.5
2025-04-22,16,PT1H,MC-BajoPutumayo,15049.65,13457.9
2025-04-22,17,PT1H,MC-BajoPutumayo,14866.63,13309.2
2025-04-22,18,PT1H,MC-BajoPutumayo,14558.95,13310.3
2025-04-22,19,PT1H,MC-BajoPutumayo,15472.67,14488.7
2025-04-22,20,PT1H,MC-BajoPutumayo,15955.29,15040.7
2025-04-22,21,PT1H,MC-BajoPutumayo,15071.76,14092.7
2025-04-22,22,PT1H,MC-BajoPutumayo,13916.89,12779.3
2025-04-22,23,PT1H,MC-BajoPutumayo,12219.36,11104.2
2025-04-22,24,PT1H,MC-BajoPutumayo,10573.74,9478.4
2022-05-25,1,PT1H,MC-BajoPutumayo,6633.96,6996.5
2022-05-25,2,PT1H,MC-BajoPutumayo,6279.06,6582.82
2022-05-25,3,PT1H,MC-BajoPutumayo,6130.44,6368.62
2022-05-25,4,PT1H,MC-BajoPutumayo,6033.59,6299.73
2022-05-25,5,PT1H,MC-BajoPutumayo,6097.9,6303.62
2022-05-25,6,PT1H,MC-BajoPutumayo,6388.67,6738.34
2022-05-25,7,PT1H,MC-BajoPutumayo,6408.77,7296.67
2022-05-25,8,PT1H,MC-BajoPutumayo,7555.43,7816.39
2022-05-25,9,PT1H,MC-BajoPutumayo,8092.29,8476.25
2022-05-25,10,PT1H,MC-BajoPutumayo,8493.01,9147.09
2022-05-25,11,PT1H,MC-BajoPutumayo,10253.72,9766.02
2022-05-25,12,PT1H,MC-BajoPutumayo,9726.53,10418.54
2022-05-25,13,PT1H,MC-BajoPutumayo,9377.22,10162.1
2022-05-25,14,PT1H,MC-BajoPutumayo,9478.43,10163.06
2022-05-25,15,PT1H,MC-BajoPutumayo,9831.07,10838.66
2022-05-25,16,PT1H,MC-BajoPutumayo,9396.82,11171.39
2022-05-25,17,PT1H,MC-BajoPutumayo,6408.0,10942.18
2022-05-25,18,PT1H,MC-BajoPutumayo,11636.56,10763.61
2022-05-25,19,PT1H,MC-BajoPutumayo,11578.08,11748.72
2022-05-25,20,PT1H,MC-BajoPutumayo,11667.35,12045.6
2022-05-25,21,PT1H,MC-BajoPutumayo,10700.99,11405.39
2022-05-25,22,PT1H,MC-BajoPutumayo,10164.53,10284.21
2022-05-25,23,PT1H,MC-BajoPutumayo,8398.71,8851.72
2022-05-25,24,PT1H,MC-BajoPutumayo,7038.59,7467.07
2025-05-20,1,PT1H,MC-BajoPutumayo,7144.94,7108.9
2025-05-20,2,PT1H,MC-BajoPutumayo,6776.25,6715.5
2025-05-20,3,PT1H,MC-BajoPutumayo,6500.47,6498.1
2025-05-20,4,PT1H,MC-BajoPutumayo,6371.7,6342.6
2025-05-20,5,PT1H,MC-BajoPutumayo,6452.9,6409.2
2025-05-20,6,PT1H,MC-BajoPutumayo,7102.55,6968.6
2025-05-20,7,PT1H,MC-BajoPutumayo,7993.09,7672.1
2025-05-20,8,PT1H,MC-BajoPutumayo,8472.25,8228.3
2025-05-20,9,PT1H,MC-BajoPutumayo,9500.23,9228.2
2025-05-20,10,PT1H,MC-BajoPutumayo,10412.41,10079.8
2025-05-20,11,PT1H,MC-BajoPutumayo,11179.75,10870.0
2025-05-20,12,PT1H,MC-BajoPutumayo,11960.69,11390.5
2025-05-20,13,PT1H,MC-BajoPutumayo,12027.45,11251.1
2025-05-20,14,PT1H,MC-BajoPutumayo,12355.5,11455.4
2025-05-20,15,PT1H,MC-BajoPutumayo,12842.02,12452.6
2025-05-20,16,PT1H,MC-BajoPutumayo,12425.81,12642.9
2025-05-20,17,PT1H,MC-BajoPutumayo,12553.66,12534.7
2025-05-20,18,PT1H,MC-BajoPutumayo,12369.54,12245.5
2025-05-20,19,PT1H,MC-BajoPutumayo,13585.37,13158.1
2025-05-20,20,PT1H,MC-BajoPutumayo,13791.06,13517.0
2025-05-20,21,PT1H,MC-BajoPutumayo,12808.89,12684.7
2025-05-20,22,PT1H,MC-BajoPutumayo,11566.51,11548.9
2025-05-20,23,PT1H,MC-BajoPutumayo,9741.18,9936.2
2025-05-20,24,PT1H,MC-BajoPutumayo,8289.32,8610.9
2025-12-27,1,PT1H,MC-BajoPutumayo,9441.84,8410.6
2025-12-27,2,PT1H,MC-BajoPutumayo,8792.4,7903.9
2025-12-27,3,PT1H,MC-BajoPutumayo,7252.41,7587.5
2025-12-27,4,PT1H,MC-BajoPutumayo,6243.83,7419.1
2025-12-27,5,PT1H,MC-BajoPutumayo,8468.89,7387.5
2025-12-27,6,PT1H,MC-BajoPutumayo,8363.22,7510.3
2025-12-27,7,PT1H,MC-BajoPutumayo,8395.01,8050.8
2025-12-27,8,PT1H,MC-BajoPutumayo,10843.09,9296.0
2025-12-27,9,PT1H,MC-BajoPutumayo,11346.1,10608.9
2025-12-27,10,PT1H,MC-BajoPutumayo,11982.79,11500.3
2025-12-27,11,PT1H,MC-BajoPutumayo,12334.9,12755.4
2025-12-27,12,PT1H,MC-BajoPutumayo,12425.2,13350.2
2025-12-27,13,PT1H,MC-BajoPutumayo,12370.24,13277.2
2025-12-27,14,PT1H,MC-BajoPutumayo,12173.86,13314.1
2025-12-27,15,PT1H,MC-BajoPutumayo,12414.31,13704.3
2025-12-27,16,PT1H,MC-BajoPutumayo,11937.27,13994.4
2025-12-27,17,PT1H,MC-BajoPutumayo,11935.52,13831.3
2025-12-27,18,PT1H,MC-BajoPutumayo,12772.82,13714.2
2025-12-27,19,PT1H,MC-BajoPutumayo,14692.18,15541.4
2025-12-27,20,PT1H,MC-BajoPutumayo,14292.25,15103.8
2025-12-27,21,PT1H,MC-BajoPutumayo,13436.66,14072.4
2025-12-27,22,PT1H,MC-BajoPutumayo,12251.45,12845.6
2025-12-27,23,PT1H,MC-BajoPutumayo,10894.83,11499.7
2025-12-27,24,PT1H,MC-BajoPutumayo,9773.04,9975.3
2022-12-15,1,PT1H,MC-BajoPutumayo,7302.91,7413.58
2022-12-15,2,PT1H,MC-BajoPutumayo,6958.41,6957.88
2022-12-15,3,PT1H,MC-BajoPutumayo,6685.53,6617.37
2022-12-15,4,PT1H,MC-BajoPutumayo,6511.19,6467.48
2022-12-15,5,PT1H,MC-BajoPutumayo,6675.44,6625.37
2022-12-15,6,PT1H,MC-BajoPutumayo,6818.27,6870.57
2022-12-15,7,PT1H,MC-BajoPutumayo,7477.1,7770.83
2022-12-15,8,PT1H,MC-BajoPutumayo,8603.25,8773.68
2022-12-15,9,PT1H,MC-BajoPutumayo,9897.16,9870.39
2022-12-15,10,PT1H,MC-BajoPutumayo,10285.65,10480.35
2022-12-15,11,PT1H,MC-BajoPutumayo,10613.19,11172.76
2022-12-15,12,PT1H,MC-BajoPutumayo,11083.54,11615.86
2022-12-15,13,PT1H,MC-BajoPutumayo,11073.05,11445.85
2022-12-15,14,PT1H,MC-BajoPutumayo,11297.36,11597.43
2022-12-15,15,PT1H,MC-BajoPutumayo,12043.23,12467.13
2022-12-15,16,PT1H,MC-BajoPutumayo,12271.31,12495.75
2022-12-15,17,PT1H,MC-BajoPutumayo,12025.3,12457.92
2022-12-15,18,PT1H,MC-BajoPutumayo,11636.84,12289.12
2022-12-15,19,PT1H,MC-BajoPutumayo,12750.19,13510.73
2022-12-15,20,PT1H,MC-BajoPutumayo,12945.56,13525.04
2022-12-15,21,PT1H,MC-BajoPutumayo,12161.61,12601.01
2022-12-15,22,PT1H,MC-BajoPutumayo,11140.87,11341.8
2022-12-15,23,PT1H,MC-BajoPutumayo,9538.65,9742.33
2022-12-15,24,PT1H,MC-BajoPutumayo,8364.08,8413.77
2025-04-06,1,PT1H,MC-BajoPutumayo,8208.21,8202.5
2025-04-06,2,PT1H,MC-BajoPutumayo,7737.21,7709.8
2025-04-06,3,PT1H,MC-BajoPutumayo,7345.89,7367.7
2025-04-06,4,PT1H,MC-BajoPutumayo,7058.1,7156.3
2025-04-06,5,PT1H,MC-BajoPutumayo,6883.71,6986.8
2025-04-06,6,PT1H,MC-BajoPutumayo,6957.79,7089.3
2025-04-06,7,PT1H,MC-BajoPutumayo,7144.3,7262.7
2025-04-06,8,PT1H,MC-BajoPutumayo,7878.97,8178.4
2025-04-06,9,PT1H,MC-BajoPutumayo,8767.69,9260.8
2025-04-06,10,PT1H,MC-BajoPutumayo,9411.74,10078.2
2025-04-06,11,PT1H,MC-BajoPutumayo,9811.75,10563.9
2025-04-06,12,PT1H,MC-BajoPutumayo,10121.88,10989.5
2025-04-06,13,PT1H,MC-BajoPutumayo,10172.18,11105.0
2025-04-06,14,PT1H,MC-BajoPutumayo,9969.54,10890.7
2025-04-06,15,PT1H,MC-BajoPutumayo,9874.15,11046.6
2025-04-06,16,PT1H,MC-BajoPutumayo,10067.92,11230.1
2025-04-06,17,PT1H,MC-BajoPutumayo,10210.32,11315.1
2025-04-06,18,PT1H,MC-BajoPutumayo,10337.58,11416.8
2025-04-06,19,PT1H,MC-BajoPutumayo,11609.7,12749.0
2025-04-06,20,PT1H,MC-BajoPutumayo,12105.78,13253.3
2025-04-06,21,PT1H,MC-BajoPutumayo,11550.97,12680.8
2025-04-06,22,PT1H,MC-BajoPutumayo,10529.08,11711.0
2025-04-06,23,PT1H,MC-BajoPutumayo,9223.0,10017.7
2025-04-06,24,PT1H,MC-BajoPutumayo,7993.23,8818.1
2022-08-21,1,PT1H,MC-BajoPutumayo,6714.35,7327.43
2022-08-21,2,PT1H,MC-BajoPutumayo,6273.32,6763.34
2022-08-21,3,PT1H,MC-BajoPutumayo,6051.17,6396.22
2022-08-21,4,PT1H,MC-BajoPutumayo,5909.16,6135.65
2022-08-21,5,PT1H,MC-BajoPutumayo,5914.86,5975.63
2022-08-21,6,PT1H,MC-BajoPutumayo,1306.63,0.0
2022-08-21,7,PT1H,MC-BajoPutumayo,0.0,0.0
2022-08-21,8,PT1H,MC-BajoPutumayo,0.0,0.0
2022-08-21,9,PT1H,MC-BajoPutumayo,0.0,0.0
2022-08-21,10,PT1H,MC-BajoPutumayo,0.0,0.0
2022-08-21,11,PT1H,MC-BajoPutumayo,0.0,0.0
2022-08-21,12,PT1H,MC-BajoPutumayo,0.0,0.0
2022-08-21,13,PT1H,MC-BajoPutumayo,0.0,0.0
2022-08-21,14,PT1H,MC-BajoPutumayo,0.0,0.0
2022-08-21,15,PT1H,MC-BajoPutumayo,0.0,0.0
2022-08-21,16,PT1H,MC-BajoPutumayo,0.0,0.0
2022-08-21,17,PT1H,MC-BajoPutumayo,79.24,0.0
2022-08-21,18,PT1H,MC-BajoPutumayo,3947.12,10850.45
2022-08-21,19,PT1H,MC-BajoPutumayo,8655.6,11795.85
2022-08-21,20,PT1H,MC-BajoPutumayo,12165.88,12488.43
2022-08-21,21,PT1H,MC-BajoPutumayo,11500.52,12699.55
2022-08-21,22,PT1H,MC-BajoPutumayo,10046.43,10886.85
2022-08-21,23,PT1H,MC-BajoPutumayo,8448.75,9565.16
2022-08-21,24,PT1H,MC-BajoPutumayo,7207.67,7460.31
2024-09-07,1,PT1H,MC-BajoPutumayo,8086.8,7611.4
2024-09-07,2,PT1H,MC-BajoPutumayo,7636.59,7118.8
2024-09-07,3,PT1H,MC-BajoPutumayo,7239.13,6851.0
2024-09-07,4,PT1H,MC-BajoPutumayo,7108.87,6660.8
2024-09-07,5,PT1H,MC-BajoPutumayo,7110.31,6642.6
2024-09-07,6,PT1H,MC-BajoPutumayo,7464.53,6843.4
2024-09-07,7,PT1H,MC-BajoPutumayo,7873.57,7504.2
2024-09-07,8,PT1H,MC-BajoPutumayo,9118.5,8951.3
2024-09-07,9,PT1H,MC-BajoPutumayo,10491.57,10929.1
2024-09-07,10,PT1H,MC-BajoPutumayo,11685.04,11673.4
2024-09-07,11,PT1H,MC-BajoPutumayo,12477.66,12516.0
2024-09-07,12,PT1H,MC-BajoPutumayo,12934.37,12843.8
2024-09-07,13,PT1H,MC-BajoPutumayo,12947.62,12477.8
2024-09-07,14,PT1H,MC-BajoPutumayo,13175.82,12519.3
2024-09-07,15,PT1H,MC-BajoPutumayo,13500.29,12955.6
2024-09-07,16,PT1H,MC-BajoPutumayo,13589.04,13031.6
2024-09-07,17,PT1H,MC-BajoPutumayo,13259.69,12965.6
2024-09-07,18,PT1H,MC-BajoPutumayo,13362.73,12939.1
2024-09-07,19,PT1H,MC-BajoPutumayo,15069.6,14428.7
2024-09-07,20,PT1H,MC-BajoPutumayo,14310.39,14401.7
2024-09-07,21,PT1H,MC-BajoPutumayo,12080.46,13480.2
2024-09-07,22,PT1H,MC-BajoPutumayo,11335.29,12283.7
2024-09-07,23,PT1H,MC-BajoPutumayo,10035.0,10906.5
2024-09-07,24,PT1H,MC-BajoPutumayo,9089.74,9708.6
2025-05-12,1,PT1H,MC-BajoPutumayo,7573.72,7560.2
2025-05-12,2,PT1H,MC-BajoPutumayo,7090.0,7042.4
2025-05-12,3,PT1H,MC-BajoPutumayo,6897.02,6752.3
2025-05-12,4,PT1H,MC-BajoPutumayo,6749.42,6593.6
2025-05-12,5,PT1H,MC-BajoPutumayo,6798.88,6417.7
2025-05-12,6,PT1H,MC-BajoPutumayo,7333.26,6750.7
2025-05-12,7,PT1H,MC-BajoPutumayo,8117.15,7237.1
2025-05-12,8,PT1H,MC-BajoPutumayo,8722.29,8213.9
2025-05-12,9,PT1H,MC-BajoPutumayo,9884.98,9571.1
2025-05-12,10,PT1H,MC-BajoPutumayo,10574.82,10392.0
2025-05-12,11,PT1H,MC-BajoPutumayo,11124.54,10595.5
2025-05-12,12,PT1H,MC-BajoPutumayo,11456.24,11127.1
2025-05-12,13,PT1H,MC-BajoPutumayo,11128.96,10893.5
2025-05-12,14,PT1H,MC-BajoPutumayo,10851.13,11129.4
2025-05-12,15,PT1H,MC-BajoPutumayo,11295.1,12047.6
2025-05-12,16,PT1H,MC-BajoPutumayo,11680.51,12296.2
2025-05-12,17,PT1H,MC-BajoPutumayo,11612.03,12221.8
2025-05-12,18,PT1H,MC-BajoPutumayo,11858.11,12020.6
2025-05-12,19,PT1H,MC-BajoPutumayo,13218.09,13002.0
2025-05-12,20,PT1H,MC-BajoPutumayo,13452.17,13388.5
2025-05-12,21,PT1H,MC-BajoPutumayo,12651.24,12611.6
2025-05-12,22,PT1H,MC-BajoPutumayo,11344.6,11459.6
2025-05-12,23,PT1H,MC-BajoPutumayo,9548.97,9873.7
2025-05-12,24,PT1H,MC-BajoPutumayo,8201.75,8522.1
2022-05-31,1,PT1H,MC-BajoPutumayo,6410.95,6964.99
2022-05-31,2,PT1H,MC-BajoPutumayo,6368.69,6475.42
2022-05-31,3,PT1H,MC-BajoPutumayo,6081.67,6221.72
2022-05-31,4,PT1H,MC-BajoPutumayo,5705.47,6345.89
2022-05-31,5,PT1H,MC-BajoPutumayo,6081.99,6213.08
2022-05-31,6,PT1H,MC-BajoPutumayo,6590.61,6698.8
2022-05-31,7,PT1H,MC-BajoPutumayo,7469.27,7462.55
2022-05-31,8,PT1H,MC-BajoPutumayo,7996.23,8397.85
2022-05-31,9,PT1H,MC-BajoPutumayo,9138.58,9140.17
2022-05-31,10,PT1H,MC-BajoPutumayo,9821.44,9664.24
2022-05-31,11,PT1H,MC-BajoPutumayo,10670.5,10307.81
2022-05-31,12,PT1H,MC-BajoPutumayo,11474.39,10676.65
2022-05-31,13,PT1H,MC-BajoPutumayo,11167.85,10382.85
2022-05-31,14,PT1H,MC-BajoPutumayo,11360.94,9783.4
2022-05-31,15,PT1H,MC-BajoPutumayo,12234.13,10514.33
2022-05-31,16,PT1H,MC-BajoPutumayo,12358.58,10738.36
2022-05-31,17,PT1H,MC-BajoPutumayo,12070.82,11151.22
2022-05-31,18,PT1H,MC-BajoPutumayo,12203.57,11059.66
2022-05-31,19,PT1H,MC-BajoPutumayo,13192.17,12319.93
2022-05-31,20,PT1H,MC-BajoPutumayo,13526.98,12715.0
2022-05-31,21,PT1H,MC-BajoPutumayo,12667.09,12102.69
2022-05-31,22,PT1H,MC-BajoPutumayo,11232.06,10832.08
2022-05-31,23,PT1H,MC-BajoPutumayo,9693.17,9099.03
2022-05-31,24,PT1H,MC-BajoPutumayo,8072.6,7759.15
2023-07-29,1,PT1H,MC-BajoPutumayo,7578.43,7491.11
2023-07-29,2,PT1H,MC-BajoPutumayo,7095.87,6946.0
2023-07-29,3,PT1H,MC-BajoPutumayo,6773.09,6641.33
2023-07-29,4,PT1H,MC-BajoPutumayo,6601.77,6537.87
2023-07-29,5,PT1H,MC-BajoPutumayo,6491.09,6481.88
2023-07-29,6,PT1H,MC-BajoPutumayo,6695.25,6673.52
2023-07-29,7,PT1H,MC-BajoPutumayo,6997.45,6982.39
2023-07-29,8,PT1H,MC-BajoPutumayo,8122.27,8011.23
2023-07-29,9,PT1H,MC-BajoPutumayo,9220.02,9199.72
2023-07-29,10,PT1H,MC-BajoPutumayo,9928.03,10038.16
2023-07-29,11,PT1H,MC-BajoPutumayo,10600.96,10512.39
2023-07-29,12,PT1H,MC-BajoPutumayo,10781.07,11074.37
2023-07-29,13,PT1H,MC-BajoPutumayo,10577.45,10934.63
2023-07-29,14,PT1H,MC-BajoPutumayo,10518.59,10813.71
2023-07-29,15,PT1H,MC-BajoPutumayo,10475.17,10983.95
2023-07-29,16,PT1H,MC-BajoPutumayo,10616.9,11198.33
2023-07-29,17,PT1H,MC-BajoPutumayo,10676.91,11176.36
2023-07-29,18,PT1H,MC-BajoPutumayo,10811.14,11276.87
2023-07-29,19,PT1H,MC-BajoPutumayo,12195.87,12456.13
2023-07-29,20,PT1H,MC-BajoPutumayo,12621.52,12930.87
2023-07-29,21,PT1H,MC-BajoPutumayo,11692.6,12134.91
2023-07-29,22,PT1H,MC-BajoPutumayo,10399.55,11051.7
2023-07-29,23,PT1H,MC-BajoPutumayo,8773.11,9877.21
2023-07-29,24,PT1H,MC-BajoPutumayo,7705.46,8525.94
2025-09-03,1,PT1H,MC-BajoPutumayo,7700.88,8179.5
2025-09-03,2,PT1H,MC-BajoPutumayo,7134.56,7699.2
2025-09-03,3,PT1H,MC-BajoPutumayo,6884.04,7423.9
2025-09-03,4,PT1H,MC-BajoPutumayo,6816.27,7322.8
2025-09-03,5,PT1H,MC-BajoPutumayo,6892.28,7319.6
2025-09-03,6,PT1H,MC-BajoPutumayo,7627.48,7994.8
2025-09-03,7,PT1H,MC-BajoPutumayo,8500.56,8746.8
2025-09-03,8,PT1H,MC-BajoPutumayo,9245.91,9108.9
2025-09-03,9,PT1H,MC-BajoPutumayo,10553.65,10204.5
2025-09-03,10,PT1H,MC-BajoPutumayo,11600.87,11323.6
2025-09-03,11,PT1H,MC-BajoPutumayo,12621.37,12175.0
2025-09-03,12,PT1H,MC-BajoPutumayo,13463.47,12754.8
2025-09-03,13,PT1H,MC-BajoPutumayo,13147.34,12204.7
2025-09-03,14,PT1H,MC-BajoPutumayo,13168.07,12242.7
2025-09-03,15,PT1H,MC-BajoPutumayo,13753.87,13044.5
2025-09-03,16,PT1H,MC-BajoPutumayo,14180.94,13219.5
2025-09-03,17,PT1H,MC-BajoPutumayo,14135.14,13275.6
2025-09-03,18,PT1H,MC-BajoPutumayo,13704.44,13058.7
2025-09-03,19,PT1H,MC-BajoPutumayo,14901.26,13930.3
2025-09-03,20,PT1H,MC-BajoPutumayo,15223.45,14174.1
2025-09-03,21,PT1H,MC-BajoPutumayo,14298.61,13279.3
2025-09-03,22,PT1H,MC-BajoPutumayo,12832.59,11651.3
2025-09-03,23,PT1H,MC-BajoPutumayo,10833.67,9925.8
2025-09-03,24,PT1H,MC-BajoPutumayo,9266.42,8651.6
2022-04-29,1,PT1H,MC-BajoPutumayo,7217.5,7230.81
2022-04-29,2,PT1H,MC-BajoPutumayo,6777.72,6775.66
2022-04-29,3,PT1H,MC-BajoPutumayo,6423.21,6509.82
2022-04-29,4,PT1H,MC-BajoPutumayo,6363.43,6396.05
2022-04-29,5,PT1H,MC-BajoPutumayo,6419.62,6358.49
2022-04-29,6,PT1H,MC-BajoPutumayo,6798.98,6689.3
2022-04-29,7,PT1H,MC-BajoPutumayo,7165.66,7241.63
2022-04-29,8,PT1H,MC-BajoPutumayo,8151.16,7740.25
2022-04-29,9,PT1H,MC-BajoPutumayo,9151.35,8712.43
2022-04-29,10,PT1H,MC-BajoPutumayo,9876.24,9319.05
2022-04-29,11,PT1H,MC-BajoPutumayo,10132.44,9937.01
2022-04-29,12,PT1H,MC-BajoPutumayo,10332.88,10321.89
2022-04-29,13,PT1H,MC-BajoPutumayo,9864.32,10208.36
2022-04-29,14,PT1H,MC-BajoPutumayo,9815.32,10425.44
2022-04-29,15,PT1H,MC-BajoPutumayo,10012.81,10933.67
2022-04-29,16,PT1H,MC-BajoPutumayo,10205.82,10859.0
2022-04-29,17,PT1H,MC-BajoPutumayo,10453.63,10703.07
2022-04-29,18,PT1H,MC-BajoPutumayo,10546.1,10588.01
2022-04-29,19,PT1H,MC-BajoPutumayo,11724.14,11613.07
2022-04-29,20,PT1H,MC-BajoPutumayo,12050.15,12100.98
2022-04-29,21,PT1H,MC-BajoPutumayo,11010.15,11530.74
2022-04-29,22,PT1H,MC-BajoPutumayo,10491.91,10502.84
2022-04-29,23,PT1H,MC-BajoPutumayo,9004.53,9298.76
2022-04-29,24,PT1H,MC-BajoPutumayo,7568.5,8038.8
2023-11-30,18,PT1H,MC-BajoPutumayo,12612.79,12675.22
2023-11-30,19,PT1H,MC-BajoPutumayo,13749.78,14016.25
2023-11-30,20,PT1H,MC-BajoPutumayo,13733.64,13984.94
2023-11-30,21,PT1H,MC-BajoPutumayo,12920.24,12784.95
2023-11-30,22,PT1H,MC-BajoPutumayo,11660.02,11796.17
2023-11-30,23,PT1H,MC-BajoPutumayo,10179.78,10227.49
2023-11-30,24,PT1H,MC-BajoPutumayo,8949.05,8870.72
2023-11-30,1,PT1H,MC-BajoPutumayo,7041.19,7923.32
2023-11-30,2,PT1H,MC-BajoPutumayo,6583.46,7470.82
2023-11-30,3,PT1H,MC-BajoPutumayo,6396.52,7201.65
2023-11-30,4,PT1H,MC-BajoPutumayo,6306.03,7052.91
2023-11-30,5,PT1H,MC-BajoPutumayo,6374.7,7050.78
2023-11-30,6,PT1H,MC-BajoPutumayo,6687.21,7546.18
2023-11-30,7,PT1H,MC-BajoPutumayo,7167.76,8154.13
2023-11-30,8,PT1H,MC-BajoPutumayo,8287.87,8900.6
2023-11-30,9,PT1H,MC-BajoPutumayo,9431.24,10019.62
2023-11-30,10,PT1H,MC-BajoPutumayo,9948.1,10645.88
2023-11-30,11,PT1H,MC-BajoPutumayo,10978.69,11149.96
2023-11-30,12,PT1H,MC-BajoPutumayo,11991.25,11629.83
2023-11-30,13,PT1H,MC-BajoPutumayo,11902.27,11490.6
2023-11-30,14,PT1H,MC-BajoPutumayo,12053.92,11732.41
2023-11-30,15,PT1H,MC-BajoPutumayo,12504.13,12460.15
2023-11-30,16,PT1H,MC-BajoPutumayo,12636.97,12692.46
2023-11-30,17,PT1H,MC-BajoPutumayo,12701.08,12775.77
2025-06-24,1,PT1H,MC-BajoPutumayo,8452.68,7982.3
2025-06-24,2,PT1H,MC-BajoPutumayo,7947.01,7371.3
2025-06-24,3,PT1H,MC-BajoPutumayo,7663.02,7266.9
2025-06-24,4,PT1H,MC-BajoPutumayo,7506.3,7103.1
2025-06-24,5,PT1H,MC-BajoPutumayo,7427.33,7164.6
2025-06-24,6,PT1H,MC-BajoPutumayo,7781.48,7379.3
2025-06-24,7,PT1H,MC-BajoPutumayo,8178.48,7821.3
2025-06-24,8,PT1H,MC-BajoPutumayo,9165.47,8704.1
2025-06-24,9,PT1H,MC-BajoPutumayo,10574.31,9730.1
2025-06-24,10,PT1H,MC-BajoPutumayo,11745.0,10341.9
2025-06-24,11,PT1H,MC-BajoPutumayo,12743.9,10934.4
2025-06-24,12,PT1H,MC-BajoPutumayo,13209.32,11477.3
2025-06-24,13,PT1H,MC-BajoPutumayo,12592.03,11470.7
2025-06-24,14,PT1H,MC-BajoPutumayo,12016.51,11351.9
2025-06-24,15,PT1H,MC-BajoPutumayo,11264.61,11656.7
2025-06-24,16,PT1H,MC-BajoPutumayo,12057.25,11701.3
2025-06-24,17,PT1H,MC-BajoPutumayo,12388.56,11755.7
2025-06-24,18,PT1H,MC-BajoPutumayo,12521.32,11714.4
2025-06-24,19,PT1H,MC-BajoPutumayo,13514.21,13746.2
2025-06-24,20,PT1H,MC-BajoPutumayo,13724.16,14782.8
2025-06-24,21,PT1H,MC-BajoPutumayo,12724.86,13843.5
2025-06-24,22,PT1H,MC-BajoPutumayo,11313.81,12578.3
2025-06-24,23,PT1H,MC-BajoPutumayo,9793.42,10788.7
2025-06-24,24,PT1H,MC-BajoPutumayo,8589.74,9489.1
2025-06-29,1,PT1H,MC-BajoPutumayo,8517.41,7327.1
2025-06-29,2,PT1H,MC-BajoPutumayo,7947.0,6951.4
2025-06-29,3,PT1H,MC-BajoPutumayo,7494.45,6697.8
2025-06-29,4,PT1H,MC-BajoPutumayo,7266.25,6567.7
2025-06-29,5,PT1H,MC-BajoPutumayo,7093.01,6706.7
2025-06-29,6,PT1H,MC-BajoPutumayo,7095.18,7294.9
2025-06-29,7,PT1H,MC-BajoPutumayo,7260.13,8030.9
2025-06-29,8,PT1H,MC-BajoPutumayo,8006.82,8654.7
2025-06-29,9,PT1H,MC-BajoPutumayo,9205.24,9456.2
2025-06-29,10,PT1H,MC-BajoPutumayo,10121.31,10002.3
2025-06-29,11,PT1H,MC-BajoPutumayo,10948.25,10666.4
2025-06-29,12,PT1H,MC-BajoPutumayo,11488.64,11277.6
2025-06-29,13,PT1H,MC-BajoPutumayo,11645.62,11052.9
2025-06-29,14,PT1H,MC-BajoPutumayo,11284.06,11100.1
2025-06-29,15,PT1H,MC-BajoPutumayo,11157.23,11761.1
2025-06-29,16,PT1H,MC-BajoPutumayo,10918.6,11938.9
2025-06-29,17,PT1H,MC-BajoPutumayo,10842.79,11883.1
2025-06-29,18,PT1H,MC-BajoPutumayo,10993.96,11812.8
2025-06-29,19,PT1H,MC-BajoPutumayo,12049.49,13619.1
2025-06-29,20,PT1H,MC-BajoPutumayo,12764.82,14202.4
2025-06-29,21,PT1H,MC-BajoPutumayo,12297.66,13615.1
2025-06-29,22,PT1H,MC-BajoPutumayo,11571.34,12139.7
2025-06-29,23,PT1H,MC-BajoPutumayo,10294.07,9995.8
2025-06-29,24,PT1H,MC-BajoPutumayo,9197.67,8308.0
2024-07-08,1,PT1H,MC-BajoPutumayo,6601.43,7628.9
2024-07-08,2,PT1H,MC-BajoPutumayo,6307.63,7208.7
2024-07-08,3,PT1H,MC-BajoPutumayo,6176.2,6860.7
2024-07-08,4,PT1H,MC-BajoPutumayo,6054.95,6769.8
2024-07-08,5,PT1H,MC-BajoPutumayo,6081.64,6686.8
2024-07-08,6,PT1H,MC-BajoPutumayo,6405.08,6984.7
2024-07-08,7,PT1H,MC-BajoPutumayo,7224.49,7412.6
2024-07-08,8,PT1H,MC-BajoPutumayo,8352.31,8446.6
2024-07-08,9,PT1H,MC-BajoPutumayo,9718.97,9641.0
2024-07-08,10,PT1H,MC-BajoPutumayo,11008.13,10536.5
2024-07-08,11,PT1H,MC-BajoPutumayo,11624.84,11301.8
2024-07-08,12,PT1H,MC-BajoPutumayo,12228.06,11952.4
2024-07-08,13,PT1H,MC-BajoPutumayo,12028.91,11677.3
2024-07-08,14,PT1H,MC-BajoPutumayo,12275.38,11694.9
2024-07-08,15,PT1H,MC-BajoPutumayo,13212.15,12104.0
2024-07-08,16,PT1H,MC-BajoPutumayo,13327.94,11939.6
2024-07-08,17,PT1H,MC-BajoPutumayo,13266.83,12082.0
2024-07-08,18,PT1H,MC-BajoPutumayo,12528.6,11926.4
2024-07-08,19,PT1H,MC-BajoPutumayo,13296.03,13023.1
2024-07-08,20,PT1H,MC-BajoPutumayo,13508.9,13151.7
2024-07-08,21,PT1H,MC-BajoPutumayo,12803.31,12399.0
2024-07-08,22,PT1H,MC-BajoPutumayo,11374.79,11223.7
2024-07-08,23,PT1H,MC-BajoPutumayo,9754.92,9555.5
2024-07-08,24,PT1H,MC-BajoPutumayo,8521.27,8271.1
2025-12-03,1,PT1H,MC-BajoPutumayo,9065.71,8815.7
2025-12-03,2,PT1H,MC-BajoPutumayo,8649.31,8276.2
2025-12-03,3,PT1H,MC-BajoPutumayo,8493.26,7937.7
2025-12-03,4,PT1H,MC-BajoPutumayo,8295.13,7755.8
2025-12-03,5,PT1H,MC-BajoPutumayo,8277.8,7826.1
2025-12-03,6,PT1H,MC-BajoPutumayo,8585.73,8468.9
2025-12-03,7,PT1H,MC-BajoPutumayo,10223.72,9549.6
2025-12-03,8,PT1H,MC-BajoPutumayo,10283.26,11183.5
2025-12-03,9,PT1H,MC-BajoPutumayo,12050.01,12379.4
2025-12-03,10,PT1H,MC-BajoPutumayo,12794.44,12331.7
2025-12-03,11,PT1H,MC-BajoPutumayo,13694.94,12525.1
2025-12-03,12,PT1H,MC-BajoPutumayo,14415.43,13316.6
2025-12-03,13,PT1H,MC-BajoPutumayo,14405.55,12994.7
2025-12-03,14,PT1H,MC-BajoPutumayo,14922.58,13528.0
2025-12-03,15,PT1H,MC-BajoPutumayo,15984.84,14452.7
2025-12-03,16,PT1H,MC-BajoPutumayo,16221.58,14529.6
2025-12-03,17,PT1H,MC-BajoPutumayo,16027.75,14353.5
2025-12-03,18,PT1H,MC-BajoPutumayo,16171.3,14558.5
2025-12-03,19,PT1H,MC-BajoPutumayo,17345.34,15766.3
2025-12-03,20,PT1H,MC-BajoPutumayo,16760.54,15736.0
2025-12-03,21,PT1H,MC-BajoPutumayo,15608.76,14494.9
2025-12-03,22,PT1H,MC-BajoPutumayo,14095.73,12757.0
2025-12-03,23,PT1H,MC-BajoPutumayo,11706.87,10640.6
2025-12-03,24,PT1H,MC-BajoPutumayo,10455.24,9196.1
2024-07-05,1,PT1H,MC-BajoPutumayo,7242.43,7274.9
2024-07-05,2,PT1H,MC-BajoPutumayo,6867.75,6865.2
2024-07-05,3,PT1H,MC-BajoPutumayo,6627.04,6556.4
2024-07-05,4,PT1H,MC-BajoPutumayo,6487.79,6449.1
2024-07-05,5,PT1H,MC-BajoPutumayo,6576.29,6550.4
2024-07-05,6,PT1H,MC-BajoPutumayo,7011.9,7067.9
2024-07-05,7,PT1H,MC-BajoPutumayo,7329.74,7711.9
2024-07-05,8,PT1H,MC-BajoPutumayo,8507.44,8705.9
2024-07-05,9,PT1H,MC-BajoPutumayo,9632.02,9549.8
2024-07-05,10,PT1H,MC-BajoPutumayo,10134.78,10361.5
2024-07-05,11,PT1H,MC-BajoPutumayo,10693.18,10712.6
2024-07-05,12,PT1H,MC-BajoPutumayo,11198.46,10915.3
2024-07-05,13,PT1H,MC-BajoPutumayo,10770.65,10566.9
2024-07-05,14,PT1H,MC-BajoPutumayo,11021.13,10780.9
2024-07-05,15,PT1H,MC-BajoPutumayo,11861.18,11252.0
2024-07-05,16,PT1H,MC-BajoPutumayo,12411.63,11285.3
2024-07-05,17,PT1H,MC-BajoPutumayo,12331.43,11216.1
2024-07-05,18,PT1H,MC-BajoPutumayo,12070.72,11228.6
2024-07-05,19,PT1H,MC-BajoPutumayo,13055.29,12532.1
2024-07-05,20,PT1H,MC-BajoPutumayo,13262.42,12683.1
2024-07-05,21,PT1H,MC-BajoPutumayo,12503.75,11879.3
2024-07-05,22,PT1H,MC-BajoPutumayo,11269.84,10853.9
2024-07-05,23,PT1H,MC-BajoPutumayo,9789.15,9281.5
2024-07-05,24,PT1H,MC-BajoPutumayo,8610.12,8175.5
2022-12-09,1,PT1H,MC-BajoPutumayo,8034.56,7581.55
2022-12-09,2,PT1H,MC-BajoPutumayo,7551.24,7069.17
2022-12-09,3,PT1H,MC-BajoPutumayo,7180.2,6830.68
2022-12-09,4,PT1H,MC-BajoPutumayo,7101.66,6789.52
2022-12-09,5,PT1H,MC-BajoPutumayo,7210.92,6832.46
2022-12-09,6,PT1H,MC-BajoPutumayo,7497.41,7313.65
2022-12-09,7,PT1H,MC-BajoPutumayo,7853.2,8143.4
2022-12-09,8,PT1H,MC-BajoPutumayo,8605.63,9103.39
2022-12-09,9,PT1H,MC-BajoPutumayo,9754.9,10267.6
2022-12-09,10,PT1H,MC-BajoPutumayo,11220.55,11191.29
2022-12-09,11,PT1H,MC-BajoPutumayo,12308.07,12182.53
2022-12-09,12,PT1H,MC-BajoPutumayo,12860.58,12862.77
2022-12-09,13,PT1H,MC-BajoPutumayo,13062.32,12534.88
2022-12-09,14,PT1H,MC-BajoPutumayo,12375.13,12847.04
2022-12-09,15,PT1H,MC-BajoPutumayo,13582.28,13512.41
2022-12-09,16,PT1H,MC-BajoPutumayo,14230.77,13660.99
2022-12-09,17,PT1H,MC-BajoPutumayo,13951.51,13414.07
2022-12-09,18,PT1H,MC-BajoPutumayo,13755.17,13294.97
2022-12-09,19,PT1H,MC-BajoPutumayo,14515.9,14474.36
2022-12-09,20,PT1H,MC-BajoPutumayo,12426.3,14329.51
2022-12-09,21,PT1H,MC-BajoPutumayo,12897.06,13382.36
2022-12-09,22,PT1H,MC-BajoPutumayo,13074.23,12223.94
2022-12-09,23,PT1H,MC-BajoPutumayo,12189.16,10742.38
2022-12-09,24,PT1H,MC-BajoPutumayo,11764.05,9337.28
2023-01-21,1,PT1H,MC-BajoPutumayo,7132.55,7092.24
2023-01-21,2,PT1H,MC-BajoPutumayo,6539.94,6601.98
2023-01-21,3,PT1H,MC-BajoPutumayo,6269.04,6259.94
2023-01-21,4,PT1H,MC-BajoPutumayo,6078.87,6065.7
2023-01-21,5,PT1H,MC-BajoPutumayo,6053.24,5970.12
2023-01-21,6,PT1H,MC-BajoPutumayo,6281.27,5935.83
2023-01-21,7,PT1H,MC-BajoPutumayo,6656.0,6320.78
2023-01-21,8,PT1H,MC-BajoPutumayo,7619.08,7359.06
2023-01-21,9,PT1H,MC-BajoPutumayo,8782.53,8509.05
2023-01-21,10,PT1H,MC-BajoPutumayo,9635.55,9445.78
2023-01-21,11,PT1H,MC-BajoPutumayo,10321.94,10149.32
2023-01-21,12,PT1H,MC-BajoPutumayo,10759.62,10781.17
2023-01-21,13,PT1H,MC-BajoPutumayo,10141.21,10820.78
2023-01-21,14,PT1H,MC-BajoPutumayo,9668.31,10879.4
2023-01-21,15,PT1H,MC-BajoPutumayo,9737.19,11153.96
2023-01-21,16,PT1H,MC-BajoPutumayo,9773.38,11201.53
2023-01-21,17,PT1H,MC-BajoPutumayo,9976.45,10996.66
2023-01-21,18,PT1H,MC-BajoPutumayo,10049.78,11037.81
2023-01-21,19,PT1H,MC-BajoPutumayo,11294.99,12267.9
2023-01-21,20,PT1H,MC-BajoPutumayo,11855.63,12297.76
2023-01-21,21,PT1H,MC-BajoPutumayo,11089.78,11599.09
2023-01-21,22,PT1H,MC-BajoPutumayo,10060.26,10737.81
2023-01-21,23,PT1H,MC-BajoPutumayo,8807.09,9532.28
2023-01-21,24,PT1H,MC-BajoPutumayo,7705.42,8219.45
2023-01-13,1,PT1H,MC-BajoPutumayo,6693.64,7190.14
2023-01-13,2,PT1H,MC-BajoPutumayo,6277.75,6690.1
2023-01-13,3,PT1H,MC-BajoPutumayo,6046.76,6395.68
2023-01-13,4,PT1H,MC-BajoPutumayo,5907.9,6154.06
2023-01-13,5,PT1H,MC-BajoPutumayo,5978.44,6141.8
2023-01-13,6,PT1H,MC-BajoPutumayo,6328.88,6513.47
2023-01-13,7,PT1H,MC-BajoPutumayo,6674.3,6838.52
2023-01-13,8,PT1H,MC-BajoPutumayo,7823.19,7775.56
2023-01-13,9,PT1H,MC-BajoPutumayo,8952.31,8970.31
2023-01-13,10,PT1H,MC-BajoPutumayo,10064.55,10179.79
2023-01-13,11,PT1H,MC-BajoPutumayo,10944.52,11100.38
2023-01-13,12,PT1H,MC-BajoPutumayo,11748.15,11632.79
2023-01-13,13,PT1H,MC-BajoPutumayo,11520.1,11467.04
2023-01-13,14,PT1H,MC-BajoPutumayo,11564.34,11340.15
2023-01-13,15,PT1H,MC-BajoPutumayo,12211.86,11907.0
2023-01-13,16,PT1H,MC-BajoPutumayo,12216.25,12097.08
2023-01-13,17,PT1H,MC-BajoPutumayo,12028.59,11988.48
2023-01-13,18,PT1H,MC-BajoPutumayo,11788.11,11519.04
2023-01-13,19,PT1H,MC-BajoPutumayo,12493.72,12395.17
2023-01-13,20,PT1H,MC-BajoPutumayo,13095.25,12404.97
2023-01-13,21,PT1H,MC-BajoPutumayo,12203.19,11646.75
2023-01-13,22,PT1H,MC-BajoPutumayo,11074.8,10581.84
2023-01-13,23,PT1H,MC-BajoPutumayo,9123.12,9226.24
2023-01-13,24,PT1H,MC-BajoPutumayo,7760.75,8057.06
2023-05-19,1,PT1H,MC-BajoPutumayo,8671.43,7120.71
2023-05-19,2,PT1H,MC-BajoPutumayo,8149.51,6720.98
2023-05-19,3,PT1H,MC-BajoPutumayo,7882.51,6542.08
2023-05-19,4,PT1H,MC-BajoPutumayo,7485.98,6437.45
2023-05-19,5,PT1H,MC-BajoPutumayo,7586.61,6565.19
2023-05-19,6,PT1H,MC-BajoPutumayo,7696.63,7284.25
2023-05-19,7,PT1H,MC-BajoPutumayo,7481.27,8016.32
2023-05-19,8,PT1H,MC-BajoPutumayo,8700.92,8703.85
2023-05-19,9,PT1H,MC-BajoPutumayo,10242.86,9739.62
2023-05-19,10,PT1H,MC-BajoPutumayo,10969.07,10550.29
2023-05-19,11,PT1H,MC-BajoPutumayo,11435.63,11231.57
2023-05-19,12,PT1H,MC-BajoPutumayo,11629.97,11880.74
2023-05-19,13,PT1H,MC-BajoPutumayo,11047.01,11684.57
2023-05-19,14,PT1H,MC-BajoPutumayo,11262.69,12064.61
2023-05-19,15,PT1H,MC-BajoPutumayo,12413.27,12876.66
2023-05-19,16,PT1H,MC-BajoPutumayo,12929.67,13054.87
2023-05-19,17,PT1H,MC-BajoPutumayo,12758.38,12917.65
2023-05-19,18,PT1H,MC-BajoPutumayo,12590.1,12779.31
2023-05-19,19,PT1H,MC-BajoPutumayo,13716.15,13835.34
2023-05-19,20,PT1H,MC-BajoPutumayo,13861.47,14004.58
2023-05-19,21,PT1H,MC-BajoPutumayo,13024.72,13106.53
2023-05-19,22,PT1H,MC-BajoPutumayo,11941.48,12061.06
2023-05-19,23,PT1H,MC-BajoPutumayo,10437.75,10421.69
2023-05-19,24,PT1H,MC-BajoPutumayo,9187.12,9057.07
2025-05-17,1,PT1H,MC-BajoPutumayo,7903.76,8561.1
2025-05-17,2,PT1H,MC-BajoPutumayo,7257.09,7928.1
2025-05-17,3,PT1H,MC-BajoPutumayo,6954.5,7581.1
2025-05-17,4,PT1H,MC-BajoPutumayo,6802.62,7385.8
2025-05-17,5,PT1H,MC-BajoPutumayo,6791.23,7314.3
2025-05-17,6,PT1H,MC-BajoPutumayo,7058.88,7489.0
2025-05-17,7,PT1H,MC-BajoPutumayo,7563.45,7790.1
2025-05-17,8,PT1H,MC-BajoPutumayo,8596.38,8806.0
2025-05-17,9,PT1H,MC-BajoPutumayo,10016.53,10042.9
2025-05-17,10,PT1H,MC-BajoPutumayo,11085.5,11063.5
2025-05-17,11,PT1H,MC-BajoPutumayo,11785.48,11760.3
2025-05-17,12,PT1H,MC-BajoPutumayo,12534.86,12314.6
2025-05-17,13,PT1H,MC-BajoPutumayo,12530.28,12408.9
2025-05-17,14,PT1H,MC-BajoPutumayo,12460.37,12384.5
2025-05-17,15,PT1H,MC-BajoPutumayo,12843.91,12530.4
2025-05-17,16,PT1H,MC-BajoPutumayo,12584.43,12568.8
2025-05-17,17,PT1H,MC-BajoPutumayo,12428.43,12504.5
2025-05-17,18,PT1H,MC-BajoPutumayo,12470.75,12463.6
2025-05-17,19,PT1H,MC-BajoPutumayo,13754.38,13708.6
2025-05-17,20,PT1H,MC-BajoPutumayo,13990.88,13951.9
2025-05-17,21,PT1H,MC-BajoPutumayo,13167.92,13088.6
2025-05-17,22,PT1H,MC-BajoPutumayo,12078.45,12114.5
2025-05-17,23,PT1H,MC-BajoPutumayo,10803.67,10882.8
2025-05-17,24,PT1H,MC-BajoPutumayo,9625.53,9720.5
2023-07-05,1,PT1H,MC-BajoPutumayo,7711.98,7004.12
2023-07-05,2,PT1H,MC-BajoPutumayo,7224.9,6507.01
2023-07-05,3,PT1H,MC-BajoPutumayo,6990.09,6352.81
2023-07-05,4,PT1H,MC-BajoPutumayo,6828.26,6074.8
2023-07-05,5,PT1H,MC-BajoPutumayo,6828.11,6164.66
2023-07-05,6,PT1H,MC-BajoPutumayo,7176.96,5771.57
2023-07-05,7,PT1H,MC-BajoPutumayo,7567.21,6350.35
2023-07-05,8,PT1H,MC-BajoPutumayo,8505.98,7896.95
2023-07-05,9,PT1H,MC-BajoPutumayo,9563.74,8999.09
2023-07-05,10,PT1H,MC-BajoPutumayo,10799.93,9673.63
2023-07-05,11,PT1H,MC-BajoPutumayo,11300.18,9996.73
2023-07-05,12,PT1H,MC-BajoPutumayo,11671.34,10481.08
2023-07-05,13,PT1H,MC-BajoPutumayo,11558.2,10557.63
2023-07-05,14,PT1H,MC-BajoPutumayo,11901.46,10580.57
2023-07-05,15,PT1H,MC-BajoPutumayo,11142.32,10575.35
2023-07-05,16,PT1H,MC-BajoPutumayo,13089.01,10791.24
2023-07-05,17,PT1H,MC-BajoPutumayo,13037.12,10476.22
2023-07-05,18,PT1H,MC-BajoPutumayo,12666.84,10372.3
2023-07-05,19,PT1H,MC-BajoPutumayo,13344.53,12347.84
2023-07-05,20,PT1H,MC-BajoPutumayo,13712.14,13120.45
2023-07-05,21,PT1H,MC-BajoPutumayo,12825.82,12314.08
2023-07-05,22,PT1H,MC-BajoPutumayo,10790.2,11119.47
2023-07-05,23,PT1H,MC-BajoPutumayo,8655.49,9461.59
2023-07-05,24,PT1H,MC-BajoPutumayo,7651.17,8148.06
2022-10-16,1,PT1H,MC-BajoPutumayo,7543.09,7283.25
2022-10-16,2,PT1H,MC-BajoPutumayo,7108.76,6843.42
2022-10-16,3,PT1H,MC-BajoPutumayo,6761.07,6470.2
2022-10-16,4,PT1H,MC-BajoPutumayo,6519.72,6136.94
2022-10-16,5,PT1H,MC-BajoPutumayo,6397.52,6025.22
2022-10-16,6,PT1H,MC-BajoPutumayo,6447.07,6215.9
2022-10-16,7,PT1H,MC-BajoPutumayo,6586.62,6525.3
2022-10-16,8,PT1H,MC-BajoPutumayo,7220.7,7457.48
2022-10-16,9,PT1H,MC-BajoPutumayo,8259.29,8735.91
2022-10-16,10,PT1H,MC-BajoPutumayo,8822.99,9668.09
2022-10-16,11,PT1H,MC-BajoPutumayo,9417.74,10218.53
2022-10-16,12,PT1H,MC-BajoPutumayo,10274.13,10831.11
2022-10-16,13,PT1H,MC-BajoPutumayo,10432.85,10919.88
2022-10-16,14,PT1H,MC-BajoPutumayo,10642.96,10680.18
2022-10-16,15,PT1H,MC-BajoPutumayo,10514.31,11230.61
2022-10-16,16,PT1H,MC-BajoPutumayo,10471.28,11177.35
2022-10-16,17,PT1H,MC-BajoPutumayo,10213.99,11248.37
2022-10-16,18,PT1H,MC-BajoPutumayo,10624.09,11008.66
2022-10-16,19,PT1H,MC-BajoPutumayo,11979.61,12322.6
2022-10-16,20,PT1H,MC-BajoPutumayo,11866.31,12535.67
2022-10-16,21,PT1H,MC-BajoPutumayo,11201.68,11621.24
2022-10-16,22,PT1H,MC-BajoPutumayo,10462.07,10032.09
2022-10-16,23,PT1H,MC-BajoPutumayo,9378.79,8851.32
2022-10-16,24,PT1H,MC-BajoPutumayo,8356.41,7501.87
2025-09-09,1,PT1H,MC-BajoPutumayo,8641.38,8018.9
2025-09-09,2,PT1H,MC-BajoPutumayo,8073.36,7493.9
2025-09-09,3,PT1H,MC-BajoPutumayo,7747.23,7199.0
2025-09-09,4,PT1H,MC-BajoPutumayo,7491.18,7027.5
2025-09-09,5,PT1H,MC-BajoPutumayo,7499.18,7082.7
2025-09-09,6,PT1H,MC-BajoPutumayo,8398.7,7871.2
2025-09-09,7,PT1H,MC-BajoPutumayo,8884.98,8663.1
2025-09-09,8,PT1H,MC-BajoPutumayo,9787.28,9366.1
2025-09-09,9,PT1H,MC-BajoPutumayo,10809.97,10457.3
2025-09-09,10,PT1H,MC-BajoPutumayo,11411.13,11369.6
2025-09-09,11,PT1H,MC-BajoPutumayo,12334.02,12059.1
2025-09-09,12,PT1H,MC-BajoPutumayo,12874.49,12551.1
2025-09-09,13,PT1H,MC-BajoPutumayo,12533.79,12397.1
2025-09-09,14,PT1H,MC-BajoPutumayo,13082.96,12652.5
2025-09-09,15,PT1H,MC-BajoPutumayo,13730.61,13448.5
2025-09-09,16,PT1H,MC-BajoPutumayo,13755.22,13585.7
2025-09-09,17,PT1H,MC-BajoPutumayo,13669.49,13478.9
2025-09-09,18,PT1H,MC-BajoPutumayo,13732.85,13411.8
2025-09-09,19,PT1H,MC-BajoPutumayo,15107.58,14344.1
2025-09-09,20,PT1H,MC-BajoPutumayo,15120.18,14668.5
2025-09-09,21,PT1H,MC-BajoPutumayo,14060.37,13591.7
2025-09-09,22,PT1H,MC-BajoPutumayo,12560.47,12131.1
2025-09-09,23,PT1H,MC-BajoPutumayo,10630.81,10227.7
2025-09-09,24,PT1H,MC-BajoPutumayo,9146.67,8758.1
2022-01-28,1,PT1H,MC-BajoPutumayo,7455.4,7323.14
2022-01-28,2,PT1H,MC-BajoPutumayo,7027.73,7122.46
2022-01-28,3,PT1H,MC-BajoPutumayo,6733.23,6669.7
2022-01-28,4,PT1H,MC-BajoPutumayo,6769.76,6311.55
2022-01-28,5,PT1H,MC-BajoPutumayo,6730.99,6294.59
2022-01-28,6,PT1H,MC-BajoPutumayo,6760.67,6317.32
2022-01-28,7,PT1H,MC-BajoPutumayo,7126.57,6414.43
2022-01-28,8,PT1H,MC-BajoPutumayo,8138.71,7019.26
2022-01-28,9,PT1H,MC-BajoPutumayo,8917.77,8114.09
2022-01-28,10,PT1H,MC-BajoPutumayo,8298.01,8780.52
2022-01-28,11,PT1H,MC-BajoPutumayo,12143.06,9354.16
2022-01-28,12,PT1H,MC-BajoPutumayo,13119.1,9787.63
2022-01-28,13,PT1H,MC-BajoPutumayo,12113.2,9478.4
2022-01-28,14,PT1H,MC-BajoPutumayo,11416.71,9358.88
2022-01-28,15,PT1H,MC-BajoPutumayo,12060.65,9439.9
2022-01-28,16,PT1H,MC-BajoPutumayo,12918.64,9546.7
2022-01-28,17,PT1H,MC-BajoPutumayo,12550.58,9417.64
2022-01-28,18,PT1H,MC-BajoPutumayo,12082.82,9445.23
2022-01-28,19,PT1H,MC-BajoPutumayo,13410.97,10588.79
2022-01-28,20,PT1H,MC-BajoPutumayo,14571.37,11239.16
2022-01-28,21,PT1H,MC-BajoPutumayo,13214.94,10629.44
2022-01-28,22,PT1H,MC-BajoPutumayo,12403.13,9649.4
2022-01-28,23,PT1H,MC-BajoPutumayo,11143.45,8435.5
2022-01-28,24,PT1H,MC-BajoPutumayo,9719.96,7203.57
2022-03-30,1,PT1H,MC-BajoPutumayo,6239.8,7002.79
2022-03-30,2,PT1H,MC-BajoPutumayo,5917.01,6607.28
2022-03-30,3,PT1H,MC-BajoPutumayo,5773.06,6403.88
2022-03-30,4,PT1H,MC-BajoPutumayo,5790.63,6286.9
2022-03-30,5,PT1H,MC-BajoPutumayo,5864.88,6321.92
2022-03-30,6,PT1H,MC-BajoPutumayo,6471.27,6950.74
2022-03-30,7,PT1H,MC-BajoPutumayo,7367.25,7766.15
2022-03-30,8,PT1H,MC-BajoPutumayo,7916.14,8250.93
2022-03-30,9,PT1H,MC-BajoPutumayo,8753.38,9226.63
2022-03-30,10,PT1H,MC-BajoPutumayo,9238.24,9945.62
2022-03-30,11,PT1H,MC-BajoPutumayo,9903.03,10479.87
2022-03-30,12,PT1H,MC-BajoPutumayo,10345.98,10889.64
2022-03-30,13,PT1H,MC-BajoPutumayo,10329.03,10632.15
2022-03-30,14,PT1H,MC-BajoPutumayo,10812.13,10904.63
2022-03-30,15,PT1H,MC-BajoPutumayo,11702.75,11758.7
2022-03-30,16,PT1H,MC-BajoPutumayo,11998.04,11965.56
2022-03-30,17,PT1H,MC-BajoPutumayo,11948.0,12072.72
2022-03-30,18,PT1H,MC-BajoPutumayo,11633.15,11688.68
2022-03-30,19,PT1H,MC-BajoPutumayo,12606.32,12316.36
2022-03-30,20,PT1H,MC-BajoPutumayo,13103.87,12599.76
2022-03-30,21,PT1H,MC-BajoPutumayo,12487.1,11753.6
2022-03-30,22,PT1H,MC-BajoPutumayo,11381.88,10604.42
2022-03-30,23,PT1H,MC-BajoPutumayo,9492.72,8984.78
2022-03-30,24,PT1H,MC-BajoPutumayo,8097.1,7588.39
2023-08-25,1,PT1H,MC-BajoPutumayo,7657.08,7615.3
2023-08-25,2,PT1H,MC-BajoPutumayo,7438.67,7251.86
2023-08-25,3,PT1H,MC-BajoPutumayo,7015.97,7051.54
2023-08-25,4,PT1H,MC-BajoPutumayo,6842.31,6986.87
2023-08-25,5,PT1H,MC-BajoPutumayo,6846.24,6927.04
2023-08-25,6,PT1H,MC-BajoPutumayo,7366.99,7222.51
2023-08-25,7,PT1H,MC-BajoPutumayo,8075.35,8196.95
2023-08-25,8,PT1H,MC-BajoPutumayo,8654.65,8910.87
2023-08-25,9,PT1H,MC-BajoPutumayo,8564.73,10034.66
2023-08-25,10,PT1H,MC-BajoPutumayo,10347.72,10504.64
2023-08-25,11,PT1H,MC-BajoPutumayo,11464.38,11060.01
2023-08-25,12,PT1H,MC-BajoPutumayo,12457.47,11434.29
2023-08-25,13,PT1H,MC-BajoPutumayo,11150.69,11119.38
2023-08-25,14,PT1H,MC-BajoPutumayo,12187.59,11334.65
2023-08-25,15,PT1H,MC-BajoPutumayo,12186.77,11965.08
2023-08-25,16,PT1H,MC-BajoPutumayo,13739.97,12744.43
2023-08-25,17,PT1H,MC-BajoPutumayo,13993.03,13004.73
2023-08-25,18,PT1H,MC-BajoPutumayo,13531.95,12398.2
2023-08-25,19,PT1H,MC-BajoPutumayo,14186.45,13749.05
2023-08-25,20,PT1H,MC-BajoPutumayo,14460.45,14149.45
2023-08-25,21,PT1H,MC-BajoPutumayo,13714.37,13118.66
2023-08-25,22,PT1H,MC-BajoPutumayo,12597.94,11957.62
2023-08-25,23,PT1H,MC-BajoPutumayo,10996.77,10506.91
2023-08-25,24,PT1H,MC-BajoPutumayo,9843.16,8990.91
2025-04-05,1,PT1H,MC-BajoPutumayo,8192.05,7801.3
2025-04-05,2,PT1H,MC-BajoPutumayo,7678.51,7350.5
2025-04-05,3,PT1H,MC-BajoPutumayo,7349.04,7056.8
2025-04-05,4,PT1H,MC-BajoPutumayo,7155.96,6878.6
2025-04-05,5,PT1H,MC-BajoPutumayo,7093.68,6846.8
2025-04-05,6,PT1H,MC-BajoPutumayo,7325.04,7072.0
2025-04-05,7,PT1H,MC-BajoPutumayo,7770.13,7474.2
2025-04-05,8,PT1H,MC-BajoPutumayo,8695.56,8533.3
2025-04-05,9,PT1H,MC-BajoPutumayo,10023.07,9817.0
2025-04-05,10,PT1H,MC-BajoPutumayo,11060.08,10653.5
2025-04-05,11,PT1H,MC-BajoPutumayo,11506.06,11335.5
2025-04-05,12,PT1H,MC-BajoPutumayo,12051.19,11757.5
2025-04-05,13,PT1H,MC-BajoPutumayo,11917.74,11562.1
2025-04-05,14,PT1H,MC-BajoPutumayo,11979.32,11463.0
2025-04-05,15,PT1H,MC-BajoPutumayo,11984.37,11651.1
2025-04-05,16,PT1H,MC-BajoPutumayo,11781.7,11708.7
2025-04-05,17,PT1H,MC-BajoPutumayo,11669.55,11582.0
2025-04-05,18,PT1H,MC-BajoPutumayo,11624.99,11623.1
2025-04-05,19,PT1H,MC-BajoPutumayo,13098.33,12671.5
2025-04-05,20,PT1H,MC-BajoPutumayo,13534.62,12785.7
2025-04-05,21,PT1H,MC-BajoPutumayo,12828.27,11826.3
2025-04-05,22,PT1H,MC-BajoPutumayo,11723.2,11127.1
2025-04-05,23,PT1H,MC-BajoPutumayo,10391.86,9900.0
2025-04-05,24,PT1H,MC-BajoPutumayo,9045.07,8844.5
2025-12-13,1,PT1H,MC-BajoPutumayo,9409.41,9303.2
2025-12-13,2,PT1H,MC-BajoPutumayo,8874.16,8738.5
2025-12-13,3,PT1H,MC-BajoPutumayo,8474.89,8318.1
2025-12-13,4,PT1H,MC-BajoPutumayo,8230.7,8095.8
2025-12-13,5,PT1H,MC-BajoPutumayo,8175.51,8067.4
2025-12-13,6,PT1H,MC-BajoPutumayo,8147.67,8287.0
2025-12-13,7,PT1H,MC-BajoPutumayo,8674.41,9179.4
2025-12-13,8,PT1H,MC-BajoPutumayo,10125.23,10412.7
2025-12-13,9,PT1H,MC-BajoPutumayo,11907.97,11845.8
2025-12-13,10,PT1H,MC-BajoPutumayo,12718.09,12871.2
2025-12-13,11,PT1H,MC-BajoPutumayo,13948.9,14045.4
2025-12-13,12,PT1H,MC-BajoPutumayo,15001.73,14542.0
2025-12-13,13,PT1H,MC-BajoPutumayo,14977.62,14413.0
2025-12-13,14,PT1H,MC-BajoPutumayo,14935.92,14507.5
2025-12-13,15,PT1H,MC-BajoPutumayo,14588.83,14792.5
2025-12-13,16,PT1H,MC-BajoPutumayo,15493.82,15084.0
2025-12-13,17,PT1H,MC-BajoPutumayo,15344.46,14861.1
2025-12-13,18,PT1H,MC-BajoPutumayo,14274.18,15167.1
2025-12-13,19,PT1H,MC-BajoPutumayo,16830.72,16730.0
2025-12-13,20,PT1H,MC-BajoPutumayo,16444.24,16175.0
2025-12-13,21,PT1H,MC-BajoPutumayo,15187.71,15358.2
2025-12-13,22,PT1H,MC-BajoPutumayo,14004.77,13936.7
2025-12-13,23,PT1H,MC-BajoPutumayo,12699.7,12426.2
2025-12-13,24,PT1H,MC-BajoPutumayo,10225.94,11187.8
2024-03-25,1,PT1H,MC-BajoPutumayo,9234.38,7939.48
2024-03-25,2,PT1H,MC-BajoPutumayo,8780.01,7516.57
2024-03-25,3,PT1H,MC-BajoPutumayo,8281.98,7235.42
2024-03-25,4,PT1H,MC-BajoPutumayo,8080.74,6983.05
2024-03-25,5,PT1H,MC-BajoPutumayo,8067.04,6977.32
2024-03-25,6,PT1H,MC-BajoPutumayo,8229.34,7473.48
2024-03-25,7,PT1H,MC-BajoPutumayo,8378.27,8325.94
2024-03-25,8,PT1H,MC-BajoPutumayo,9199.43,8822.67
2024-03-25,9,PT1H,MC-BajoPutumayo,10278.86,9848.93
2024-03-25,10,PT1H,MC-BajoPutumayo,11172.94,10314.82
2024-03-25,11,PT1H,MC-BajoPutumayo,11806.47,10799.6
2024-03-25,12,PT1H,MC-BajoPutumayo,12202.79,11524.07
2024-03-25,13,PT1H,MC-BajoPutumayo,12369.74,11212.43
2024-03-25,14,PT1H,MC-BajoPutumayo,12480.78,11307.23
2024-03-25,15,PT1H,MC-BajoPutumayo,12614.35,11909.33
2024-03-25,16,PT1H,MC-BajoPutumayo,12735.97,12084.39
2024-03-25,17,PT1H,MC-BajoPutumayo,12816.46,12080.36
2024-03-25,18,PT1H,MC-BajoPutumayo,12756.12,11828.36
2024-03-25,19,PT1H,MC-BajoPutumayo,13638.79,12583.24
2024-03-25,20,PT1H,MC-BajoPutumayo,13966.82,13213.12
2024-03-25,21,PT1H,MC-BajoPutumayo,13419.26,12499.9
2024-03-25,22,PT1H,MC-BajoPutumayo,12629.26,11380.84
2024-03-25,23,PT1H,MC-BajoPutumayo,11267.96,9806.3
2024-03-25,24,PT1H,MC-BajoPutumayo,9953.15,8522.85
2025-05-21,1,PT1H,MC-BajoPutumayo,7615.82,7748.9
2025-05-21,2,PT1H,MC-BajoPutumayo,7107.42,7267.9
2025-05-21,3,PT1H,MC-BajoPutumayo,6878.39,6983.2
2025-05-21,4,PT1H,MC-BajoPutumayo,6768.12,6791.8
2025-05-21,5,PT1H,MC-BajoPutumayo,7093.07,6807.8
2025-05-21,6,PT1H,MC-BajoPutumayo,7625.68,7328.5
2025-05-21,7,PT1H,MC-BajoPutumayo,8352.84,7937.6
2025-05-21,8,PT1H,MC-BajoPutumayo,8934.33,8495.2
2025-05-21,9,PT1H,MC-BajoPutumayo,10189.11,9606.8
2025-05-21,10,PT1H,MC-BajoPutumayo,11040.55,10350.5
2025-05-21,11,PT1H,MC-BajoPutumayo,11659.44,10818.8
2025-05-21,12,PT1H,MC-BajoPutumayo,12070.08,11538.9
2025-05-21,13,PT1H,MC-BajoPutumayo,11467.88,11393.6
2025-05-21,14,PT1H,MC-BajoPutumayo,11677.46,11461.7
2025-05-21,15,PT1H,MC-BajoPutumayo,12868.01,12408.2
2025-05-21,16,PT1H,MC-BajoPutumayo,13279.61,12702.6
2025-05-21,17,PT1H,MC-BajoPutumayo,13384.82,12699.8
2025-05-21,18,PT1H,MC-BajoPutumayo,13037.48,12452.8
2025-05-21,19,PT1H,MC-BajoPutumayo,14149.87,13346.0
2025-05-21,20,PT1H,MC-BajoPutumayo,14575.91,13585.2
2025-05-21,21,PT1H,MC-BajoPutumayo,13707.66,12846.3
2025-05-21,22,PT1H,MC-BajoPutumayo,12221.71,11790.0
2025-05-21,23,PT1H,MC-BajoPutumayo,10513.29,10230.8
2025-05-21,24,PT1H,MC-BajoPutumayo,9004.62,8728.8
2022-01-22,1,PT1H,MC-BajoPutumayo,6696.94,8148.99
2022-01-22,2,PT1H,MC-BajoPutumayo,6373.84,7708.16
2022-01-22,3,PT1H,MC-BajoPutumayo,6372.01,6868.0
2022-01-22,4,PT1H,MC-BajoPutumayo,6850.21,6517.1
2022-01-22,5,PT1H,MC-BajoPutumayo,5678.03,6445.26
2022-01-22,6,PT1H,MC-BajoPutumayo,4839.8,6547.23
2022-01-22,7,PT1H,MC-BajoPutumayo,-3.19,0.0
2022-01-22,8,PT1H,MC-BajoPutumayo,0.01,0.0
2022-01-22,9,PT1H,MC-BajoPutumayo,0.01,0.0
2022-01-22,10,PT1H,MC-BajoPutumayo,0.01,0.0
2022-01-22,11,PT1H,MC-BajoPutumayo,0.01,0.0
2022-01-22,12,PT1H,MC-BajoPutumayo,0.01,0.0
2022-01-22,13,PT1H,MC-BajoPutumayo,0.01,0.0
2022-01-22,14,PT1H,MC-BajoPutumayo,0.01,0.0
2022-01-22,15,PT1H,MC-BajoPutumayo,0.0,7549.65
2022-01-22,16,PT1H,MC-BajoPutumayo,0.0,7626.03
2022-01-22,17,PT1H,MC-BajoPutumayo,0.0,7470.18
2022-01-22,18,PT1H,MC-BajoPutumayo,4947.49,10673.87
2022-01-22,19,PT1H,MC-BajoPutumayo,8927.1,12016.28
2022-01-22,20,PT1H,MC-BajoPutumayo,10841.62,13023.54
2022-01-22,21,PT1H,MC-BajoPutumayo,15230.71,12468.69
2022-01-22,22,PT1H,MC-BajoPutumayo,13218.32,11422.72
2022-01-22,23,PT1H,MC-BajoPutumayo,11163.9,10059.46
2022-01-22,24,PT1H,MC-BajoPutumayo,9770.41,8967.13
2024-03-03,1,PT1H,MC-BajoPutumayo,8276.06,7274.39
2024-03-03,2,PT1H,MC-BajoPutumayo,7787.12,6822.83
2024-03-03,3,PT1H,MC-BajoPutumayo,7431.66,6420.88
2024-03-03,4,PT1H,MC-BajoPutumayo,7262.49,6345.69
2024-03-03,5,PT1H,MC-BajoPutumayo,7150.86,6465.26
2024-03-03,6,PT1H,MC-BajoPutumayo,7156.22,6984.36
2024-03-03,7,PT1H,MC-BajoPutumayo,7342.7,7398.48
2024-03-03,8,PT1H,MC-BajoPutumayo,8034.68,8263.56
2024-03-03,9,PT1H,MC-BajoPutumayo,9047.39,9549.35
2024-03-03,10,PT1H,MC-BajoPutumayo,9623.17,10418.0
2024-03-03,11,PT1H,MC-BajoPutumayo,9811.18,11039.0
2024-03-03,12,PT1H,MC-BajoPutumayo,10027.72,11595.79
2024-03-03,13,PT1H,MC-BajoPutumayo,10015.75,11407.77
2024-03-03,14,PT1H,MC-BajoPutumayo,10015.96,11487.89
2024-03-03,15,PT1H,MC-BajoPutumayo,10199.45,12067.92
2024-03-03,16,PT1H,MC-BajoPutumayo,10328.73,12058.28
2024-03-03,17,PT1H,MC-BajoPutumayo,10376.73,11918.61
2024-03-03,18,PT1H,MC-BajoPutumayo,10427.27,11733.9
2024-03-03,19,PT1H,MC-BajoPutumayo,11435.28,11777.07
2024-03-03,20,PT1H,MC-BajoPutumayo,12230.32,12680.91
2024-03-03,21,PT1H,MC-BajoPutumayo,11937.89,12066.26
2024-03-03,22,PT1H,MC-BajoPutumayo,11000.62,11073.48
2024-03-03,23,PT1H,MC-BajoPutumayo,9645.15,9380.27
2024-03-03,24,PT1H,MC-BajoPutumayo,8432.44,8135.45
2022-08-19,1,PT1H,MC-BajoPutumayo,8175.41,6765.63
2022-08-19,2,PT1H,MC-BajoPutumayo,7663.7,6337.35
2022-08-19,3,PT1H,MC-BajoPutumayo,7340.36,6144.25
2022-08-19,4,PT1H,MC-BajoPutumayo,7138.2,6050.96
2022-08-19,5,PT1H,MC-BajoPutumayo,7047.88,6083.58
2022-08-19,6,PT1H,MC-BajoPutumayo,7551.95,6644.82
2022-08-19,7,PT1H,MC-BajoPutumayo,8103.31,7457.74
2022-08-19,8,PT1H,MC-BajoPutumayo,9219.94,8237.11
2022-08-19,9,PT1H,MC-BajoPutumayo,10528.9,9281.04
2022-08-19,10,PT1H,MC-BajoPutumayo,11578.55,9724.95
2022-08-19,11,PT1H,MC-BajoPutumayo,12547.19,10256.2
2022-08-19,12,PT1H,MC-BajoPutumayo,13078.84,10894.36
2022-08-19,13,PT1H,MC-BajoPutumayo,12748.49,10931.02
2022-08-19,14,PT1H,MC-BajoPutumayo,12702.39,11340.53
2022-08-19,15,PT1H,MC-BajoPutumayo,13668.34,11792.55
2022-08-19,16,PT1H,MC-BajoPutumayo,13606.7,12140.31
2022-08-19,17,PT1H,MC-BajoPutumayo,13223.97,12069.22
2022-08-19,18,PT1H,MC-BajoPutumayo,12894.72,11667.99
2022-08-19,19,PT1H,MC-BajoPutumayo,13388.14,12455.66
2022-08-19,20,PT1H,MC-BajoPutumayo,13450.3,13007.32
2022-08-19,21,PT1H,MC-BajoPutumayo,12490.27,12269.8
2022-08-19,22,PT1H,MC-BajoPutumayo,11322.23,11062.98
2022-08-19,23,PT1H,MC-BajoPutumayo,9830.17,9470.77
2022-08-19,24,PT1H,MC-BajoPutumayo,8605.51,8097.97
2023-07-23,1,PT1H,MC-BajoPutumayo,7251.98,8294.98
2023-07-23,2,PT1H,MC-BajoPutumayo,6762.4,7779.8
2023-07-23,3,PT1H,MC-BajoPutumayo,6423.09,7401.24
2023-07-23,4,PT1H,MC-BajoPutumayo,6308.58,7175.51
2023-07-23,5,PT1H,MC-BajoPutumayo,6076.44,7118.85
2023-07-23,6,PT1H,MC-BajoPutumayo,6268.89,7105.98
2023-07-23,7,PT1H,MC-BajoPutumayo,6439.46,7270.34
2023-07-23,8,PT1H,MC-BajoPutumayo,7234.78,8077.37
2023-07-23,9,PT1H,MC-BajoPutumayo,8417.21,9152.38
2023-07-23,10,PT1H,MC-BajoPutumayo,9324.21,10017.44
2023-07-23,11,PT1H,MC-BajoPutumayo,9787.58,10724.07
2023-07-23,12,PT1H,MC-BajoPutumayo,10263.28,11128.5
2023-07-23,13,PT1H,MC-BajoPutumayo,10272.25,11127.45
2023-07-23,14,PT1H,MC-BajoPutumayo,10358.73,11224.13
2023-07-23,15,PT1H,MC-BajoPutumayo,10571.15,11236.71
2023-07-23,16,PT1H,MC-BajoPutumayo,10633.06,11440.41
2023-07-23,17,PT1H,MC-BajoPutumayo,10636.0,11342.83
2023-07-23,18,PT1H,MC-BajoPutumayo,10564.54,11425.84
2023-07-23,19,PT1H,MC-BajoPutumayo,11690.68,12483.48
2023-07-23,20,PT1H,MC-BajoPutumayo,12430.11,12927.32
2023-07-23,21,PT1H,MC-BajoPutumayo,11961.11,12287.15
2023-07-23,22,PT1H,MC-BajoPutumayo,11139.62,11312.81
2023-07-23,23,PT1H,MC-BajoPutumayo,9814.41,9872.21
2023-07-23,24,PT1H,MC-BajoPutumayo,8640.64,8635.39
2026-02-07,1,PT1H,MC-BajoPutumayo,9146.96,8535.9
2026-02-07,2,PT1H,MC-BajoPutumayo,8499.02,7962.9
2026-02-07,3,PT1H,MC-BajoPutumayo,7990.38,7589.9
2026-02-07,4,PT1H,MC-BajoPutumayo,7806.24,7422.8
2026-02-07,5,PT1H,MC-BajoPutumayo,7698.12,7337.6
2026-02-07,6,PT1H,MC-BajoPutumayo,8001.45,7521.1
2026-02-07,7,PT1H,MC-BajoPutumayo,9371.48,8084.0
2026-02-07,8,PT1H,MC-BajoPutumayo,9101.06,9333.6
2026-02-07,9,PT1H,MC-BajoPutumayo,10541.59,10769.5
2026-02-07,10,PT1H,MC-BajoPutumayo,11770.1,11782.9
2026-02-07,11,PT1H,MC-BajoPutumayo,12472.25,12626.9
2026-02-07,12,PT1H,MC-BajoPutumayo,13027.06,13178.8
2026-02-07,13,PT1H,MC-BajoPutumayo,13288.43,13083.7
2026-02-07,14,PT1H,MC-BajoPutumayo,13690.79,12936.1
2026-02-07,15,PT1H,MC-BajoPutumayo,13743.17,13357.9
2026-02-07,16,PT1H,MC-BajoPutumayo,13901.18,13467.2
2026-02-07,17,PT1H,MC-BajoPutumayo,13814.89,13426.1
2026-02-07,18,PT1H,MC-BajoPutumayo,14026.69,13420.0
2026-02-07,19,PT1H,MC-BajoPutumayo,15939.42,14855.5
2026-02-07,20,PT1H,MC-BajoPutumayo,15604.92,14959.3
2026-02-07,21,PT1H,MC-BajoPutumayo,14743.8,13800.3
2026-02-07,22,PT1H,MC-BajoPutumayo,13130.97,12619.0
2026-02-07,23,PT1H,MC-BajoPutumayo,11792.36,11192.8
2026-02-07,24,PT1H,MC-BajoPutumayo,10412.56,9950.6
2023-11-14,1,PT1H,MC-BajoPutumayo,8288.55,7696.11
2023-11-14,2,PT1H,MC-BajoPutumayo,7756.31,7212.38
2023-11-14,3,PT1H,MC-BajoPutumayo,7470.96,6949.18
2023-11-14,4,PT1H,MC-BajoPutumayo,7272.98,6776.73
2023-11-14,5,PT1H,MC-BajoPutumayo,7315.51,6796.0
2023-11-14,6,PT1H,MC-BajoPutumayo,7800.01,7297.28
2023-11-14,7,PT1H,MC-BajoPutumayo,8432.77,7872.59
2023-11-14,8,PT1H,MC-BajoPutumayo,9352.24,8671.26
2023-11-14,9,PT1H,MC-BajoPutumayo,10707.65,9882.73
2023-11-14,10,PT1H,MC-BajoPutumayo,11377.35,10816.38
2023-11-14,11,PT1H,MC-BajoPutumayo,11954.87,11843.49
2023-11-14,12,PT1H,MC-BajoPutumayo,12788.63,12540.95
2023-11-14,13,PT1H,MC-BajoPutumayo,12625.92,12276.49
2023-11-14,14,PT1H,MC-BajoPutumayo,12554.98,12386.52
2023-11-14,15,PT1H,MC-BajoPutumayo,13451.32,12932.29
2023-11-14,16,PT1H,MC-BajoPutumayo,12293.38,13240.35
2023-11-14,17,PT1H,MC-BajoPutumayo,12913.63,13166.13
2023-11-14,18,PT1H,MC-BajoPutumayo,12849.46,13193.63
2023-11-14,19,PT1H,MC-BajoPutumayo,14017.01,14224.79
2023-11-14,20,PT1H,MC-BajoPutumayo,13916.49,13717.33
2023-11-14,21,PT1H,MC-BajoPutumayo,13037.86,12491.57
2023-11-14,22,PT1H,MC-BajoPutumayo,11916.11,11057.88
2023-11-14,23,PT1H,MC-BajoPutumayo,9957.52,9540.51
2023-11-14,24,PT1H,MC-BajoPutumayo,8607.44,8592.72
2023-12-14,1,PT1H,MC-BajoPutumayo,8657.28,7196.17
2023-12-14,2,PT1H,MC-BajoPutumayo,7777.12,6770.87
2023-12-14,3,PT1H,MC-BajoPutumayo,7487.46,6584.24
2023-12-14,4,PT1H,MC-BajoPutumayo,7281.09,6453.37
2023-12-14,5,PT1H,MC-BajoPutumayo,7248.13,6516.47
2023-12-14,6,PT1H,MC-BajoPutumayo,7428.45,6995.91
2023-12-14,7,PT1H,MC-BajoPutumayo,7905.22,7423.43
2023-12-14,8,PT1H,MC-BajoPutumayo,9113.51,8331.96
2023-12-14,9,PT1H,MC-BajoPutumayo,10338.18,9790.55
2023-12-14,10,PT1H,MC-BajoPutumayo,10743.26,10500.45
2023-12-14,11,PT1H,MC-BajoPutumayo,10591.89,11402.09
2023-12-14,12,PT1H,MC-BajoPutumayo,10783.61,12091.63
2023-12-14,13,PT1H,MC-BajoPutumayo,10330.4,11930.52
2023-12-14,14,PT1H,MC-BajoPutumayo,10410.37,12229.06
2023-12-14,15,PT1H,MC-BajoPutumayo,11089.65,12932.03
2023-12-14,16,PT1H,MC-BajoPutumayo,11439.73,13109.34
2023-12-14,17,PT1H,MC-BajoPutumayo,11676.89,12858.8
2023-12-14,18,PT1H,MC-BajoPutumayo,11480.36,12536.08
2023-12-14,19,PT1H,MC-BajoPutumayo,12534.59,13543.25
2023-12-14,20,PT1H,MC-BajoPutumayo,12769.88,13527.22
2023-12-14,21,PT1H,MC-BajoPutumayo,12054.36,12677.76
2023-12-14,22,PT1H,MC-BajoPutumayo,10877.04,11395.37
2023-12-14,23,PT1H,MC-BajoPutumayo,9480.04,9905.26
2023-12-14,24,PT1H,MC-BajoPutumayo,8244.54,8552.24
2022-04-17,1,PT1H,MC-BajoPutumayo,7453.25,7119.33
2022-04-17,2,PT1H,MC-BajoPutumayo,7054.11,6662.4
2022-04-17,3,PT1H,MC-BajoPutumayo,6723.98,6355.71
2022-04-17,4,PT1H,MC-BajoPutumayo,6477.06,6139.23
2022-04-17,5,PT1H,MC-BajoPutumayo,4741.04,5999.58
2022-04-17,6,PT1H,MC-BajoPutumayo,6926.02,6156.89
2022-04-17,7,PT1H,MC-BajoPutumayo,7194.95,6384.88
2022-04-17,8,PT1H,MC-BajoPutumayo,7575.21,7242.59
2022-04-17,9,PT1H,MC-BajoPutumayo,8519.52,8176.96
2022-04-17,10,PT1H,MC-BajoPutumayo,9044.27,8790.04
2022-04-17,11,PT1H,MC-BajoPutumayo,9598.44,9278.31
2022-04-17,12,PT1H,MC-BajoPutumayo,9887.3,9596.98
2022-04-17,13,PT1H,MC-BajoPutumayo,9687.48,9794.01
2022-04-17,14,PT1H,MC-BajoPutumayo,9805.1,9696.14
2022-04-17,15,PT1H,MC-BajoPutumayo,9917.06,9774.29
2022-04-17,16,PT1H,MC-BajoPutumayo,9795.73,9594.82
2022-04-17,17,PT1H,MC-BajoPutumayo,9368.05,9412.89
2022-04-17,18,PT1H,MC-BajoPutumayo,10574.18,9591.28
2022-04-17,19,PT1H,MC-BajoPutumayo,11555.98,10853.57
2022-04-17,20,PT1H,MC-BajoPutumayo,11850.21,11489.52
2022-04-17,21,PT1H,MC-BajoPutumayo,11343.01,10927.99
2022-04-17,22,PT1H,MC-BajoPutumayo,10484.58,10005.2
2022-04-17,23,PT1H,MC-BajoPutumayo,9213.53,8762.76
2022-04-17,24,PT1H,MC-BajoPutumayo,8050.97,7565.26
2022-09-17,1,PT1H,MC-BajoPutumayo,7350.09,7521.46
2022-09-17,2,PT1H,MC-BajoPutumayo,6907.42,7050.67
2022-09-17,3,PT1H,MC-BajoPutumayo,6569.99,6675.12
2022-09-17,4,PT1H,MC-BajoPutumayo,6417.9,6488.6
2022-09-17,5,PT1H,MC-BajoPutumayo,6384.62,6410.03
2022-09-17,6,PT1H,MC-BajoPutumayo,6629.01,6689.47
2022-09-17,7,PT1H,MC-BajoPutumayo,7047.16,7127.54
2022-09-17,8,PT1H,MC-BajoPutumayo,7946.98,8167.5
2022-09-17,9,PT1H,MC-BajoPutumayo,9330.44,9326.2
2022-09-17,10,PT1H,MC-BajoPutumayo,10289.58,10171.13
2022-09-17,11,PT1H,MC-BajoPutumayo,11072.17,10658.99
2022-09-17,12,PT1H,MC-BajoPutumayo,11666.55,11137.35
2022-09-17,13,PT1H,MC-BajoPutumayo,11544.62,11038.75
2022-09-17,14,PT1H,MC-BajoPutumayo,11525.63,10953.23
2022-09-17,15,PT1H,MC-BajoPutumayo,11836.92,11008.53
2022-09-17,16,PT1H,MC-BajoPutumayo,11904.13,10986.15
2022-09-17,17,PT1H,MC-BajoPutumayo,11933.99,10958.26
2022-09-17,18,PT1H,MC-BajoPutumayo,11855.44,11084.13
2022-09-17,19,PT1H,MC-BajoPutumayo,13200.55,12080.86
2022-09-17,20,PT1H,MC-BajoPutumayo,13456.28,12370.3
2022-09-17,21,PT1H,MC-BajoPutumayo,12556.94,11559.88
2022-09-17,22,PT1H,MC-BajoPutumayo,11386.97,10554.46
2022-09-17,23,PT1H,MC-BajoPutumayo,10119.32,9319.73
2022-09-17,24,PT1H,MC-BajoPutumayo,8975.64,8210.76
2023-09-10,1,PT1H,MC-BajoPutumayo,9291.75,8490.46
2023-09-10,2,PT1H,MC-BajoPutumayo,8722.58,7898.3
2023-09-10,3,PT1H,MC-BajoPutumayo,8326.06,7479.47
2023-09-10,4,PT1H,MC-BajoPutumayo,8079.19,7257.01
2023-09-10,5,PT1H,MC-BajoPutumayo,7840.45,6898.12
2023-09-10,6,PT1H,MC-BajoPutumayo,7663.76,6996.37
2023-09-10,7,PT1H,MC-BajoPutumayo,7543.58,7036.0
2023-09-10,8,PT1H,MC-BajoPutumayo,8222.6,7765.94
2023-09-10,9,PT1H,MC-BajoPutumayo,9235.85,8894.7
2023-09-10,10,PT1H,MC-BajoPutumayo,9756.4,9690.33
2023-09-10,11,PT1H,MC-BajoPutumayo,9744.04,10091.15
2023-09-10,12,PT1H,MC-BajoPutumayo,10047.73,11003.23
2023-09-10,13,PT1H,MC-BajoPutumayo,10235.61,11095.38
2023-09-10,14,PT1H,MC-BajoPutumayo,10186.17,10847.21
2023-09-10,15,PT1H,MC-BajoPutumayo,10262.48,10853.81
2023-09-10,16,PT1H,MC-BajoPutumayo,10526.81,10517.8
2023-09-10,17,PT1H,MC-BajoPutumayo,10732.98,10538.88
2023-09-10,18,PT1H,MC-BajoPutumayo,10797.26,10841.77
2023-09-10,19,PT1H,MC-BajoPutumayo,11973.69,12308.05
2023-09-10,20,PT1H,MC-BajoPutumayo,12435.05,12340.06
2023-09-10,21,PT1H,MC-BajoPutumayo,11909.84,11791.77
2023-09-10,22,PT1H,MC-BajoPutumayo,11029.79,11228.99
2023-09-10,23,PT1H,MC-BajoPutumayo,9767.68,9797.25
2023-09-10,24,PT1H,MC-BajoPutumayo,8636.54,8572.55
2024-04-24,1,PT1H,MC-BajoPutumayo,8187.63,8431.32
2024-04-24,2,PT1H,MC-BajoPutumayo,7745.84,7943.97
2024-04-24,3,PT1H,MC-BajoPutumayo,7487.78,7675.96
2024-04-24,4,PT1H,MC-BajoPutumayo,7301.56,7506.9
2024-04-24,5,PT1H,MC-BajoPutumayo,7339.51,7490.81
2024-04-24,6,PT1H,MC-BajoPutumayo,7945.07,8087.29
2024-04-24,7,PT1H,MC-BajoPutumayo,8519.85,8580.5
2024-04-24,8,PT1H,MC-BajoPutumayo,9278.48,9338.76
2024-04-24,9,PT1H,MC-BajoPutumayo,10817.12,10338.81
2024-04-24,10,PT1H,MC-BajoPutumayo,11873.21,11096.82
2024-04-24,11,PT1H,MC-BajoPutumayo,11322.0,11631.12
2024-04-24,12,PT1H,MC-BajoPutumayo,11544.72,12196.92
2024-04-24,13,PT1H,MC-BajoPutumayo,11781.19,12101.54
2024-04-24,14,PT1H,MC-BajoPutumayo,11214.83,12447.25
2024-04-24,15,PT1H,MC-BajoPutumayo,10963.79,13250.75
2024-04-24,16,PT1H,MC-BajoPutumayo,12205.71,13571.2
2024-04-24,17,PT1H,MC-BajoPutumayo,12390.89,13559.8
2024-04-24,18,PT1H,MC-BajoPutumayo,12246.32,13343.42
2024-04-24,19,PT1H,MC-BajoPutumayo,13190.25,14313.65
2024-04-24,20,PT1H,MC-BajoPutumayo,13475.82,14725.57
2024-04-24,21,PT1H,MC-BajoPutumayo,12811.32,13969.43
2024-04-24,22,PT1H,MC-BajoPutumayo,11446.95,12778.34
2024-04-24,23,PT1H,MC-BajoPutumayo,9853.25,11062.04
2024-04-24,24,PT1H,MC-BajoPutumayo,8511.88,9692.79
2023-04-30,1,PT1H,MC-BajoPutumayo,8186.88,8241.2
2023-04-30,2,PT1H,MC-BajoPutumayo,7654.92,7611.21
2023-04-30,3,PT1H,MC-BajoPutumayo,7271.21,7254.22
2023-04-30,4,PT1H,MC-BajoPutumayo,7065.38,7065.88
2023-04-30,5,PT1H,MC-BajoPutumayo,6882.76,6904.31
2023-04-30,6,PT1H,MC-BajoPutumayo,6908.64,7010.73
2023-04-30,7,PT1H,MC-BajoPutumayo,7154.85,7223.22
2023-04-30,8,PT1H,MC-BajoPutumayo,8216.03,8276.09
2023-04-30,9,PT1H,MC-BajoPutumayo,9361.12,9189.57
2023-04-30,10,PT1H,MC-BajoPutumayo,10166.06,9784.64
2023-04-30,11,PT1H,MC-BajoPutumayo,10613.25,10272.83
2023-04-30,12,PT1H,MC-BajoPutumayo,11037.8,10691.35
2023-04-30,13,PT1H,MC-BajoPutumayo,11248.53,10821.75
2023-04-30,14,PT1H,MC-BajoPutumayo,11197.89,10804.31
2023-04-30,15,PT1H,MC-BajoPutumayo,11302.02,10774.87
2023-04-30,16,PT1H,MC-BajoPutumayo,11362.77,10730.43
2023-04-30,17,PT1H,MC-BajoPutumayo,11331.79,10604.77
2023-04-30,18,PT1H,MC-BajoPutumayo,11230.14,10687.09
2023-04-30,19,PT1H,MC-BajoPutumayo,12494.55,12057.6
2023-04-30,20,PT1H,MC-BajoPutumayo,13054.93,12364.24
2023-04-30,21,PT1H,MC-BajoPutumayo,12542.46,11714.57
2023-04-30,22,PT1H,MC-BajoPutumayo,11847.55,10770.57
2023-04-30,23,PT1H,MC-BajoPutumayo,10519.02,9328.0
2023-04-30,24,PT1H,MC-BajoPutumayo,9248.14,8151.55
2025-05-09,1,PT1H,MC-BajoPutumayo,7241.09,7973.7
2025-05-09,2,PT1H,MC-BajoPutumayo,6817.88,7494.1
2025-05-09,3,PT1H,MC-BajoPutumayo,6590.67,7206.8
2025-05-09,4,PT1H,MC-BajoPutumayo,6480.36,7115.5
2025-05-09,5,PT1H,MC-BajoPutumayo,6526.08,7094.7
2025-05-09,6,PT1H,MC-BajoPutumayo,7162.81,7474.1
2025-05-09,7,PT1H,MC-BajoPutumayo,7963.57,7938.1
2025-05-09,8,PT1H,MC-BajoPutumayo,8570.98,8693.2
2025-05-09,9,PT1H,MC-BajoPutumayo,9613.91,9754.2
2025-05-09,10,PT1H,MC-BajoPutumayo,10385.04,10482.5
2025-05-09,11,PT1H,MC-BajoPutumayo,11106.93,11093.1
2025-05-09,12,PT1H,MC-BajoPutumayo,11748.08,11681.6
2025-05-09,13,PT1H,MC-BajoPutumayo,11560.03,11984.6
2025-05-09,14,PT1H,MC-BajoPutumayo,12797.62,12319.4
2025-05-09,15,PT1H,MC-BajoPutumayo,14586.57,13082.3
2025-05-09,16,PT1H,MC-BajoPutumayo,13624.41,13231.5
2025-05-09,17,PT1H,MC-BajoPutumayo,13272.91,13252.7
2025-05-09,18,PT1H,MC-BajoPutumayo,13093.63,12919.3
2025-05-09,19,PT1H,MC-BajoPutumayo,14374.03,14233.8
2025-05-09,20,PT1H,MC-BajoPutumayo,14787.65,14681.8
2025-05-09,21,PT1H,MC-BajoPutumayo,13938.21,14051.1
2025-05-09,22,PT1H,MC-BajoPutumayo,12568.3,12955.9
2025-05-09,23,PT1H,MC-BajoPutumayo,11011.37,11500.4
2025-05-09,24,PT1H,MC-BajoPutumayo,9524.53,10150.9
2023-12-19,1,PT1H,MC-BajoPutumayo,7688.21,7808.89
2023-12-19,2,PT1H,MC-BajoPutumayo,7221.19,7296.62
2023-12-19,3,PT1H,MC-BajoPutumayo,7032.04,7007.83
2023-12-19,4,PT1H,MC-BajoPutumayo,6871.95,6886.79
2023-12-19,5,PT1H,MC-BajoPutumayo,6976.84,6893.38
2023-12-19,6,PT1H,MC-BajoPutumayo,7169.49,7196.03
2023-12-19,7,PT1H,MC-BajoPutumayo,7521.01,7672.71
2023-12-19,8,PT1H,MC-BajoPutumayo,8782.11,8721.43
2023-12-19,9,PT1H,MC-BajoPutumayo,10294.78,9669.77
2023-12-19,10,PT1H,MC-BajoPutumayo,10968.86,10557.72
2023-12-19,11,PT1H,MC-BajoPutumayo,11925.08,11390.21
2023-12-19,12,PT1H,MC-BajoPutumayo,12678.57,11934.36
2023-12-19,13,PT1H,MC-BajoPutumayo,12429.97,11881.4
2023-12-19,14,PT1H,MC-BajoPutumayo,12768.82,11934.87
2023-12-19,15,PT1H,MC-BajoPutumayo,13521.21,12413.54
2023-12-19,16,PT1H,MC-BajoPutumayo,13458.69,12806.06
2023-12-19,17,PT1H,MC-BajoPutumayo,13280.2,12880.36
2023-12-19,18,PT1H,MC-BajoPutumayo,12751.65,12841.31
2023-12-19,19,PT1H,MC-BajoPutumayo,13592.72,13496.0
2023-12-19,20,PT1H,MC-BajoPutumayo,13552.66,14072.08
2023-12-19,21,PT1H,MC-BajoPutumayo,12873.54,13267.58
2023-12-19,22,PT1H,MC-BajoPutumayo,11772.79,11977.02
2023-12-19,23,PT1H,MC-BajoPutumayo,10303.31,10222.55
2023-12-19,24,PT1H,MC-BajoPutumayo,9003.01,8870.15
2024-02-14,1,PT1H,MC-BajoPutumayo,7926.17,7820.0
2024-02-14,2,PT1H,MC-BajoPutumayo,7496.48,7347.0
2024-02-14,3,PT1H,MC-BajoPutumayo,7349.74,7037.69
2024-02-14,4,PT1H,MC-BajoPutumayo,7340.74,6796.08
2024-02-14,5,PT1H,MC-BajoPutumayo,7240.96,6757.69
2024-02-14,6,PT1H,MC-BajoPutumayo,7733.8,6954.21
2024-02-14,7,PT1H,MC-BajoPutumayo,8563.96,7046.15
2024-02-14,8,PT1H,MC-BajoPutumayo,8987.18,8047.43
2024-02-14,9,PT1H,MC-BajoPutumayo,9966.06,9349.42
2024-02-14,10,PT1H,MC-BajoPutumayo,10471.29,10118.74
2024-02-14,11,PT1H,MC-BajoPutumayo,10939.15,10823.65
2024-02-14,12,PT1H,MC-BajoPutumayo,11234.64,11480.2
2024-02-14,13,PT1H,MC-BajoPutumayo,10717.16,11252.31
2024-02-14,14,PT1H,MC-BajoPutumayo,10393.33,11315.88
2024-02-14,15,PT1H,MC-BajoPutumayo,11138.18,11795.78
2024-02-14,16,PT1H,MC-BajoPutumayo,9098.94,11825.02
2024-02-14,17,PT1H,MC-BajoPutumayo,0.0,11898.2
2024-02-14,18,PT1H,MC-BajoPutumayo,0.0,11647.72
2024-02-14,19,PT1H,MC-BajoPutumayo,0.0,12118.09
2024-02-14,20,PT1H,MC-BajoPutumayo,0.0,12645.75
2024-02-14,21,PT1H,MC-BajoPutumayo,0.0,11985.87
2024-02-14,22,PT1H,MC-BajoPutumayo,0.0,11071.34
2024-02-14,23,PT1H,MC-BajoPutumayo,0.0,9691.99
2024-02-14,24,PT1H,MC-BajoPutumayo,0.0,8433.95
2023-07-03,1,PT1H,MC-BajoPutumayo,7447.18,6779.46
2023-07-03,2,PT1H,MC-BajoPutumayo,6895.64,6404.94
2023-07-03,3,PT1H,MC-BajoPutumayo,6559.26,6285.25
2023-07-03,4,PT1H,MC-BajoPutumayo,6325.96,6053.55
2023-07-03,5,PT1H,MC-BajoPutumayo,6261.06,6225.69
2023-07-03,6,PT1H,MC-BajoPutumayo,6465.82,6165.39
2023-07-03,7,PT1H,MC-BajoPutumayo,6628.42,7193.32
2023-07-03,8,PT1H,MC-BajoPutumayo,7462.88,8266.16
2023-07-03,9,PT1H,MC-BajoPutumayo,8658.31,9032.69
2023-07-03,10,PT1H,MC-BajoPutumayo,9694.41,9726.27
2023-07-03,11,PT1H,MC-BajoPutumayo,10434.02,10135.75
2023-07-03,12,PT1H,MC-BajoPutumayo,11059.65,10620.89
2023-07-03,13,PT1H,MC-BajoPutumayo,11260.96,10655.44
2023-07-03,14,PT1H,MC-BajoPutumayo,11200.68,10930.6
2023-07-03,15,PT1H,MC-BajoPutumayo,11351.2,11509.98
2023-07-03,16,PT1H,MC-BajoPutumayo,11331.67,11936.47
2023-07-03,17,PT1H,MC-BajoPutumayo,11210.84,11524.17
2023-07-03,18,PT1H,MC-BajoPutumayo,10918.18,11164.69
2023-07-03,19,PT1H,MC-BajoPutumayo,11976.23,13015.51
2023-07-03,20,PT1H,MC-BajoPutumayo,12613.99,13724.94
2023-07-03,21,PT1H,MC-BajoPutumayo,12079.75,12985.13
2023-07-03,22,PT1H,MC-BajoPutumayo,11035.77,11577.74
2023-07-03,23,PT1H,MC-BajoPutumayo,9674.81,9618.7
2023-07-03,24,PT1H,MC-BajoPutumayo,8468.0,8119.28
2023-08-22,1,PT1H,MC-BajoPutumayo,7313.28,7106.98
2023-08-22,2,PT1H,MC-BajoPutumayo,6967.18,6709.99
2023-08-22,3,PT1H,MC-BajoPutumayo,6803.21,6475.87
2023-08-22,4,PT1H,MC-BajoPutumayo,6637.48,6380.14
2023-08-22,5,PT1H,MC-BajoPutumayo,6654.2,6433.75
2023-08-22,6,PT1H,MC-BajoPutumayo,7211.11,6986.15
2023-08-22,7,PT1H,MC-BajoPutumayo,7837.06,7625.36
2023-08-22,8,PT1H,MC-BajoPutumayo,8850.45,8416.56
2023-08-22,9,PT1H,MC-BajoPutumayo,9584.64,9343.82
2023-08-22,10,PT1H,MC-BajoPutumayo,9938.62,10003.29
2023-08-22,11,PT1H,MC-BajoPutumayo,10149.61,10626.09
2023-08-22,12,PT1H,MC-BajoPutumayo,10825.33,11179.96
2023-08-22,13,PT1H,MC-BajoPutumayo,10611.31,10872.0
2023-08-22,14,PT1H,MC-BajoPutumayo,10356.88,11119.25
2023-08-22,15,PT1H,MC-BajoPutumayo,10988.68,11885.03
2023-08-22,16,PT1H,MC-BajoPutumayo,11485.52,11992.08
2023-08-22,17,PT1H,MC-BajoPutumayo,11584.62,11994.8
2023-08-22,18,PT1H,MC-BajoPutumayo,11328.52,11815.29
2023-08-22,19,PT1H,MC-BajoPutumayo,12500.93,12592.04
2023-08-22,20,PT1H,MC-BajoPutumayo,12850.47,13065.45
2023-08-22,21,PT1H,MC-BajoPutumayo,12397.92,12317.7
2023-08-22,22,PT1H,MC-BajoPutumayo,10901.23,11141.37
2023-08-22,23,PT1H,MC-BajoPutumayo,8985.96,9406.0
2023-08-22,24,PT1H,MC-BajoPutumayo,7944.86,7975.34
2023-01-07,1,PT1H,MC-BajoPutumayo,8094.39,7590.43
2023-01-07,2,PT1H,MC-BajoPutumayo,7615.59,7165.04
2023-01-07,3,PT1H,MC-BajoPutumayo,7106.12,6638.37
2023-01-07,4,PT1H,MC-BajoPutumayo,6917.6,6416.91
2023-01-07,5,PT1H,MC-BajoPutumayo,6767.61,6425.83
2023-01-07,6,PT1H,MC-BajoPutumayo,6715.35,6441.43
2023-01-07,7,PT1H,MC-BajoPutumayo,6577.62,6989.42
2023-01-07,8,PT1H,MC-BajoPutumayo,7228.24,8114.57
2023-01-07,9,PT1H,MC-BajoPutumayo,8351.48,9507.6
2023-01-07,10,PT1H,MC-BajoPutumayo,8831.64,9869.11
2023-01-07,11,PT1H,MC-BajoPutumayo,9253.64,10561.35
2023-01-07,12,PT1H,MC-BajoPutumayo,9445.43,11055.76
2023-01-07,13,PT1H,MC-BajoPutumayo,9550.57,11102.14
2023-01-07,14,PT1H,MC-BajoPutumayo,9452.21,10962.56
2023-01-07,15,PT1H,MC-BajoPutumayo,9444.71,11310.19
2023-01-07,16,PT1H,MC-BajoPutumayo,9480.61,10919.26
2023-01-07,17,PT1H,MC-BajoPutumayo,9390.45,10721.75
2023-01-07,18,PT1H,MC-BajoPutumayo,9542.53,11036.3
2023-01-07,19,PT1H,MC-BajoPutumayo,10607.22,12654.42
2023-01-07,20,PT1H,MC-BajoPutumayo,11009.28,12740.35
2023-01-07,21,PT1H,MC-BajoPutumayo,10425.5,11882.3
2023-01-07,22,PT1H,MC-BajoPutumayo,9469.04,11124.2
2023-01-07,23,PT1H,MC-BajoPutumayo,8395.31,10043.75
2023-01-07,24,PT1H,MC-BajoPutumayo,7452.14,8851.27
2025-06-17,1,PT1H,MC-BajoPutumayo,7462.57,7386.3
2025-06-17,2,PT1H,MC-BajoPutumayo,7077.39,6994.0
2025-06-17,3,PT1H,MC-BajoPutumayo,6904.42,6766.7
2025-06-17,4,PT1H,MC-BajoPutumayo,6800.97,6667.1
2025-06-17,5,PT1H,MC-BajoPutumayo,6822.24,6753.5
2025-06-17,6,PT1H,MC-BajoPutumayo,7373.88,7461.3
2025-06-17,7,PT1H,MC-BajoPutumayo,8270.64,8363.2
2025-06-17,8,PT1H,MC-BajoPutumayo,8971.5,8884.0
2025-06-17,9,PT1H,MC-BajoPutumayo,10064.29,9919.7
2025-06-17,10,PT1H,MC-BajoPutumayo,10489.95,10742.0
2025-06-17,11,PT1H,MC-BajoPutumayo,10938.41,11595.4
2025-06-17,12,PT1H,MC-BajoPutumayo,11168.47,12184.5
2025-06-17,13,PT1H,MC-BajoPutumayo,10751.16,12043.0
2025-06-17,14,PT1H,MC-BajoPutumayo,10813.0,12068.6
2025-06-17,15,PT1H,MC-BajoPutumayo,11824.68,12411.1
2025-06-17,16,PT1H,MC-BajoPutumayo,12254.57,12209.6
2025-06-17,17,PT1H,MC-BajoPutumayo,12490.83,12492.9
2025-06-17,18,PT1H,MC-BajoPutumayo,12403.63,12506.7
2025-06-17,19,PT1H,MC-BajoPutumayo,13720.16,13831.7
2025-06-17,20,PT1H,MC-BajoPutumayo,14171.88,14160.1
2025-06-17,21,PT1H,MC-BajoPutumayo,13004.21,13247.4
2025-06-17,22,PT1H,MC-BajoPutumayo,11462.13,11991.8
2025-06-17,23,PT1H,MC-BajoPutumayo,9626.64,10160.3
2025-06-17,24,PT1H,MC-BajoPutumayo,8356.56,8719.9
2023-11-15,1,PT1H,MC-BajoPutumayo,7816.52,8137.62
2023-11-15,2,PT1H,MC-BajoPutumayo,7250.79,7654.39
2023-11-15,3,PT1H,MC-BajoPutumayo,6985.97,7365.96
2023-11-15,4,PT1H,MC-BajoPutumayo,6857.31,7194.21
2023-11-15,5,PT1H,MC-BajoPutumayo,6913.21,7213.55
2023-11-15,6,PT1H,MC-BajoPutumayo,7468.97,7596.69
2023-11-15,7,PT1H,MC-BajoPutumayo,8196.51,8317.12
2023-11-15,8,PT1H,MC-BajoPutumayo,9196.35,9200.44
2023-11-15,9,PT1H,MC-BajoPutumayo,10424.91,10434.08
2023-11-15,10,PT1H,MC-BajoPutumayo,11449.6,11305.78
2023-11-15,11,PT1H,MC-BajoPutumayo,12241.22,11911.25
2023-11-15,12,PT1H,MC-BajoPutumayo,12675.45,12409.37
2023-11-15,13,PT1H,MC-BajoPutumayo,12527.35,11692.93
2023-11-15,14,PT1H,MC-BajoPutumayo,12794.67,12000.94
2023-11-15,15,PT1H,MC-BajoPutumayo,13571.65,12872.68
2023-11-15,16,PT1H,MC-BajoPutumayo,13675.59,13104.38
2023-11-15,17,PT1H,MC-BajoPutumayo,13181.71,12895.1
2023-11-15,18,PT1H,MC-BajoPutumayo,13187.35,12625.58
2023-11-15,19,PT1H,MC-BajoPutumayo,13883.28,14195.69
2023-11-15,20,PT1H,MC-BajoPutumayo,13400.23,13943.85
2023-11-15,21,PT1H,MC-BajoPutumayo,12528.75,12962.52
2023-11-15,22,PT1H,MC-BajoPutumayo,11315.97,11748.15
2023-11-15,23,PT1H,MC-BajoPutumayo,9757.5,10018.35
2023-11-15,24,PT1H,MC-BajoPutumayo,8391.81,8644.57
2025-06-13,1,PT1H,MC-BajoPutumayo,8367.62,7723.9
2025-06-13,2,PT1H,MC-BajoPutumayo,7824.0,6737.4
2025-06-13,3,PT1H,MC-BajoPutumayo,7558.63,6617.0
2025-06-13,4,PT1H,MC-BajoPutumayo,7384.26,6727.8
2025-06-13,5,PT1H,MC-BajoPutumayo,7419.42,6617.9
2025-06-13,6,PT1H,MC-BajoPutumayo,8003.67,6922.3
2025-06-13,7,PT1H,MC-BajoPutumayo,8804.82,7386.1
2025-06-13,8,PT1H,MC-BajoPutumayo,9475.5,9029.6
2025-06-13,9,PT1H,MC-BajoPutumayo,10582.0,10401.9
2025-06-13,10,PT1H,MC-BajoPutumayo,11382.63,11251.9
2025-06-13,11,PT1H,MC-BajoPutumayo,11982.9,11673.8
2025-06-13,12,PT1H,MC-BajoPutumayo,12448.59,11970.0
2025-06-13,13,PT1H,MC-BajoPutumayo,12099.53,11524.7
2025-06-13,14,PT1H,MC-BajoPutumayo,12536.86,11503.6
2025-06-13,15,PT1H,MC-BajoPutumayo,13286.39,12163.0
2025-06-13,16,PT1H,MC-BajoPutumayo,13843.96,12266.8
2025-06-13,17,PT1H,MC-BajoPutumayo,13814.35,12313.0
2025-06-13,18,PT1H,MC-BajoPutumayo,13569.44,12145.5
2025-06-13,19,PT1H,MC-BajoPutumayo,14595.5,13076.1
2025-06-13,20,PT1H,MC-BajoPutumayo,15158.95,13312.6
2025-06-13,21,PT1H,MC-BajoPutumayo,14330.84,12507.6
2025-06-13,22,PT1H,MC-BajoPutumayo,13130.83,11264.1
2025-06-13,23,PT1H,MC-BajoPutumayo,11353.65,9917.1
2025-06-13,24,PT1H,MC-BajoPutumayo,9960.05,8716.6
2023-08-09,1,PT1H,MC-BajoPutumayo,7735.69,7632.58
2023-08-09,2,PT1H,MC-BajoPutumayo,7064.85,7164.65
2023-08-09,3,PT1H,MC-BajoPutumayo,6795.14,6952.37
2023-08-09,4,PT1H,MC-BajoPutumayo,6603.43,6788.32
2023-08-09,5,PT1H,MC-BajoPutumayo,6636.74,6810.87
2023-08-09,6,PT1H,MC-BajoPutumayo,7142.27,7356.45
2023-08-09,7,PT1H,MC-BajoPutumayo,7788.29,7978.6
2023-08-09,8,PT1H,MC-BajoPutumayo,8518.91,8726.6
2023-08-09,9,PT1H,MC-BajoPutumayo,9783.11,9737.21
2023-08-09,10,PT1H,MC-BajoPutumayo,10532.31,10632.57
2023-08-09,11,PT1H,MC-BajoPutumayo,11162.69,11260.81
2023-08-09,12,PT1H,MC-BajoPutumayo,11993.09,11717.14
2023-08-09,13,PT1H,MC-BajoPutumayo,11749.92,11411.24
2023-08-09,14,PT1H,MC-BajoPutumayo,12253.21,11584.54
2023-08-09,15,PT1H,MC-BajoPutumayo,13351.99,12412.26
2023-08-09,16,PT1H,MC-BajoPutumayo,13780.94,12925.59
2023-08-09,17,PT1H,MC-BajoPutumayo,13479.43,12921.28
2023-08-09,18,PT1H,MC-BajoPutumayo,13147.28,12684.21
2023-08-09,19,PT1H,MC-BajoPutumayo,13792.45,13458.85
2023-08-09,20,PT1H,MC-BajoPutumayo,14258.06,13958.7
2023-08-09,21,PT1H,MC-BajoPutumayo,13436.34,13122.94
2023-08-09,22,PT1H,MC-BajoPutumayo,12168.38,11669.51
2023-08-09,23,PT1H,MC-BajoPutumayo,10423.02,9823.0
2023-08-09,24,PT1H,MC-BajoPutumayo,8847.94,8501.1
2024-07-23,1,PT1H,MC-BajoPutumayo,7241.07,7191.3
2024-07-23,2,PT1H,MC-BajoPutumayo,6892.25,6856.0
2024-07-23,3,PT1H,MC-BajoPutumayo,6659.45,6612.5
2024-07-23,4,PT1H,MC-BajoPutumayo,6506.71,6492.1
2024-07-23,5,PT1H,MC-BajoPutumayo,6638.62,6498.6
2024-07-23,6,PT1H,MC-BajoPutumayo,7446.16,6751.5
2024-07-23,7,PT1H,MC-BajoPutumayo,8160.04,7219.3
2024-07-23,8,PT1H,MC-BajoPutumayo,8884.4,8015.0
2024-07-23,9,PT1H,MC-BajoPutumayo,9688.77,8934.1
2024-07-23,10,PT1H,MC-BajoPutumayo,10326.37,9448.5
2024-07-23,11,PT1H,MC-BajoPutumayo,10821.58,9954.0
2024-07-23,12,PT1H,MC-BajoPutumayo,10830.81,10401.5
2024-07-23,13,PT1H,MC-BajoPutumayo,10378.0,10181.2
2024-07-23,14,PT1H,MC-BajoPutumayo,10531.84,10375.2
2024-07-23,15,PT1H,MC-BajoPutumayo,10850.87,11007.2
2024-07-23,16,PT1H,MC-BajoPutumayo,11029.88,11197.9
2024-07-23,17,PT1H,MC-BajoPutumayo,11205.91,11008.0
2024-07-23,18,PT1H,MC-BajoPutumayo,11411.27,11102.6
2024-07-23,19,PT1H,MC-BajoPutumayo,12808.9,12194.4
2024-07-23,20,PT1H,MC-BajoPutumayo,12794.31,12362.5
2024-07-23,21,PT1H,MC-BajoPutumayo,11917.75,11478.1
2024-07-23,22,PT1H,MC-BajoPutumayo,10446.27,10414.1
2024-07-23,23,PT1H,MC-BajoPutumayo,8732.46,9002.4
2024-07-23,24,PT1H,MC-BajoPutumayo,7566.42,7699.9
2024-01-20,1,PT1H,MC-BajoPutumayo,7926.78,7018.39
2024-01-20,2,PT1H,MC-BajoPutumayo,7501.65,6708.63
2024-01-20,3,PT1H,MC-BajoPutumayo,7197.27,6516.5
2024-01-20,4,PT1H,MC-BajoPutumayo,7032.16,6487.45
2024-01-20,5,PT1H,MC-BajoPutumayo,6990.57,6458.4
2024-01-20,6,PT1H,MC-BajoPutumayo,7153.8,6824.91
2024-01-20,7,PT1H,MC-BajoPutumayo,7365.96,7373.51
2024-01-20,8,PT1H,MC-BajoPutumayo,8301.22,8553.63
2024-01-20,9,PT1H,MC-BajoPutumayo,9548.16,9659.63
2024-01-20,10,PT1H,MC-BajoPutumayo,10250.67,10407.07
2024-01-20,11,PT1H,MC-BajoPutumayo,10690.9,10877.64
2024-01-20,12,PT1H,MC-BajoPutumayo,10985.53,11548.1
2024-01-20,13,PT1H,MC-BajoPutumayo,10695.63,11188.09
2024-01-20,14,PT1H,MC-BajoPutumayo,10561.01,11415.89
2024-01-20,15,PT1H,MC-BajoPutumayo,10800.3,11930.86
2024-01-20,16,PT1H,MC-BajoPutumayo,11283.33,12037.67
2024-01-20,17,PT1H,MC-BajoPutumayo,11411.5,11945.33
2024-01-20,18,PT1H,MC-BajoPutumayo,11068.53,11917.1
2024-01-20,19,PT1H,MC-BajoPutumayo,11346.56,13260.65
2024-01-20,20,PT1H,MC-BajoPutumayo,11879.3,13532.1
2024-01-20,21,PT1H,MC-BajoPutumayo,11523.08,12843.93
2024-01-20,22,PT1H,MC-BajoPutumayo,10554.84,11737.82
2024-01-20,23,PT1H,MC-BajoPutumayo,9308.12,9761.41
2024-01-20,24,PT1H,MC-BajoPutumayo,8375.89,8235.62
2024-05-11,1,PT1H,MC-BajoPutumayo,8851.97,7769.44
2024-05-11,2,PT1H,MC-BajoPutumayo,8322.64,7486.3
2024-05-11,3,PT1H,MC-BajoPutumayo,7907.54,7344.79
2024-05-11,4,PT1H,MC-BajoPutumayo,7699.17,7321.45
2024-05-11,5,PT1H,MC-BajoPutumayo,7685.89,7452.32
2024-05-11,6,PT1H,MC-BajoPutumayo,7786.01,8093.94
2024-05-11,7,PT1H,MC-BajoPutumayo,8205.35,9108.62
2024-05-11,8,PT1H,MC-BajoPutumayo,9386.93,9534.59
2024-05-11,9,PT1H,MC-BajoPutumayo,10703.41,10348.72
2024-05-11,10,PT1H,MC-BajoPutumayo,11700.11,11150.46
2024-05-11,11,PT1H,MC-BajoPutumayo,12526.78,11818.51
2024-05-11,12,PT1H,MC-BajoPutumayo,13225.71,12328.06
2024-05-11,13,PT1H,MC-BajoPutumayo,12881.81,11764.79
2024-05-11,14,PT1H,MC-BajoPutumayo,12122.28,11971.5
2024-05-11,15,PT1H,MC-BajoPutumayo,11936.43,12313.44
2024-05-11,16,PT1H,MC-BajoPutumayo,11958.2,11962.72
2024-05-11,17,PT1H,MC-BajoPutumayo,11821.41,12132.5
2024-05-11,18,PT1H,MC-BajoPutumayo,11987.05,12063.16
2024-05-11,19,PT1H,MC-BajoPutumayo,13301.93,13887.03
2024-05-11,20,PT1H,MC-BajoPutumayo,13455.59,14562.21
2024-05-11,21,PT1H,MC-BajoPutumayo,12732.78,13747.71
2024-05-11,22,PT1H,MC-BajoPutumayo,11720.7,12333.8
2024-05-11,23,PT1H,MC-BajoPutumayo,10570.56,10342.8
2024-05-11,24,PT1H,MC-BajoPutumayo,9476.13,8390.88
2025-06-22,1,PT1H,MC-BajoPutumayo,7912.24,8881.3
2025-06-22,2,PT1H,MC-BajoPutumayo,7301.64,8286.6
2025-06-22,3,PT1H,MC-BajoPutumayo,6832.53,7887.5
2025-06-22,4,PT1H,MC-BajoPutumayo,6603.33,7651.6
2025-06-22,5,PT1H,MC-BajoPutumayo,6511.14,7484.5
2025-06-22,6,PT1H,MC-BajoPutumayo,6746.15,7600.0
2025-06-22,7,PT1H,MC-BajoPutumayo,7044.01,7806.1
2025-06-22,8,PT1H,MC-BajoPutumayo,5977.96,4710.0
2025-06-22,9,PT1H,MC-BajoPutumayo,4864.58,4990.0
2025-06-22,10,PT1H,MC-BajoPutumayo,5406.59,5840.0
2025-06-22,11,PT1H,MC-BajoPutumayo,5744.23,5740.0
2025-06-22,12,PT1H,MC-BajoPutumayo,5996.78,6200.0
2025-06-22,13,PT1H,MC-BajoPutumayo,6201.76,6100.0
2025-06-22,14,PT1H,MC-BajoPutumayo,6288.5,6420.0
2025-06-22,15,PT1H,MC-BajoPutumayo,6351.24,5650.0
2025-06-22,16,PT1H,MC-BajoPutumayo,6320.18,5630.0
2025-06-22,17,PT1H,MC-BajoPutumayo,6233.69,5120.0
2025-06-22,18,PT1H,MC-BajoPutumayo,6114.42,12156.5
2025-06-22,19,PT1H,MC-BajoPutumayo,7700.32,13472.0
2025-06-22,20,PT1H,MC-BajoPutumayo,14182.08,13813.6
2025-06-22,21,PT1H,MC-BajoPutumayo,13420.79,13189.7
2025-06-22,22,PT1H,MC-BajoPutumayo,12304.75,12016.2
2025-06-22,23,PT1H,MC-BajoPutumayo,10773.0,10442.7
2025-06-22,24,PT1H,MC-BajoPutumayo,9438.33,9173.9
2023-03-21,1,PT1H,MC-BajoPutumayo,7696.5,7622.18
2023-03-21,2,PT1H,MC-BajoPutumayo,7155.53,7166.77
2023-03-21,3,PT1H,MC-BajoPutumayo,6851.9,6966.63
2023-03-21,4,PT1H,MC-BajoPutumayo,6703.68,6827.4
2023-03-21,5,PT1H,MC-BajoPutumayo,6708.0,6888.16
2023-03-21,6,PT1H,MC-BajoPutumayo,7346.58,7681.89
2023-03-21,7,PT1H,MC-BajoPutumayo,7954.32,8434.43
2023-03-21,8,PT1H,MC-BajoPutumayo,8893.24,9208.84
2023-03-21,9,PT1H,MC-BajoPutumayo,10249.77,10193.28
2023-03-21,10,PT1H,MC-BajoPutumayo,11075.28,10696.21
2023-03-21,11,PT1H,MC-BajoPutumayo,11774.47,11075.55
2023-03-21,12,PT1H,MC-BajoPutumayo,12373.6,11430.91
2023-03-21,13,PT1H,MC-BajoPutumayo,11880.27,10838.21
2023-03-21,14,PT1H,MC-BajoPutumayo,12143.35,11280.38
2023-03-21,15,PT1H,MC-BajoPutumayo,11835.99,12215.71
2023-03-21,16,PT1H,MC-BajoPutumayo,12896.08,12641.07
2023-03-21,17,PT1H,MC-BajoPutumayo,12995.84,12602.17
2023-03-21,18,PT1H,MC-BajoPutumayo,12361.19,12206.81
2023-03-21,19,PT1H,MC-BajoPutumayo,13611.19,13488.26
2023-03-21,20,PT1H,MC-BajoPutumayo,14153.26,14187.41
2023-03-21,21,PT1H,MC-BajoPutumayo,13285.41,13295.69
2023-03-21,22,PT1H,MC-BajoPutumayo,12070.82,12007.27
2023-03-21,23,PT1H,MC-BajoPutumayo,10444.58,10251.81
2023-03-21,24,PT1H,MC-BajoPutumayo,9018.29,8897.98
2023-06-28,1,PT1H,MC-BajoPutumayo,7757.42,7447.52
2023-06-28,2,PT1H,MC-BajoPutumayo,7072.59,6988.06
2023-06-28,3,PT1H,MC-BajoPutumayo,6757.72,6708.44
2023-06-28,4,PT1H,MC-BajoPutumayo,6526.52,6548.54
2023-06-28,5,PT1H,MC-BajoPutumayo,6522.29,6576.58
2023-06-28,6,PT1H,MC-BajoPutumayo,6796.76,7178.67
2023-06-28,7,PT1H,MC-BajoPutumayo,7125.98,7847.06
2023-06-28,8,PT1H,MC-BajoPutumayo,8014.39,8555.55
2023-06-28,9,PT1H,MC-BajoPutumayo,8985.02,9633.33
2023-06-28,10,PT1H,MC-BajoPutumayo,9515.77,10462.14
2023-06-28,11,PT1H,MC-BajoPutumayo,9896.21,11009.1
2023-06-28,12,PT1H,MC-BajoPutumayo,10512.08,11369.66
2023-06-28,13,PT1H,MC-BajoPutumayo,10409.85,11083.89
2023-06-28,14,PT1H,MC-BajoPutumayo,10156.89,11333.09
2023-06-28,15,PT1H,MC-BajoPutumayo,10809.4,11960.81
2023-06-28,16,PT1H,MC-BajoPutumayo,11311.33,12195.37
2023-06-28,17,PT1H,MC-BajoPutumayo,11434.83,12205.36
2023-06-28,18,PT1H,MC-BajoPutumayo,11512.41,12091.98
2023-06-28,19,PT1H,MC-BajoPutumayo,12404.01,13246.47
2023-06-28,20,PT1H,MC-BajoPutumayo,12743.31,13444.85
2023-06-28,21,PT1H,MC-BajoPutumayo,11991.78,12654.22
2023-06-28,22,PT1H,MC-BajoPutumayo,10949.42,11485.07
2023-06-28,23,PT1H,MC-BajoPutumayo,9440.27,9787.98
2023-06-28,24,PT1H,MC-BajoPutumayo,8080.46,8413.55
2025-09-14,1,PT1H,MC-BajoPutumayo,9455.35,7446.9
2025-09-14,2,PT1H,MC-BajoPutumayo,8782.89,7066.5
2025-09-14,3,PT1H,MC-BajoPutumayo,8317.82,6865.3
2025-09-14,4,PT1H,MC-BajoPutumayo,8036.25,6741.5
2025-09-14,5,PT1H,MC-BajoPutumayo,7778.1,6805.0
2025-09-14,6,PT1H,MC-BajoPutumayo,736.51,0.0
2025-09-14,7,PT1H,MC-BajoPutumayo,0.0,0.0
2025-09-14,8,PT1H,MC-BajoPutumayo,0.0,0.0
2025-09-14,9,PT1H,MC-BajoPutumayo,0.0,0.0
2025-09-14,10,PT1H,MC-BajoPutumayo,0.0,0.0
2025-09-14,11,PT1H,MC-BajoPutumayo,0.0,0.0
2025-09-14,12,PT1H,MC-BajoPutumayo,0.0,0.0
2025-09-14,13,PT1H,MC-BajoPutumayo,0.0,0.0
2025-09-14,14,PT1H,MC-BajoPutumayo,0.0,0.0
2025-09-14,15,PT1H,MC-BajoPutumayo,0.0,0.0
2025-09-14,16,PT1H,MC-BajoPutumayo,0.0,0.0
2025-09-14,17,PT1H,MC-BajoPutumayo,0.0,0.0
2025-09-14,18,PT1H,MC-BajoPutumayo,0.0,14704.4
2025-09-14,19,PT1H,MC-BajoPutumayo,0.0,15417.2
2025-09-14,20,PT1H,MC-BajoPutumayo,0.0,14349.4
2025-09-14,21,PT1H,MC-BajoPutumayo,0.0,13496.7
2025-09-14,22,PT1H,MC-BajoPutumayo,0.0,11981.1
2025-09-14,23,PT1H,MC-BajoPutumayo,0.0,10049.2
2025-09-14,24,PT1H,MC-BajoPutumayo,8645.9,8453.9
2022-10-01,1,PT1H,MC-BajoPutumayo,4858.39,6999.52
2022-10-01,2,PT1H,MC-BajoPutumayo,4634.34,6608.3
2022-10-01,3,PT1H,MC-BajoPutumayo,4389.65,6304.5
2022-10-01,4,PT1H,MC-BajoPutumayo,4247.16,6143.81
2022-10-01,5,PT1H,MC-BajoPutumayo,4157.74,6113.14
2022-10-01,6,PT1H,MC-BajoPutumayo,4228.49,6396.65
2022-10-01,7,PT1H,MC-BajoPutumayo,4457.46,6895.46
2022-10-01,8,PT1H,MC-BajoPutumayo,7746.28,7958.82
2022-10-01,9,PT1H,MC-BajoPutumayo,10642.77,9253.78
2022-10-01,10,PT1H,MC-BajoPutumayo,11486.16,10116.15
2022-10-01,11,PT1H,MC-BajoPutumayo,11994.63,10615.15
2022-10-01,12,PT1H,MC-BajoPutumayo,11390.23,11009.05
2022-10-01,13,PT1H,MC-BajoPutumayo,12585.9,10730.79
2022-10-01,14,PT1H,MC-BajoPutumayo,12516.89,10386.65
2022-10-01,15,PT1H,MC-BajoPutumayo,12478.53,10446.92
2022-10-01,16,PT1H,MC-BajoPutumayo,12819.46,10444.98
2022-10-01,17,PT1H,MC-BajoPutumayo,12866.6,10483.35
2022-10-01,18,PT1H,MC-BajoPutumayo,12349.99,10664.29
2022-10-01,19,PT1H,MC-BajoPutumayo,13972.39,11881.35
2022-10-01,20,PT1H,MC-BajoPutumayo,14102.15,11859.53
2022-10-01,21,PT1H,MC-BajoPutumayo,11065.95,11017.05
2022-10-01,22,PT1H,MC-BajoPutumayo,10798.85,9891.8
2022-10-01,23,PT1H,MC-BajoPutumayo,10641.24,8663.94
2022-10-01,24,PT1H,MC-BajoPutumayo,8928.48,7679.68
2023-03-06,1,PT1H,MC-BajoPutumayo,8954.0,7359.96
2023-03-06,2,PT1H,MC-BajoPutumayo,8384.46,7050.24
2023-03-06,3,PT1H,MC-BajoPutumayo,6673.37,6598.36
2023-03-06,4,PT1H,MC-BajoPutumayo,7777.98,6440.88
2023-03-06,5,PT1H,MC-BajoPutumayo,7697.9,6307.62
2023-03-06,6,PT1H,MC-BajoPutumayo,8176.04,6947.16
2023-03-06,7,PT1H,MC-BajoPutumayo,8812.99,7688.87
2023-03-06,8,PT1H,MC-BajoPutumayo,9489.04,8327.72
2023-03-06,9,PT1H,MC-BajoPutumayo,12504.48,9256.17
2023-03-06,10,PT1H,MC-BajoPutumayo,11388.75,9851.37
2023-03-06,11,PT1H,MC-BajoPutumayo,12029.91,10449.31
2023-03-06,12,PT1H,MC-BajoPutumayo,12491.92,10831.48
2023-03-06,13,PT1H,MC-BajoPutumayo,12308.85,10627.82
2023-03-06,14,PT1H,MC-BajoPutumayo,12503.65,10824.39
2023-03-06,15,PT1H,MC-BajoPutumayo,13295.97,11337.99
2023-03-06,16,PT1H,MC-BajoPutumayo,13219.71,11545.99
2023-03-06,17,PT1H,MC-BajoPutumayo,13852.01,11647.25
2023-03-06,18,PT1H,MC-BajoPutumayo,13660.16,11291.13
2023-03-06,19,PT1H,MC-BajoPutumayo,14900.12,11970.9
2023-03-06,20,PT1H,MC-BajoPutumayo,15467.99,12614.33
2023-03-06,21,PT1H,MC-BajoPutumayo,14487.09,11508.05
2023-03-06,22,PT1H,MC-BajoPutumayo,12642.32,10773.65
2023-03-06,23,PT1H,MC-BajoPutumayo,10650.02,9348.97
2023-03-06,24,PT1H,MC-BajoPutumayo,9122.82,7967.04
2024-12-20,1,PT1H,MC-BajoPutumayo,7808.49,8273.7
2024-12-20,2,PT1H,MC-BajoPutumayo,7561.48,7865.2
2024-12-20,3,PT1H,MC-BajoPutumayo,7221.05,7499.9
2024-12-20,4,PT1H,MC-BajoPutumayo,7164.74,7354.2
2024-12-20,5,PT1H,MC-BajoPutumayo,7726.95,7483.3
2024-12-20,6,PT1H,MC-BajoPutumayo,8267.93,7926.8
2024-12-20,7,PT1H,MC-BajoPutumayo,9129.31,8772.8
2024-12-20,8,PT1H,MC-BajoPutumayo,10266.23,9890.4
2024-12-20,9,PT1H,MC-BajoPutumayo,11342.34,10926.2
2024-12-20,10,PT1H,MC-BajoPutumayo,12229.82,11841.5
2024-12-20,11,PT1H,MC-BajoPutumayo,12783.95,12399.6
2024-12-20,12,PT1H,MC-BajoPutumayo,12752.57,12692.2
2024-12-20,13,PT1H,MC-BajoPutumayo,12748.21,12503.2
2024-12-20,14,PT1H,MC-BajoPutumayo,13324.76,13084.5
2024-12-20,15,PT1H,MC-BajoPutumayo,11986.25,13348.6
2024-12-20,16,PT1H,MC-BajoPutumayo,11757.17,13293.1
2024-12-20,17,PT1H,MC-BajoPutumayo,11974.79,13068.4
2024-12-20,18,PT1H,MC-BajoPutumayo,12498.03,13513.4
2024-12-20,19,PT1H,MC-BajoPutumayo,12885.79,14086.8
2024-12-20,20,PT1H,MC-BajoPutumayo,12449.34,13248.7
2024-12-20,21,PT1H,MC-BajoPutumayo,11519.91,12235.3
2024-12-20,22,PT1H,MC-BajoPutumayo,10284.23,10893.7
2024-12-20,23,PT1H,MC-BajoPutumayo,9062.65,9605.2
2024-12-20,24,PT1H,MC-BajoPutumayo,8342.41,8549.4
2024-12-19,1,PT1H,MC-BajoPutumayo,4883.81,8055.8
2024-12-19,2,PT1H,MC-BajoPutumayo,5976.0,7718.4
2024-12-19,3,PT1H,MC-BajoPutumayo,5839.55,7445.0
2024-12-19,4,PT1H,MC-BajoPutumayo,5910.92,7351.4
2024-12-19,5,PT1H,MC-BajoPutumayo,6247.87,7577.9
2024-12-19,6,PT1H,MC-BajoPutumayo,6505.28,8078.3
2024-12-19,7,PT1H,MC-BajoPutumayo,6405.09,8763.8
2024-12-19,8,PT1H,MC-BajoPutumayo,5627.11,10048.9
2024-12-19,9,PT1H,MC-BajoPutumayo,6256.16,11397.9
2024-12-19,10,PT1H,MC-BajoPutumayo,6949.26,12061.5
2024-12-19,11,PT1H,MC-BajoPutumayo,6964.3,12517.8
2024-12-19,12,PT1H,MC-BajoPutumayo,7353.04,12493.5
2024-12-19,13,PT1H,MC-BajoPutumayo,8909.12,12269.2
2024-12-19,14,PT1H,MC-BajoPutumayo,10873.82,12803.8
2024-12-19,15,PT1H,MC-BajoPutumayo,10610.94,13233.0
2024-12-19,16,PT1H,MC-BajoPutumayo,10458.55,13480.1
2024-12-19,17,PT1H,MC-BajoPutumayo,10695.16,12976.2
2024-12-19,18,PT1H,MC-BajoPutumayo,12016.52,13519.3
2024-12-19,19,PT1H,MC-BajoPutumayo,13046.07,14557.4
2024-12-19,20,PT1H,MC-BajoPutumayo,12551.1,13894.1
2024-12-19,21,PT1H,MC-BajoPutumayo,12141.75,12807.8
2024-12-19,22,PT1H,MC-BajoPutumayo,10888.39,11315.3
2024-12-19,23,PT1H,MC-BajoPutumayo,9681.35,10027.0
2024-12-19,24,PT1H,MC-BajoPutumayo,8967.81,8868.9
2022-12-11,1,PT1H,MC-BajoPutumayo,8235.32,7541.45
2022-12-11,2,PT1H,MC-BajoPutumayo,7680.28,7073.98
2022-12-11,3,PT1H,MC-BajoPutumayo,7342.73,6717.44
2022-12-11,4,PT1H,MC-BajoPutumayo,7187.2,6505.84
2022-12-11,5,PT1H,MC-BajoPutumayo,7001.23,6382.88
2022-12-11,6,PT1H,MC-BajoPutumayo,6425.26,6412.97
2022-12-11,7,PT1H,MC-BajoPutumayo,7217.08,6743.85
2022-12-11,8,PT1H,MC-BajoPutumayo,8471.31,7720.47
2022-12-11,9,PT1H,MC-BajoPutumayo,9408.81,8697.61
2022-12-11,10,PT1H,MC-BajoPutumayo,10172.81,9614.29
2022-12-11,11,PT1H,MC-BajoPutumayo,10753.75,10093.87
2022-12-11,12,PT1H,MC-BajoPutumayo,11545.51,10511.27
2022-12-11,13,PT1H,MC-BajoPutumayo,11532.9,10636.99
2022-12-11,14,PT1H,MC-BajoPutumayo,10860.37,10542.95
2022-12-11,15,PT1H,MC-BajoPutumayo,10272.04,10548.93
2022-12-11,16,PT1H,MC-BajoPutumayo,10256.41,10425.75
2022-12-11,17,PT1H,MC-BajoPutumayo,10470.61,10314.95
2022-12-11,18,PT1H,MC-BajoPutumayo,10427.93,10377.52
2022-12-11,19,PT1H,MC-BajoPutumayo,11834.32,11698.04
2022-12-11,20,PT1H,MC-BajoPutumayo,12288.34,11751.76
2022-12-11,21,PT1H,MC-BajoPutumayo,11364.17,11114.06
2022-12-11,22,PT1H,MC-BajoPutumayo,10245.37,10139.57
2022-12-11,23,PT1H,MC-BajoPutumayo,8723.22,9000.88
2022-12-11,24,PT1H,MC-BajoPutumayo,7684.38,7955.2
2024-10-08,1,PT1H,MC-BajoPutumayo,7739.8,7901.1
2024-10-08,2,PT1H,MC-BajoPutumayo,7655.39,7515.9
2024-10-08,3,PT1H,MC-BajoPutumayo,6216.17,7247.6
2024-10-08,4,PT1H,MC-BajoPutumayo,5810.16,7127.3
2024-10-08,5,PT1H,MC-BajoPutumayo,5987.55,7265.9
2024-10-08,6,PT1H,MC-BajoPutumayo,6436.55,7899.3
2024-10-08,7,PT1H,MC-BajoPutumayo,7009.95,8348.8
2024-10-08,8,PT1H,MC-BajoPutumayo,8189.21,9367.9
2024-10-08,9,PT1H,MC-BajoPutumayo,9591.4,10566.1
2024-10-08,10,PT1H,MC-BajoPutumayo,9789.8,11749.8
2024-10-08,11,PT1H,MC-BajoPutumayo,11235.68,12513.4
2024-10-08,12,PT1H,MC-BajoPutumayo,12206.22,12901.0
2024-10-08,13,PT1H,MC-BajoPutumayo,12090.06,12762.2
2024-10-08,14,PT1H,MC-BajoPutumayo,12812.43,13474.7
2024-10-08,15,PT1H,MC-BajoPutumayo,13376.13,14272.1
2024-10-08,16,PT1H,MC-BajoPutumayo,13548.79,14284.2
2024-10-08,17,PT1H,MC-BajoPutumayo,12955.19,14062.6
2024-10-08,18,PT1H,MC-BajoPutumayo,13664.16,14124.2
2024-10-08,19,PT1H,MC-BajoPutumayo,14865.53,15532.4
2024-10-08,20,PT1H,MC-BajoPutumayo,14304.09,14968.1
2024-10-08,21,PT1H,MC-BajoPutumayo,13508.5,13919.2
2024-10-08,22,PT1H,MC-BajoPutumayo,12120.98,12346.4
2024-10-08,23,PT1H,MC-BajoPutumayo,10579.19,10541.3
2024-10-08,24,PT1H,MC-BajoPutumayo,9399.24,9162.4
2025-06-30,1,PT1H,MC-BajoPutumayo,8413.57,7202.8
2025-06-30,2,PT1H,MC-BajoPutumayo,7660.91,6774.0
2025-06-30,3,PT1H,MC-BajoPutumayo,7255.9,6463.8
2025-06-30,4,PT1H,MC-BajoPutumayo,7116.68,6298.3
2025-06-30,5,PT1H,MC-BajoPutumayo,7036.1,6286.1
2025-06-30,6,PT1H,MC-BajoPutumayo,7230.87,6748.1
2025-06-30,7,PT1H,MC-BajoPutumayo,7389.03,7315.5
2025-06-30,8,PT1H,MC-BajoPutumayo,8261.96,7989.0
2025-06-30,9,PT1H,MC-BajoPutumayo,9431.45,9050.3
2025-06-30,10,PT1H,MC-BajoPutumayo,10244.96,9776.4
2025-06-30,11,PT1H,MC-BajoPutumayo,10478.33,10423.5
2025-06-30,12,PT1H,MC-BajoPutumayo,10915.84,11056.4
2025-06-30,13,PT1H,MC-BajoPutumayo,11219.03,10861.5
2025-06-30,14,PT1H,MC-BajoPutumayo,10932.09,10794.3
2025-06-30,15,PT1H,MC-BajoPutumayo,10755.28,10701.5
2025-06-30,16,PT1H,MC-BajoPutumayo,10685.36,10895.5
2025-06-30,17,PT1H,MC-BajoPutumayo,10618.98,10797.8
2025-06-30,18,PT1H,MC-BajoPutumayo,10718.86,10705.1
2025-06-30,19,PT1H,MC-BajoPutumayo,11757.62,11944.0
2025-06-30,20,PT1H,MC-BajoPutumayo,12336.03,12386.0
2025-06-30,21,PT1H,MC-BajoPutumayo,11703.74,11784.1
2025-06-30,22,PT1H,MC-BajoPutumayo,10670.29,10503.5
2025-06-30,23,PT1H,MC-BajoPutumayo,9222.53,8912.6
2025-06-30,24,PT1H,MC-BajoPutumayo,8056.44,7684.4
2023-06-25,1,PT1H,MC-BajoPutumayo,7921.19,8066.75
2023-06-25,2,PT1H,MC-BajoPutumayo,7391.47,7539.26
2023-06-25,3,PT1H,MC-BajoPutumayo,7048.41,7177.94
2023-06-25,4,PT1H,MC-BajoPutumayo,6838.14,6904.34
2023-06-25,5,PT1H,MC-BajoPutumayo,6768.63,6736.08
2023-06-25,6,PT1H,MC-BajoPutumayo,6800.81,6732.68
2023-06-25,7,PT1H,MC-BajoPutumayo,137.1,0.0
2023-06-25,8,PT1H,MC-BajoPutumayo,0.0,0.0
2023-06-25,9,PT1H,MC-BajoPutumayo,0.0,0.0
2023-06-25,10,PT1H,MC-BajoPutumayo,0.0,0.0
2023-06-25,11,PT1H,MC-BajoPutumayo,0.01,0.0
2023-06-25,12,PT1H,MC-BajoPutumayo,0.0,0.0
2023-06-25,13,PT1H,MC-BajoPutumayo,0.0,0.0
2023-06-25,14,PT1H,MC-BajoPutumayo,0.0,0.0
2023-06-25,15,PT1H,MC-BajoPutumayo,0.0,0.0
2023-06-25,16,PT1H,MC-BajoPutumayo,0.0,0.0
2023-06-25,17,PT1H,MC-BajoPutumayo,4300.57,10874.47
2023-06-25,18,PT1H,MC-BajoPutumayo,12161.76,11692.96
2023-06-25,19,PT1H,MC-BajoPutumayo,12813.17,12493.64
2023-06-25,20,PT1H,MC-BajoPutumayo,12978.82,13135.71
2023-06-25,21,PT1H,MC-BajoPutumayo,12204.3,12722.7
2023-06-25,22,PT1H,MC-BajoPutumayo,11325.1,11579.79
2023-06-25,23,PT1H,MC-BajoPutumayo,9820.11,10720.2
2023-06-25,24,PT1H,MC-BajoPutumayo,8471.57,9130.1
2026-01-19,16,PT1H,MC-BajoPutumayo,15187.08,11792.9
2026-01-19,17,PT1H,MC-BajoPutumayo,14474.19,11904.5
2026-01-19,18,PT1H,MC-BajoPutumayo,14317.3,11785.7
2026-01-19,19,PT1H,MC-BajoPutumayo,15910.52,13634.1
2026-01-19,20,PT1H,MC-BajoPutumayo,15356.2,13476.3
2026-01-19,21,PT1H,MC-BajoPutumayo,14265.17,12639.5
2026-01-19,22,PT1H,MC-BajoPutumayo,13233.1,11373.8
2026-01-19,23,PT1H,MC-BajoPutumayo,11497.74,9890.8
2026-01-19,24,PT1H,MC-BajoPutumayo,9821.51,8771.7
2026-01-19,1,PT1H,MC-BajoPutumayo,8371.72,7918.1
2026-01-19,2,PT1H,MC-BajoPutumayo,7961.82,7499.0
2026-01-19,3,PT1H,MC-BajoPutumayo,7552.56,7280.6
2026-01-19,4,PT1H,MC-BajoPutumayo,7420.71,7197.5
2026-01-19,5,PT1H,MC-BajoPutumayo,7532.08,7120.1
2026-01-19,6,PT1H,MC-BajoPutumayo,7962.59,7364.0
2026-01-19,7,PT1H,MC-BajoPutumayo,8513.24,7523.4
2026-01-19,8,PT1H,MC-BajoPutumayo,10030.22,8378.0
2026-01-19,9,PT1H,MC-BajoPutumayo,11567.37,9502.0
2026-01-19,10,PT1H,MC-BajoPutumayo,12301.75,10323.8
2026-01-19,11,PT1H,MC-BajoPutumayo,13440.94,10962.3
2026-01-19,12,PT1H,MC-BajoPutumayo,14039.75,11239.2
2026-01-19,13,PT1H,MC-BajoPutumayo,13761.91,11089.5
2026-01-19,14,PT1H,MC-BajoPutumayo,14369.65,11301.0
2026-01-19,15,PT1H,MC-BajoPutumayo,14972.93,11640.2
2023-08-15,1,PT1H,MC-BajoPutumayo,6113.6,6707.22
2023-08-15,2,PT1H,MC-BajoPutumayo,5680.29,6329.86
2023-08-15,3,PT1H,MC-BajoPutumayo,5896.88,6140.08
2023-08-15,4,PT1H,MC-BajoPutumayo,5634.3,6011.77
2023-08-15,5,PT1H,MC-BajoPutumayo,5786.76,6029.74
2023-08-15,6,PT1H,MC-BajoPutumayo,6776.4,6673.67
2023-08-15,7,PT1H,MC-BajoPutumayo,5820.65,7403.54
2023-08-15,8,PT1H,MC-BajoPutumayo,6245.83,8129.26
2023-08-15,9,PT1H,MC-BajoPutumayo,6419.42,9054.16
2023-08-15,10,PT1H,MC-BajoPutumayo,6721.29,9676.07
2023-08-15,11,PT1H,MC-BajoPutumayo,6553.28,10122.09
2023-08-15,12,PT1H,MC-BajoPutumayo,8808.7,10552.59
2023-08-15,13,PT1H,MC-BajoPutumayo,11786.66,10263.45
2023-08-15,14,PT1H,MC-BajoPutumayo,10966.57,10409.52
2023-08-15,15,PT1H,MC-BajoPutumayo,11071.35,11063.25
2023-08-15,16,PT1H,MC-BajoPutumayo,11230.78,11290.91
2023-08-15,17,PT1H,MC-BajoPutumayo,10892.57,11306.3
2023-08-15,18,PT1H,MC-BajoPutumayo,9239.27,11024.17
2023-08-15,19,PT1H,MC-BajoPutumayo,12209.47,11770.21
2023-08-15,20,PT1H,MC-BajoPutumayo,14012.42,12253.21
2023-08-15,21,PT1H,MC-BajoPutumayo,11836.11,11561.2
2023-08-15,22,PT1H,MC-BajoPutumayo,10913.6,10373.63
2023-08-15,23,PT1H,MC-BajoPutumayo,8938.92,8763.14
2023-08-15,24,PT1H,MC-BajoPutumayo,7664.24,7403.21
2024-12-06,1,PT1H,MC-BajoPutumayo,8767.7,8065.5
2024-12-06,2,PT1H,MC-BajoPutumayo,8188.45,7921.9
2024-12-06,3,PT1H,MC-BajoPutumayo,8235.69,7675.8
2024-12-06,4,PT1H,MC-BajoPutumayo,7536.17,7653.2
2024-12-06,5,PT1H,MC-BajoPutumayo,7454.18,7945.0
2024-12-06,6,PT1H,MC-BajoPutumayo,7785.08,8493.3
2024-12-06,7,PT1H,MC-BajoPutumayo,8669.84,9159.8
2024-12-06,8,PT1H,MC-BajoPutumayo,9906.92,10091.2
2024-12-06,9,PT1H,MC-BajoPutumayo,11060.42,11296.7
2024-12-06,10,PT1H,MC-BajoPutumayo,12337.34,12027.2
2024-12-06,11,PT1H,MC-BajoPutumayo,12782.84,12546.8
2024-12-06,12,PT1H,MC-BajoPutumayo,13531.58,12883.1
2024-12-06,13,PT1H,MC-BajoPutumayo,13319.86,12908.4
2024-12-06,14,PT1H,MC-BajoPutumayo,13865.0,13556.3
2024-12-06,15,PT1H,MC-BajoPutumayo,14225.89,14029.0
2024-12-06,16,PT1H,MC-BajoPutumayo,14222.47,13839.5
2024-12-06,17,PT1H,MC-BajoPutumayo,14138.51,13666.4
2024-12-06,18,PT1H,MC-BajoPutumayo,14049.21,14274.8
2024-12-06,19,PT1H,MC-BajoPutumayo,14852.95,14999.3
2024-12-06,20,PT1H,MC-BajoPutumayo,14017.79,14176.0
2024-12-06,21,PT1H,MC-BajoPutumayo,13247.56,12785.6
2024-12-06,22,PT1H,MC-BajoPutumayo,11659.29,11381.5
2024-12-06,23,PT1H,MC-BajoPutumayo,10500.12,10041.8
2024-12-06,24,PT1H,MC-BajoPutumayo,9316.4,9035.1
2025-12-31,1,PT1H,MC-BajoPutumayo,8787.93,8740.8
2025-12-31,2,PT1H,MC-BajoPutumayo,8198.32,8249.4
2025-12-31,3,PT1H,MC-BajoPutumayo,7826.56,7972.5
2025-12-31,4,PT1H,MC-BajoPutumayo,7706.75,7809.3
2025-12-31,5,PT1H,MC-BajoPutumayo,7678.4,7745.5
2025-12-31,6,PT1H,MC-BajoPutumayo,7860.22,7936.3
2025-12-31,7,PT1H,MC-BajoPutumayo,8839.26,8859.8
2025-12-31,8,PT1H,MC-BajoPutumayo,10106.03,9713.6
2025-12-31,9,PT1H,MC-BajoPutumayo,11299.13,11351.0
2025-12-31,10,PT1H,MC-BajoPutumayo,12300.94,12163.0
2025-12-31,11,PT1H,MC-BajoPutumayo,12963.67,12824.8
2025-12-31,12,PT1H,MC-BajoPutumayo,13178.02,13259.8
2025-12-31,13,PT1H,MC-BajoPutumayo,12777.13,12940.2
2025-12-31,14,PT1H,MC-BajoPutumayo,12521.57,13276.8
2025-12-31,15,PT1H,MC-BajoPutumayo,12452.99,14009.2
2025-12-31,16,PT1H,MC-BajoPutumayo,12827.19,13977.6
2025-12-31,17,PT1H,MC-BajoPutumayo,12723.47,13926.4
2025-12-31,18,PT1H,MC-BajoPutumayo,13182.49,13952.9
2025-12-31,19,PT1H,MC-BajoPutumayo,15067.27,15095.2
2025-12-31,20,PT1H,MC-BajoPutumayo,15281.08,14749.9
2025-12-31,21,PT1H,MC-BajoPutumayo,14424.72,13876.2
2025-12-31,22,PT1H,MC-BajoPutumayo,13221.86,12616.3
2025-12-31,23,PT1H,MC-BajoPutumayo,12071.03,10910.0
2025-12-31,24,PT1H,MC-BajoPutumayo,10879.69,9697.8
2024-09-03,1,PT1H,MC-BajoPutumayo,7850.25,7869.8
2024-09-03,2,PT1H,MC-BajoPutumayo,7225.54,7517.4
2024-09-03,3,PT1H,MC-BajoPutumayo,7083.62,7350.7
2024-09-03,4,PT1H,MC-BajoPutumayo,7025.46,7199.4
2024-09-03,5,PT1H,MC-BajoPutumayo,7188.02,7657.5
2024-09-03,6,PT1H,MC-BajoPutumayo,7957.91,8330.1
2024-09-03,7,PT1H,MC-BajoPutumayo,8500.36,9126.9
2024-09-03,8,PT1H,MC-BajoPutumayo,9391.98,9976.7
2024-09-03,9,PT1H,MC-BajoPutumayo,10156.87,10717.5
2024-09-03,10,PT1H,MC-BajoPutumayo,10688.36,11603.3
2024-09-03,11,PT1H,MC-BajoPutumayo,11635.02,11950.3
2024-09-03,12,PT1H,MC-BajoPutumayo,12402.13,12354.9
2024-09-03,13,PT1H,MC-BajoPutumayo,12427.86,12269.5
2024-09-03,14,PT1H,MC-BajoPutumayo,13085.89,12811.3
2024-09-03,15,PT1H,MC-BajoPutumayo,13999.16,13465.7
2024-09-03,16,PT1H,MC-BajoPutumayo,14079.32,13622.9
2024-09-03,17,PT1H,MC-BajoPutumayo,14025.15,13550.4
2024-09-03,18,PT1H,MC-BajoPutumayo,13665.68,13488.9
2024-09-03,19,PT1H,MC-BajoPutumayo,15088.98,14737.9
2024-09-03,20,PT1H,MC-BajoPutumayo,14860.31,14795.7
2024-09-03,21,PT1H,MC-BajoPutumayo,13948.7,13816.3
2024-09-03,22,PT1H,MC-BajoPutumayo,12554.84,12177.0
2024-09-03,23,PT1H,MC-BajoPutumayo,10783.92,10282.2
2024-09-03,24,PT1H,MC-BajoPutumayo,9157.11,8864.2
2022-12-10,1,PT1H,MC-BajoPutumayo,8418.93,7977.26
2022-12-10,2,PT1H,MC-BajoPutumayo,7979.33,7410.44
2022-12-10,3,PT1H,MC-BajoPutumayo,7562.46,7040.57
2022-12-10,4,PT1H,MC-BajoPutumayo,7024.98,6825.85
2022-12-10,5,PT1H,MC-BajoPutumayo,6968.73,6724.24
2022-12-10,6,PT1H,MC-BajoPutumayo,6979.93,6767.19
2022-12-10,7,PT1H,MC-BajoPutumayo,6227.92,7259.5
2022-12-10,8,PT1H,MC-BajoPutumayo,8348.85,8409.14
2022-12-10,9,PT1H,MC-BajoPutumayo,10859.09,9883.36
2022-12-10,10,PT1H,MC-BajoPutumayo,11338.53,10941.18
2022-12-10,11,PT1H,MC-BajoPutumayo,12353.83,11662.99
2022-12-10,12,PT1H,MC-BajoPutumayo,12328.08,12294.42
2022-12-10,13,PT1H,MC-BajoPutumayo,11881.74,12279.58
2022-12-10,14,PT1H,MC-BajoPutumayo,11576.21,12283.36
2022-12-10,15,PT1H,MC-BajoPutumayo,10589.85,12526.56
2022-12-10,16,PT1H,MC-BajoPutumayo,10699.99,12553.44
2022-12-10,17,PT1H,MC-BajoPutumayo,12202.11,12337.05
2022-12-10,18,PT1H,MC-BajoPutumayo,12227.92,12388.09
2022-12-10,19,PT1H,MC-BajoPutumayo,13785.0,13728.83
2022-12-10,20,PT1H,MC-BajoPutumayo,13573.77,13721.72
2022-12-10,21,PT1H,MC-BajoPutumayo,12624.0,12889.75
2022-12-10,22,PT1H,MC-BajoPutumayo,11597.88,11938.71
2022-12-10,23,PT1H,MC-BajoPutumayo,10004.34,10606.04
2022-12-10,24,PT1H,MC-BajoPutumayo,9150.96,9298.8
2022-01-09,1,PT1H,MC-BajoPutumayo,8093.07,7593.48
2022-01-09,2,PT1H,MC-BajoPutumayo,7413.53,7070.89
2022-01-09,3,PT1H,MC-BajoPutumayo,7051.79,6659.11
2022-01-09,4,PT1H,MC-BajoPutumayo,6631.99,6383.94
2022-01-09,5,PT1H,MC-BajoPutumayo,6663.77,6350.48
2022-01-09,6,PT1H,MC-BajoPutumayo,6653.77,6495.34
2022-01-09,7,PT1H,MC-BajoPutumayo,6511.57,6539.6
2022-01-09,8,PT1H,MC-BajoPutumayo,7422.73,7477.27
2022-01-09,9,PT1H,MC-BajoPutumayo,8464.34,8473.31
2022-01-09,10,PT1H,MC-BajoPutumayo,9345.54,9594.95
2022-01-09,11,PT1H,MC-BajoPutumayo,10233.02,10299.53
2022-01-09,12,PT1H,MC-BajoPutumayo,10570.54,10890.44
2022-01-09,13,PT1H,MC-BajoPutumayo,10411.97,10959.95
2022-01-09,14,PT1H,MC-BajoPutumayo,11818.72,10910.28
2022-01-09,15,PT1H,MC-BajoPutumayo,11047.13,11092.98
2022-01-09,16,PT1H,MC-BajoPutumayo,10951.01,10820.33
2022-01-09,17,PT1H,MC-BajoPutumayo,10171.6,10814.59
2022-01-09,18,PT1H,MC-BajoPutumayo,10140.76,10497.09
2022-01-09,19,PT1H,MC-BajoPutumayo,11694.13,11709.33
2022-01-09,20,PT1H,MC-BajoPutumayo,12557.52,12346.95
2022-01-09,21,PT1H,MC-BajoPutumayo,12290.66,11779.58
2022-01-09,22,PT1H,MC-BajoPutumayo,11603.0,10981.18
2022-01-09,23,PT1H,MC-BajoPutumayo,10274.82,9880.83
2022-01-09,24,PT1H,MC-BajoPutumayo,8861.91,8502.11
2025-11-01,1,PT1H,MC-BajoPutumayo,8151.58,7665.0
2025-11-01,2,PT1H,MC-BajoPutumayo,8003.64,7341.6
2025-11-01,3,PT1H,MC-BajoPutumayo,7700.46,7189.5
2025-11-01,4,PT1H,MC-BajoPutumayo,7235.56,6958.3
2025-11-01,5,PT1H,MC-BajoPutumayo,7196.02,6972.6
2025-11-01,6,PT1H,MC-BajoPutumayo,7377.19,7674.5
2025-11-01,7,PT1H,MC-BajoPutumayo,7863.38,8626.4
2025-11-01,8,PT1H,MC-BajoPutumayo,9263.6,9734.9
2025-11-01,9,PT1H,MC-BajoPutumayo,10772.13,10617.6
2025-11-01,10,PT1H,MC-BajoPutumayo,12134.6,11679.8
2025-11-01,11,PT1H,MC-BajoPutumayo,13072.38,12190.7
2025-11-01,12,PT1H,MC-BajoPutumayo,13766.62,12629.1
2025-11-01,13,PT1H,MC-BajoPutumayo,13594.01,12139.3
2025-11-01,14,PT1H,MC-BajoPutumayo,13640.77,12330.7
2025-11-01,15,PT1H,MC-BajoPutumayo,13980.09,13126.4
2025-11-01,16,PT1H,MC-BajoPutumayo,14104.81,13304.1
2025-11-01,17,PT1H,MC-BajoPutumayo,13687.52,13024.2
2025-11-01,18,PT1H,MC-BajoPutumayo,13752.73,12681.8
2025-11-01,19,PT1H,MC-BajoPutumayo,15257.52,14627.8
2025-11-01,20,PT1H,MC-BajoPutumayo,14776.7,14757.5
2025-11-01,21,PT1H,MC-BajoPutumayo,13773.96,14003.1
2025-11-01,22,PT1H,MC-BajoPutumayo,12579.52,12375.8
2025-11-01,23,PT1H,MC-BajoPutumayo,11083.36,10393.4
2025-11-01,24,PT1H,MC-BajoPutumayo,9897.66,8520.1
2024-05-29,1,PT1H,MC-BajoPutumayo,7143.44,7539.99
2024-05-29,2,PT1H,MC-BajoPutumayo,6723.35,7192.24
2024-05-29,3,PT1H,MC-BajoPutumayo,6710.15,6989.6
2024-05-29,4,PT1H,MC-BajoPutumayo,6513.51,6837.1
2024-05-29,5,PT1H,MC-BajoPutumayo,6566.34,6774.85
2024-05-29,6,PT1H,MC-BajoPutumayo,7134.71,7207.61
2024-05-29,7,PT1H,MC-BajoPutumayo,7805.85,7792.59
2024-05-29,8,PT1H,MC-BajoPutumayo,8654.43,8731.93
2024-05-29,9,PT1H,MC-BajoPutumayo,9263.2,9675.17
2024-05-29,10,PT1H,MC-BajoPutumayo,9713.71,10467.94
2024-05-29,11,PT1H,MC-BajoPutumayo,10190.21,11311.98
2024-05-29,12,PT1H,MC-BajoPutumayo,10543.19,11919.54
2024-05-29,13,PT1H,MC-BajoPutumayo,10118.92,11591.49
2024-05-29,14,PT1H,MC-BajoPutumayo,9877.47,11268.84
2024-05-29,15,PT1H,MC-BajoPutumayo,10265.18,10599.1
2024-05-29,16,PT1H,MC-BajoPutumayo,10358.44,10075.48
2024-05-29,17,PT1H,MC-BajoPutumayo,10637.21,10343.16
2024-05-29,18,PT1H,MC-BajoPutumayo,10807.15,10748.52
2024-05-29,19,PT1H,MC-BajoPutumayo,11969.74,12653.02
2024-05-29,20,PT1H,MC-BajoPutumayo,11993.07,13328.96
2024-05-29,21,PT1H,MC-BajoPutumayo,11119.27,12588.65
2024-05-29,22,PT1H,MC-BajoPutumayo,9918.1,11362.4
2024-05-29,23,PT1H,MC-BajoPutumayo,8493.09,9875.62
2024-05-29,24,PT1H,MC-BajoPutumayo,7354.34,8303.29
2024-05-22,1,PT1H,MC-BajoPutumayo,8001.74,8455.45
2024-05-22,2,PT1H,MC-BajoPutumayo,7448.71,7880.41
2024-05-22,3,PT1H,MC-BajoPutumayo,7189.42,7574.79
2024-05-22,4,PT1H,MC-BajoPutumayo,7036.0,7256.75
2024-05-22,5,PT1H,MC-BajoPutumayo,7144.54,7086.44
2024-05-22,6,PT1H,MC-BajoPutumayo,7681.33,7387.78
2024-05-22,7,PT1H,MC-BajoPutumayo,8252.77,7766.75
2024-05-22,8,PT1H,MC-BajoPutumayo,9124.22,8345.71
2024-05-22,9,PT1H,MC-BajoPutumayo,10114.53,9426.49
2024-05-22,10,PT1H,MC-BajoPutumayo,10502.7,10573.66
2024-05-22,11,PT1H,MC-BajoPutumayo,10805.6,10580.22
2024-05-22,12,PT1H,MC-BajoPutumayo,10918.19,10849.8
2024-05-22,13,PT1H,MC-BajoPutumayo,10660.34,10670.02
2024-05-22,14,PT1H,MC-BajoPutumayo,10818.5,10445.59
2024-05-22,15,PT1H,MC-BajoPutumayo,11514.99,10692.42
2024-05-22,16,PT1H,MC-BajoPutumayo,11468.98,11173.81
2024-05-22,17,PT1H,MC-BajoPutumayo,11624.62,11376.95
2024-05-22,18,PT1H,MC-BajoPutumayo,11817.67,11270.99
2024-05-22,19,PT1H,MC-BajoPutumayo,12525.04,12447.16
2024-05-22,20,PT1H,MC-BajoPutumayo,12431.58,12792.16
2024-05-22,21,PT1H,MC-BajoPutumayo,11537.29,12142.68
2024-05-22,22,PT1H,MC-BajoPutumayo,10398.35,10960.07
2024-05-22,23,PT1H,MC-BajoPutumayo,8794.3,9434.7
2024-05-22,24,PT1H,MC-BajoPutumayo,7610.78,8063.41
2025-04-20,1,PT1H,MC-BajoPutumayo,8458.4,8404.9
2025-04-20,2,PT1H,MC-BajoPutumayo,7904.39,7901.2
2025-04-20,3,PT1H,MC-BajoPutumayo,7520.45,7457.9
2025-04-20,4,PT1H,MC-BajoPutumayo,7284.59,7188.9
2025-04-20,5,PT1H,MC-BajoPutumayo,7200.62,7023.3
2025-04-20,6,PT1H,MC-BajoPutumayo,7287.08,7117.6
2025-04-20,7,PT1H,MC-BajoPutumayo,7358.45,7285.5
2025-04-20,8,PT1H,MC-BajoPutumayo,8064.72,8116.3
2025-04-20,9,PT1H,MC-BajoPutumayo,8904.41,9127.0
2025-04-20,10,PT1H,MC-BajoPutumayo,9664.91,9816.7
2025-04-20,11,PT1H,MC-BajoPutumayo,10357.25,10226.3
2025-04-20,12,PT1H,MC-BajoPutumayo,11049.95,10583.3
2025-04-20,13,PT1H,MC-BajoPutumayo,11236.68,10677.4
2025-04-20,14,PT1H,MC-BajoPutumayo,11279.15,10466.6
2025-04-20,15,PT1H,MC-BajoPutumayo,11606.93,10449.8
2025-04-20,16,PT1H,MC-BajoPutumayo,11787.68,10608.3
2025-04-20,17,PT1H,MC-BajoPutumayo,11875.8,10769.7
2025-04-20,18,PT1H,MC-BajoPutumayo,11892.48,10955.8
2025-04-20,19,PT1H,MC-BajoPutumayo,13183.86,12357.0
2025-04-20,20,PT1H,MC-BajoPutumayo,13195.51,12850.1
2025-04-20,21,PT1H,MC-BajoPutumayo,12734.68,12245.9
2025-04-20,22,PT1H,MC-BajoPutumayo,12114.47,11194.1
2025-04-20,23,PT1H,MC-BajoPutumayo,10713.46,9813.1
2025-04-20,24,PT1H,MC-BajoPutumayo,9296.8,8578.4
2022-09-27,1,PT1H,MC-BajoPutumayo,9043.04,7943.68
2022-09-27,2,PT1H,MC-BajoPutumayo,8331.73,7597.67
2022-09-27,3,PT1H,MC-BajoPutumayo,6677.02,7380.6
2022-09-27,4,PT1H,MC-BajoPutumayo,6382.88,7273.65
2022-09-27,5,PT1H,MC-BajoPutumayo,6314.78,7328.95
2022-09-27,6,PT1H,MC-BajoPutumayo,6774.73,8148.96
2022-09-27,7,PT1H,MC-BajoPutumayo,7101.93,9016.55
2022-09-27,8,PT1H,MC-BajoPutumayo,8505.11,10032.76
2022-09-27,9,PT1H,MC-BajoPutumayo,10352.97,11137.85
2022-09-27,10,PT1H,MC-BajoPutumayo,10777.91,11889.21
2022-09-27,11,PT1H,MC-BajoPutumayo,10177.95,12564.48
2022-09-27,12,PT1H,MC-BajoPutumayo,10775.55,12840.96
2022-09-27,13,PT1H,MC-BajoPutumayo,11713.14,12354.36
2022-09-27,14,PT1H,MC-BajoPutumayo,12414.52,12522.44
2022-09-27,15,PT1H,MC-BajoPutumayo,12271.1,13174.5
2022-09-27,16,PT1H,MC-BajoPutumayo,11648.83,13334.32
2022-09-27,17,PT1H,MC-BajoPutumayo,11742.44,13325.43
2022-09-27,18,PT1H,MC-BajoPutumayo,12684.8,13565.11
2022-09-27,19,PT1H,MC-BajoPutumayo,12947.02,15010.13
2022-09-27,20,PT1H,MC-BajoPutumayo,12832.12,14888.81
2022-09-27,21,PT1H,MC-BajoPutumayo,12143.97,13851.12
2022-09-27,22,PT1H,MC-BajoPutumayo,11117.62,12327.21
2022-09-27,23,PT1H,MC-BajoPutumayo,9332.5,10323.69
2022-09-27,24,PT1H,MC-BajoPutumayo,7876.41,8913.15
2022-04-26,1,PT1H,MC-BajoPutumayo,7046.15,6672.56
2022-04-26,2,PT1H,MC-BajoPutumayo,6637.73,6301.76
2022-04-26,3,PT1H,MC-BajoPutumayo,6436.46,6132.14
2022-04-26,4,PT1H,MC-BajoPutumayo,6278.31,6072.66
2022-04-26,5,PT1H,MC-BajoPutumayo,6148.66,6089.97
2022-04-26,6,PT1H,MC-BajoPutumayo,6881.69,6754.32
2022-04-26,7,PT1H,MC-BajoPutumayo,7585.34,7486.85
2022-04-26,8,PT1H,MC-BajoPutumayo,8263.05,8135.44
2022-04-26,9,PT1H,MC-BajoPutumayo,9542.77,9032.92
2022-04-26,10,PT1H,MC-BajoPutumayo,10595.83,9578.34
2022-04-26,11,PT1H,MC-BajoPutumayo,11460.71,10237.24
2022-04-26,12,PT1H,MC-BajoPutumayo,11980.54,10890.98
2022-04-26,13,PT1H,MC-BajoPutumayo,12004.86,10456.38
2022-04-26,14,PT1H,MC-BajoPutumayo,11966.97,10404.15
2022-04-26,15,PT1H,MC-BajoPutumayo,13051.96,10888.3
2022-04-26,16,PT1H,MC-BajoPutumayo,13059.34,10824.59
2022-04-26,17,PT1H,MC-BajoPutumayo,12997.42,11426.74
2022-04-26,18,PT1H,MC-BajoPutumayo,12685.8,11383.16
2022-04-26,19,PT1H,MC-BajoPutumayo,13692.49,12538.21
2022-04-26,20,PT1H,MC-BajoPutumayo,14077.56,12572.41
2022-04-26,21,PT1H,MC-BajoPutumayo,13010.9,11783.53
2022-04-26,22,PT1H,MC-BajoPutumayo,12499.01,10401.87
2022-04-26,23,PT1H,MC-BajoPutumayo,10537.65,8749.45
2022-04-26,24,PT1H,MC-BajoPutumayo,9007.18,7405.84
2022-03-12,1,PT1H,MC-BajoPutumayo,7738.34,7182.61
2022-03-12,2,PT1H,MC-BajoPutumayo,7196.41,6747.46
2022-03-12,3,PT1H,MC-BajoPutumayo,6893.29,6465.62
2022-03-12,4,PT1H,MC-BajoPutumayo,6679.58,6362.87
2022-03-12,5,PT1H,MC-BajoPutumayo,6282.51,6334.67
2022-03-12,6,PT1H,MC-BajoPutumayo,6270.62,6615.21
2022-03-12,7,PT1H,MC-BajoPutumayo,5890.61,6918.55
2022-03-12,8,PT1H,MC-BajoPutumayo,6844.17,7810.57
2022-03-12,9,PT1H,MC-BajoPutumayo,7735.41,9025.59
2022-03-12,10,PT1H,MC-BajoPutumayo,8414.96,9915.5
2022-03-12,11,PT1H,MC-BajoPutumayo,8919.97,10136.79
2022-03-12,12,PT1H,MC-BajoPutumayo,9453.76,10581.42
2022-03-12,13,PT1H,MC-BajoPutumayo,9381.97,10684.98
2022-03-12,14,PT1H,MC-BajoPutumayo,9483.8,10587.93
2022-03-12,15,PT1H,MC-BajoPutumayo,9622.18,10698.8
2022-03-12,16,PT1H,MC-BajoPutumayo,8887.27,10907.33
2022-03-12,17,PT1H,MC-BajoPutumayo,9686.17,10812.02
2022-03-12,18,PT1H,MC-BajoPutumayo,9965.61,10729.9
2022-03-12,19,PT1H,MC-BajoPutumayo,10967.89,11730.3
2022-03-12,20,PT1H,MC-BajoPutumayo,11463.38,12591.9
2022-03-12,21,PT1H,MC-BajoPutumayo,10937.67,11901.7
2022-03-12,22,PT1H,MC-BajoPutumayo,9956.69,10983.32
2022-03-12,23,PT1H,MC-BajoPutumayo,8625.54,9764.98
2022-03-12,24,PT1H,MC-BajoPutumayo,7451.05,8661.25
2024-07-10,1,PT1H,MC-BajoPutumayo,7141.04,8770.0
2024-07-10,2,PT1H,MC-BajoPutumayo,6906.37,8148.9
2024-07-10,3,PT1H,MC-BajoPutumayo,6698.1,7886.2
2024-07-10,4,PT1H,MC-BajoPutumayo,6449.09,7557.7
2024-07-10,5,PT1H,MC-BajoPutumayo,6437.79,7460.4
2024-07-10,6,PT1H,MC-BajoPutumayo,6663.5,7825.7
2024-07-10,7,PT1H,MC-BajoPutumayo,7259.08,8392.1
2024-07-10,8,PT1H,MC-BajoPutumayo,8605.06,8988.2
2024-07-10,9,PT1H,MC-BajoPutumayo,9747.02,9853.8
2024-07-10,10,PT1H,MC-BajoPutumayo,10510.14,10799.6
2024-07-10,11,PT1H,MC-BajoPutumayo,11284.8,11202.6
2024-07-10,12,PT1H,MC-BajoPutumayo,11979.58,11576.3
2024-07-10,13,PT1H,MC-BajoPutumayo,11818.5,11226.3
2024-07-10,14,PT1H,MC-BajoPutumayo,12191.27,11314.1
2024-07-10,15,PT1H,MC-BajoPutumayo,13238.01,11816.1
2024-07-10,16,PT1H,MC-BajoPutumayo,12981.26,11851.9
2024-07-10,17,PT1H,MC-BajoPutumayo,13010.27,11979.9
2024-07-10,18,PT1H,MC-BajoPutumayo,12630.01,12343.7
2024-07-10,19,PT1H,MC-BajoPutumayo,13729.95,13515.8
2024-07-10,20,PT1H,MC-BajoPutumayo,13432.03,13599.2
2024-07-10,21,PT1H,MC-BajoPutumayo,12362.22,12731.3
2024-07-10,22,PT1H,MC-BajoPutumayo,11063.92,11474.6
2024-07-10,23,PT1H,MC-BajoPutumayo,9827.18,9798.5
2024-07-10,24,PT1H,MC-BajoPutumayo,8558.1,8452.0
2024-01-05,1,PT1H,MC-BajoPutumayo,9276.41,8134.25
2024-01-05,2,PT1H,MC-BajoPutumayo,8591.67,7449.41
2024-01-05,3,PT1H,MC-BajoPutumayo,8223.85,7125.24
2024-01-05,4,PT1H,MC-BajoPutumayo,8068.16,6952.08
2024-01-05,5,PT1H,MC-BajoPutumayo,7951.56,6956.49
2024-01-05,6,PT1H,MC-BajoPutumayo,7965.83,7147.99
2024-01-05,7,PT1H,MC-BajoPutumayo,8000.06,7535.06
2024-01-05,8,PT1H,MC-BajoPutumayo,8893.75,8627.85
2024-01-05,9,PT1H,MC-BajoPutumayo,10067.49,9875.09
2024-01-05,10,PT1H,MC-BajoPutumayo,11068.79,10737.63
2024-01-05,11,PT1H,MC-BajoPutumayo,12322.31,11375.76
2024-01-05,12,PT1H,MC-BajoPutumayo,12871.72,11795.52
2024-01-05,13,PT1H,MC-BajoPutumayo,12886.48,11485.35
2024-01-05,14,PT1H,MC-BajoPutumayo,12785.54,11290.77
2024-01-05,15,PT1H,MC-BajoPutumayo,12773.05,11338.55
2024-01-05,16,PT1H,MC-BajoPutumayo,12505.07,11607.28
2024-01-05,17,PT1H,MC-BajoPutumayo,12286.88,11564.65
2024-01-05,18,PT1H,MC-BajoPutumayo,12039.65,11610.87
2024-01-05,19,PT1H,MC-BajoPutumayo,12875.53,12797.7
2024-01-05,20,PT1H,MC-BajoPutumayo,13413.36,12828.63
2024-01-05,21,PT1H,MC-BajoPutumayo,12766.58,12203.21
2024-01-05,22,PT1H,MC-BajoPutumayo,11960.27,11175.43
2024-01-05,23,PT1H,MC-BajoPutumayo,10824.07,9854.42
2024-01-05,24,PT1H,MC-BajoPutumayo,9858.52,8710.31
2022-05-28,1,PT1H,MC-BajoPutumayo,7229.85,7387.09
2022-05-28,2,PT1H,MC-BajoPutumayo,6703.21,7022.21
2022-05-28,3,PT1H,MC-BajoPutumayo,6666.62,6640.69
2022-05-28,4,PT1H,MC-BajoPutumayo,6207.81,6474.49
2022-05-28,5,PT1H,MC-BajoPutumayo,6111.38,6432.39
2022-05-28,6,PT1H,MC-BajoPutumayo,6370.55,6725.79
2022-05-28,7,PT1H,MC-BajoPutumayo,6759.37,7109.09
2022-05-28,8,PT1H,MC-BajoPutumayo,7953.14,8196.34
2022-05-28,9,PT1H,MC-BajoPutumayo,9218.61,9262.1
2022-05-28,10,PT1H,MC-BajoPutumayo,10421.69,9912.28
2022-05-28,11,PT1H,MC-BajoPutumayo,10878.09,10325.48
2022-05-28,12,PT1H,MC-BajoPutumayo,10613.35,10722.66
2022-05-28,13,PT1H,MC-BajoPutumayo,10006.58,10762.02
2022-05-28,14,PT1H,MC-BajoPutumayo,9167.08,10530.39
2022-05-28,15,PT1H,MC-BajoPutumayo,9781.7,10658.36
2022-05-28,16,PT1H,MC-BajoPutumayo,9582.99,10267.25
2022-05-28,17,PT1H,MC-BajoPutumayo,9335.35,10422.92
2022-05-28,18,PT1H,MC-BajoPutumayo,9494.8,10676.56
2022-05-28,19,PT1H,MC-BajoPutumayo,10573.55,11838.5
2022-05-28,20,PT1H,MC-BajoPutumayo,11097.74,12191.43
2022-05-28,21,PT1H,MC-BajoPutumayo,10344.7,11549.96
2022-05-28,22,PT1H,MC-BajoPutumayo,9219.44,10424.19
2022-05-28,23,PT1H,MC-BajoPutumayo,7884.13,9215.92
2022-05-28,24,PT1H,MC-BajoPutumayo,7066.18,8173.9
2023-12-04,1,PT1H,MC-BajoPutumayo,8206.85,8411.99
2023-12-04,2,PT1H,MC-BajoPutumayo,7662.35,7865.28
2023-12-04,3,PT1H,MC-BajoPutumayo,7349.28,7553.13
2023-12-04,4,PT1H,MC-BajoPutumayo,7167.42,7321.57
2023-12-04,5,PT1H,MC-BajoPutumayo,7105.05,7198.35
2023-12-04,6,PT1H,MC-BajoPutumayo,7358.14,7354.29
2023-12-04,7,PT1H,MC-BajoPutumayo,7968.07,7978.82
2023-12-04,8,PT1H,MC-BajoPutumayo,9249.43,8911.76
2023-12-04,9,PT1H,MC-BajoPutumayo,10986.94,9965.83
2023-12-04,10,PT1H,MC-BajoPutumayo,12138.61,11040.79
2023-12-04,11,PT1H,MC-BajoPutumayo,13017.55,11878.9
2023-12-04,12,PT1H,MC-BajoPutumayo,13658.4,12405.29
2023-12-04,13,PT1H,MC-BajoPutumayo,13242.91,12469.58
2023-12-04,14,PT1H,MC-BajoPutumayo,13262.52,12487.81
2023-12-04,15,PT1H,MC-BajoPutumayo,13966.33,12697.91
2023-12-04,16,PT1H,MC-BajoPutumayo,14041.42,12829.89
2023-12-04,17,PT1H,MC-BajoPutumayo,13981.78,12452.18
2023-12-04,18,PT1H,MC-BajoPutumayo,13683.24,12255.8
2023-12-04,19,PT1H,MC-BajoPutumayo,14560.27,14120.74
2023-12-04,20,PT1H,MC-BajoPutumayo,14663.84,14239.54
2023-12-04,21,PT1H,MC-BajoPutumayo,13834.0,13245.17
2023-12-04,22,PT1H,MC-BajoPutumayo,12599.61,11789.99
2023-12-04,23,PT1H,MC-BajoPutumayo,11074.61,10290.29
2023-12-04,24,PT1H,MC-BajoPutumayo,9558.22,8723.0
2022-08-09,1,PT1H,MC-BajoPutumayo,6678.12,6661.8
2022-08-09,2,PT1H,MC-BajoPutumayo,6345.62,6272.29
2022-08-09,3,PT1H,MC-BajoPutumayo,6183.33,6049.78
2022-08-09,4,PT1H,MC-BajoPutumayo,6081.33,5955.39
2022-08-09,5,PT1H,MC-BajoPutumayo,6141.92,5962.09
2022-08-09,6,PT1H,MC-BajoPutumayo,6774.94,6568.54
2022-08-09,7,PT1H,MC-BajoPutumayo,7744.57,7435.38
2022-08-09,8,PT1H,MC-BajoPutumayo,8401.39,8215.47
2022-08-09,9,PT1H,MC-BajoPutumayo,9181.79,9011.39
2022-08-09,10,PT1H,MC-BajoPutumayo,9802.34,9662.36
2022-08-09,11,PT1H,MC-BajoPutumayo,10581.43,10369.21
2022-08-09,12,PT1H,MC-BajoPutumayo,11202.69,10912.07
2022-08-09,13,PT1H,MC-BajoPutumayo,10976.96,10718.49
2022-08-09,14,PT1H,MC-BajoPutumayo,11013.84,10956.68
2022-08-09,15,PT1H,MC-BajoPutumayo,11277.54,11682.14
2022-08-09,16,PT1H,MC-BajoPutumayo,11064.39,11960.12
2022-08-09,17,PT1H,MC-BajoPutumayo,10964.29,11785.88
2022-08-09,18,PT1H,MC-BajoPutumayo,10924.17,11609.02
2022-08-09,19,PT1H,MC-BajoPutumayo,11840.53,12352.17
2022-08-09,20,PT1H,MC-BajoPutumayo,11844.55,12764.38
2022-08-09,21,PT1H,MC-BajoPutumayo,10880.13,11963.89
2022-08-09,22,PT1H,MC-BajoPutumayo,9359.97,10798.83
2022-08-09,23,PT1H,MC-BajoPutumayo,7907.96,9093.33
2022-08-09,24,PT1H,MC-BajoPutumayo,6878.77,7760.71
2026-01-03,1,PT1H,MC-BajoPutumayo,9095.0,9178.4
2026-01-03,2,PT1H,MC-BajoPutumayo,8405.2,8486.2
2026-01-03,3,PT1H,MC-BajoPutumayo,8160.25,8139.8
2026-01-03,4,PT1H,MC-BajoPutumayo,7982.68,7943.1
2026-01-03,5,PT1H,MC-BajoPutumayo,7963.24,7898.0
2026-01-03,6,PT1H,MC-BajoPutumayo,8549.42,8016.4
2026-01-03,7,PT1H,MC-BajoPutumayo,8075.19,8570.7
2026-01-03,8,PT1H,MC-BajoPutumayo,9612.37,9782.9
2026-01-03,9,PT1H,MC-BajoPutumayo,10782.02,11084.7
2026-01-03,10,PT1H,MC-BajoPutumayo,11540.27,11998.4
2026-01-03,11,PT1H,MC-BajoPutumayo,11981.66,12961.0
2026-01-03,12,PT1H,MC-BajoPutumayo,12727.68,13487.4
2026-01-03,13,PT1H,MC-BajoPutumayo,12818.09,13291.7
2026-01-03,14,PT1H,MC-BajoPutumayo,12765.46,13291.2
2026-01-03,15,PT1H,MC-BajoPutumayo,13023.84,13598.6
2026-01-03,16,PT1H,MC-BajoPutumayo,12700.51,13885.2
2026-01-03,17,PT1H,MC-BajoPutumayo,12602.1,13860.4
2026-01-03,18,PT1H,MC-BajoPutumayo,12841.44,13749.2
2026-01-03,19,PT1H,MC-BajoPutumayo,14832.14,15660.9
2026-01-03,20,PT1H,MC-BajoPutumayo,15229.98,15353.6
2026-01-03,21,PT1H,MC-BajoPutumayo,14493.62,14455.7
2026-01-03,22,PT1H,MC-BajoPutumayo,13180.11,13229.6
2026-01-03,23,PT1H,MC-BajoPutumayo,12038.35,11814.8
2026-01-03,24,PT1H,MC-BajoPutumayo,10629.33,10303.3
2024-05-06,1,PT1H,MC-BajoPutumayo,6473.46,7870.99
2024-05-06,2,PT1H,MC-BajoPutumayo,6648.14,7528.27
2024-05-06,3,PT1H,MC-BajoPutumayo,6181.37,7402.29
2024-05-06,4,PT1H,MC-BajoPutumayo,6260.04,7296.62
2024-05-06,5,PT1H,MC-BajoPutumayo,6352.43,7329.75
2024-05-06,6,PT1H,MC-BajoPutumayo,6845.69,8231.82
2024-05-06,7,PT1H,MC-BajoPutumayo,7572.8,9325.52
2024-05-06,8,PT1H,MC-BajoPutumayo,9291.26,9593.12
2024-05-06,9,PT1H,MC-BajoPutumayo,10660.44,10314.56
2024-05-06,10,PT1H,MC-BajoPutumayo,11791.53,11076.68
2024-05-06,11,PT1H,MC-BajoPutumayo,12362.5,12138.56
2024-05-06,12,PT1H,MC-BajoPutumayo,12550.14,12536.37
2024-05-06,13,PT1H,MC-BajoPutumayo,12672.45,11980.93
2024-05-06,14,PT1H,MC-BajoPutumayo,12610.72,12110.68
2024-05-06,15,PT1H,MC-BajoPutumayo,13413.71,11742.36
2024-05-06,16,PT1H,MC-BajoPutumayo,13843.69,11109.08
2024-05-06,17,PT1H,MC-BajoPutumayo,13661.39,11481.39
2024-05-06,18,PT1H,MC-BajoPutumayo,13187.92,11939.45
2024-05-06,19,PT1H,MC-BajoPutumayo,14266.56,13797.48
2024-05-06,20,PT1H,MC-BajoPutumayo,13576.25,14398.53
2024-05-06,21,PT1H,MC-BajoPutumayo,12536.28,13519.06
2024-05-06,22,PT1H,MC-BajoPutumayo,11712.26,12099.26
2024-05-06,23,PT1H,MC-BajoPutumayo,10010.3,10132.61
2024-05-06,24,PT1H,MC-BajoPutumayo,8377.59,8336.68
2022-01-16,1,PT1H,MC-BajoPutumayo,6729.75,8022.85
2022-01-16,2,PT1H,MC-BajoPutumayo,6319.48,7580.79
2022-01-16,3,PT1H,MC-BajoPutumayo,6062.08,7316.86
2022-01-16,4,PT1H,MC-BajoPutumayo,4672.74,7039.23
2022-01-16,5,PT1H,MC-BajoPutumayo,4019.48,6929.83
2022-01-16,6,PT1H,MC-BajoPutumayo,3002.51,0.0
2022-01-16,7,PT1H,MC-BajoPutumayo,0.01,0.0
2022-01-16,8,PT1H,MC-BajoPutumayo,0.01,0.0
2022-01-16,9,PT1H,MC-BajoPutumayo,0.0,0.0
2022-01-16,10,PT1H,MC-BajoPutumayo,0.0,0.0
2022-01-16,11,PT1H,MC-BajoPutumayo,0.0,0.0
2022-01-16,12,PT1H,MC-BajoPutumayo,0.0,0.0
2022-01-16,13,PT1H,MC-BajoPutumayo,0.0,0.0
2022-01-16,14,PT1H,MC-BajoPutumayo,0.01,0.0
2022-01-16,15,PT1H,MC-BajoPutumayo,0.11,0.0
2022-01-16,16,PT1H,MC-BajoPutumayo,624.94,0.0
2022-01-16,17,PT1H,MC-BajoPutumayo,3923.45,0.0
2022-01-16,18,PT1H,MC-BajoPutumayo,4238.31,10036.82
2022-01-16,19,PT1H,MC-BajoPutumayo,11098.18,11676.79
2022-01-16,20,PT1H,MC-BajoPutumayo,13164.0,12669.17
2022-01-16,21,PT1H,MC-BajoPutumayo,12274.0,12059.32
2022-01-16,22,PT1H,MC-BajoPutumayo,11161.28,10959.79
2022-01-16,23,PT1H,MC-BajoPutumayo,9898.33,9431.91
2022-01-16,24,PT1H,MC-BajoPutumayo,8633.0,8415.26
2023-03-17,1,PT1H,MC-BajoPutumayo,7281.95,7851.54
2023-03-17,2,PT1H,MC-BajoPutumayo,6830.58,7386.98
2023-03-17,3,PT1H,MC-BajoPutumayo,6609.23,7141.12
2023-03-17,4,PT1H,MC-BajoPutumayo,6477.68,6962.54
2023-03-17,5,PT1H,MC-BajoPutumayo,6489.14,6916.55
2023-03-17,6,PT1H,MC-BajoPutumayo,7048.93,7431.99
2023-03-17,7,PT1H,MC-BajoPutumayo,7889.77,7974.83
2023-03-17,8,PT1H,MC-BajoPutumayo,8587.91,8670.33
2023-03-17,9,PT1H,MC-BajoPutumayo,9589.81,9804.21
2023-03-17,10,PT1H,MC-BajoPutumayo,10374.64,10618.35
2023-03-17,11,PT1H,MC-BajoPutumayo,11257.37,11359.6
2023-03-17,12,PT1H,MC-BajoPutumayo,12299.49,11432.01
2023-03-17,13,PT1H,MC-BajoPutumayo,12279.76,11361.55
2023-03-17,14,PT1H,MC-BajoPutumayo,12631.77,11438.61
2023-03-17,15,PT1H,MC-BajoPutumayo,13371.34,11978.76
2023-03-17,16,PT1H,MC-BajoPutumayo,13311.85,12326.64
2023-03-17,17,PT1H,MC-BajoPutumayo,13266.37,12476.35
2023-03-17,18,PT1H,MC-BajoPutumayo,13086.44,12193.55
2023-03-17,19,PT1H,MC-BajoPutumayo,13987.32,12803.67
2023-03-17,20,PT1H,MC-BajoPutumayo,14438.58,13475.68
2023-03-17,21,PT1H,MC-BajoPutumayo,13544.66,12707.04
2023-03-17,22,PT1H,MC-BajoPutumayo,12275.74,11564.6
2023-03-17,23,PT1H,MC-BajoPutumayo,10633.99,10017.04
2023-03-17,24,PT1H,MC-BajoPutumayo,9224.24,8737.85
2023-01-05,1,PT1H,MC-BajoPutumayo,8128.72,7979.79
2023-01-05,2,PT1H,MC-BajoPutumayo,7651.6,7491.96
2023-01-05,3,PT1H,MC-BajoPutumayo,7359.55,7206.06
2023-01-05,4,PT1H,MC-BajoPutumayo,7099.2,6852.52
2023-01-05,5,PT1H,MC-BajoPutumayo,7033.9,6830.63
2023-01-05,6,PT1H,MC-BajoPutumayo,7150.05,6911.93
2023-01-05,7,PT1H,MC-BajoPutumayo,7277.68,7029.06
2023-01-05,8,PT1H,MC-BajoPutumayo,8211.41,8563.06
2023-01-05,9,PT1H,MC-BajoPutumayo,9371.84,10024.27
2023-01-05,10,PT1H,MC-BajoPutumayo,10324.64,10952.65
2023-01-05,11,PT1H,MC-BajoPutumayo,11072.5,11408.17
2023-01-05,12,PT1H,MC-BajoPutumayo,11492.56,12166.48
2023-01-05,13,PT1H,MC-BajoPutumayo,11278.93,11954.7
2023-01-05,14,PT1H,MC-BajoPutumayo,11035.63,12045.1
2023-01-05,15,PT1H,MC-BajoPutumayo,10961.75,12475.61
2023-01-05,16,PT1H,MC-BajoPutumayo,10863.82,12523.3
2023-01-05,17,PT1H,MC-BajoPutumayo,10658.26,12513.59
2023-01-05,18,PT1H,MC-BajoPutumayo,10422.45,12266.17
2023-01-05,19,PT1H,MC-BajoPutumayo,11372.16,13445.08
2023-01-05,20,PT1H,MC-BajoPutumayo,11936.13,13695.05
2023-01-05,21,PT1H,MC-BajoPutumayo,11429.31,13105.85
2023-01-05,22,PT1H,MC-BajoPutumayo,10486.46,12200.8
2023-01-05,23,PT1H,MC-BajoPutumayo,9368.91,10830.58
2023-01-05,24,PT1H,MC-BajoPutumayo,8526.34,9147.59
2023-10-08,1,PT1H,MC-BajoPutumayo,8144.84,9433.11
2023-10-08,2,PT1H,MC-BajoPutumayo,7761.0,8871.03
2023-10-08,3,PT1H,MC-BajoPutumayo,7520.26,8457.24
2023-10-08,4,PT1H,MC-BajoPutumayo,7312.32,8142.75
2023-10-08,5,PT1H,MC-BajoPutumayo,7187.91,7920.62
2023-10-08,6,PT1H,MC-BajoPutumayo,6996.67,7886.93
2023-10-08,7,PT1H,MC-BajoPutumayo,7098.25,8081.82
2023-10-08,8,PT1H,MC-BajoPutumayo,8088.84,8961.01
2023-10-08,9,PT1H,MC-BajoPutumayo,8659.15,10123.8
2023-10-08,10,PT1H,MC-BajoPutumayo,9216.11,11338.62
2023-10-08,11,PT1H,MC-BajoPutumayo,10087.07,12064.13
2023-10-08,12,PT1H,MC-BajoPutumayo,10672.7,12241.82
2023-10-08,13,PT1H,MC-BajoPutumayo,11142.69,12495.15
2023-10-08,14,PT1H,MC-BajoPutumayo,11322.29,12500.28
2023-10-08,15,PT1H,MC-BajoPutumayo,11314.73,12789.24
2023-10-08,16,PT1H,MC-BajoPutumayo,11200.3,12860.67
2023-10-08,17,PT1H,MC-BajoPutumayo,11156.71,12857.09
2023-10-08,18,PT1H,MC-BajoPutumayo,11155.68,13064.81
2023-10-08,19,PT1H,MC-BajoPutumayo,12829.35,14125.15
2023-10-08,20,PT1H,MC-BajoPutumayo,10669.52,14202.55
2023-10-08,21,PT1H,MC-BajoPutumayo,10693.82,13479.33
2023-10-08,22,PT1H,MC-BajoPutumayo,10793.7,12178.41
2023-10-08,23,PT1H,MC-BajoPutumayo,10174.32,10710.09
2023-10-08,24,PT1H,MC-BajoPutumayo,9122.93,9460.29
2025-03-28,1,PT1H,MC-BajoPutumayo,8204.44,7569.5
2025-03-28,2,PT1H,MC-BajoPutumayo,6561.76,7094.3
2025-03-28,3,PT1H,MC-BajoPutumayo,6159.82,6841.1
2025-03-28,4,PT1H,MC-BajoPutumayo,5917.04,6703.3
2025-03-28,5,PT1H,MC-BajoPutumayo,5905.81,6769.6
2025-03-28,6,PT1H,MC-BajoPutumayo,6986.11,7442.2
2025-03-28,7,PT1H,MC-BajoPutumayo,8829.71,8193.2
2025-03-28,8,PT1H,MC-BajoPutumayo,9405.22,8933.6
2025-03-28,9,PT1H,MC-BajoPutumayo,10610.06,10022.2
2025-03-28,10,PT1H,MC-BajoPutumayo,10886.57,10664.0
2025-03-28,11,PT1H,MC-BajoPutumayo,11192.89,11572.4
2025-03-28,12,PT1H,MC-BajoPutumayo,11320.89,12141.1
2025-03-28,13,PT1H,MC-BajoPutumayo,10936.54,12271.3
2025-03-28,14,PT1H,MC-BajoPutumayo,10662.75,12749.5
2025-03-28,15,PT1H,MC-BajoPutumayo,11037.95,13774.2
2025-03-28,16,PT1H,MC-BajoPutumayo,11336.69,13765.9
2025-03-28,17,PT1H,MC-BajoPutumayo,11423.66,13905.5
2025-03-28,18,PT1H,MC-BajoPutumayo,11577.64,13556.6
2025-03-28,19,PT1H,MC-BajoPutumayo,12675.57,14296.1
2025-03-28,20,PT1H,MC-BajoPutumayo,13162.71,14446.8
2025-03-28,21,PT1H,MC-BajoPutumayo,12594.43,13472.3
2025-03-28,22,PT1H,MC-BajoPutumayo,11487.97,12162.7
2025-03-28,23,PT1H,MC-BajoPutumayo,9616.64,10601.4
2025-03-28,24,PT1H,MC-BajoPutumayo,7153.54,9264.2
2023-05-14,1,PT1H,MC-BajoPutumayo,7641.07,6699.72
2023-05-14,2,PT1H,MC-BajoPutumayo,7100.84,6493.19
2023-05-14,3,PT1H,MC-BajoPutumayo,6686.99,6142.26
2023-05-14,4,PT1H,MC-BajoPutumayo,6421.2,6154.72
2023-05-14,5,PT1H,MC-BajoPutumayo,6282.05,6262.92
2023-05-14,6,PT1H,MC-BajoPutumayo,6337.69,6390.14
2023-05-14,7,PT1H,MC-BajoPutumayo,6454.29,7181.03
2023-05-14,8,PT1H,MC-BajoPutumayo,7195.24,8348.98
2023-05-14,9,PT1H,MC-BajoPutumayo,8193.23,9128.49
2023-05-14,10,PT1H,MC-BajoPutumayo,8800.4,9661.21
2023-05-14,11,PT1H,MC-BajoPutumayo,9332.71,10062.69
2023-05-14,12,PT1H,MC-BajoPutumayo,9716.72,10555.45
2023-05-14,13,PT1H,MC-BajoPutumayo,9775.63,10376.45
2023-05-14,14,PT1H,MC-BajoPutumayo,9517.44,10605.95
2023-05-14,15,PT1H,MC-BajoPutumayo,9470.98,11254.25
2023-05-14,16,PT1H,MC-BajoPutumayo,9479.8,11451.47
2023-05-14,17,PT1H,MC-BajoPutumayo,9451.98,11238.53
2023-05-14,18,PT1H,MC-BajoPutumayo,9600.85,11053.89
2023-05-14,19,PT1H,MC-BajoPutumayo,10983.75,12799.63
2023-05-14,20,PT1H,MC-BajoPutumayo,11191.43,13370.96
2023-05-14,21,PT1H,MC-BajoPutumayo,10665.97,12548.78
2023-05-14,22,PT1H,MC-BajoPutumayo,9755.32,11065.5
2023-05-14,23,PT1H,MC-BajoPutumayo,8652.5,9142.41
2023-05-14,24,PT1H,MC-BajoPutumayo,7548.16,7665.59
2024-01-17,1,PT1H,MC-BajoPutumayo,7518.96,7847.0
2024-01-17,2,PT1H,MC-BajoPutumayo,7125.82,7307.88
2024-01-17,3,PT1H,MC-BajoPutumayo,6935.62,6957.96
2024-01-17,4,PT1H,MC-BajoPutumayo,6805.08,6985.0
2024-01-17,5,PT1H,MC-BajoPutumayo,6820.37,6903.28
2024-01-17,6,PT1H,MC-BajoPutumayo,7110.64,7226.84
2024-01-17,7,PT1H,MC-BajoPutumayo,7438.81,7595.49
2024-01-17,8,PT1H,MC-BajoPutumayo,8562.61,8764.79
2024-01-17,9,PT1H,MC-BajoPutumayo,9772.42,10082.09
2024-01-17,10,PT1H,MC-BajoPutumayo,10560.3,10718.27
2024-01-17,11,PT1H,MC-BajoPutumayo,10983.89,11081.19
2024-01-17,12,PT1H,MC-BajoPutumayo,11363.41,11871.34
2024-01-17,13,PT1H,MC-BajoPutumayo,11105.88,11550.68
2024-01-17,14,PT1H,MC-BajoPutumayo,11016.44,11588.54
2024-01-17,15,PT1H,MC-BajoPutumayo,11597.54,11456.61
2024-01-17,16,PT1H,MC-BajoPutumayo,11783.74,11741.73
2024-01-17,17,PT1H,MC-BajoPutumayo,11903.19,11525.43
2024-01-17,18,PT1H,MC-BajoPutumayo,11754.53,11534.5
2024-01-17,19,PT1H,MC-BajoPutumayo,12656.71,13215.69
2024-01-17,20,PT1H,MC-BajoPutumayo,13254.11,13833.57
2024-01-17,21,PT1H,MC-BajoPutumayo,12514.47,13233.79
2024-01-17,22,PT1H,MC-BajoPutumayo,11426.07,12189.22
2024-01-17,23,PT1H,MC-BajoPutumayo,9960.75,10585.06
2024-01-17,24,PT1H,MC-BajoPutumayo,8700.44,9458.98
2022-06-02,1,PT1H,MC-BajoPutumayo,6706.7,6751.77
2022-06-02,2,PT1H,MC-BajoPutumayo,6225.55,6393.39
2022-06-02,3,PT1H,MC-BajoPutumayo,6114.84,6515.25
2022-06-02,4,PT1H,MC-BajoPutumayo,6090.23,6307.9
2022-06-02,5,PT1H,MC-BajoPutumayo,6140.61,6302.35
2022-06-02,6,PT1H,MC-BajoPutumayo,6782.54,6887.31
2022-06-02,7,PT1H,MC-BajoPutumayo,7445.11,7814.42
2022-06-02,8,PT1H,MC-BajoPutumayo,8033.33,8617.09
2022-06-02,9,PT1H,MC-BajoPutumayo,8324.76,9481.22
2022-06-02,10,PT1H,MC-BajoPutumayo,10189.71,9430.77
2022-06-02,11,PT1H,MC-BajoPutumayo,11677.83,10265.8
2022-06-02,12,PT1H,MC-BajoPutumayo,11406.07,11018.89
2022-06-02,13,PT1H,MC-BajoPutumayo,11575.57,10608.4
2022-06-02,14,PT1H,MC-BajoPutumayo,11827.19,10500.04
2022-06-02,15,PT1H,MC-BajoPutumayo,12348.05,11038.86
2022-06-02,16,PT1H,MC-BajoPutumayo,12912.73,11245.91
2022-06-02,17,PT1H,MC-BajoPutumayo,12709.06,11346.75
2022-06-02,18,PT1H,MC-BajoPutumayo,11994.39,11718.45
2022-06-02,19,PT1H,MC-BajoPutumayo,12957.16,13286.62
2022-06-02,20,PT1H,MC-BajoPutumayo,13382.32,13415.21
2022-06-02,21,PT1H,MC-BajoPutumayo,12621.12,12458.88
2022-06-02,22,PT1H,MC-BajoPutumayo,11375.83,11010.32
2022-06-02,23,PT1H,MC-BajoPutumayo,9697.22,9046.27
2022-06-02,24,PT1H,MC-BajoPutumayo,7859.0,7772.62
2023-09-06,1,PT1H,MC-BajoPutumayo,8155.71,7921.75
2023-09-06,2,PT1H,MC-BajoPutumayo,7600.46,7367.33
2023-09-06,3,PT1H,MC-BajoPutumayo,7333.81,7067.03
2023-09-06,4,PT1H,MC-BajoPutumayo,7136.29,6866.34
2023-09-06,5,PT1H,MC-BajoPutumayo,7134.11,7069.85
2023-09-06,6,PT1H,MC-BajoPutumayo,7629.75,7300.42
2023-09-06,7,PT1H,MC-BajoPutumayo,8269.08,8541.95
2023-09-06,8,PT1H,MC-BajoPutumayo,9169.34,9150.0
2023-09-06,9,PT1H,MC-BajoPutumayo,9549.64,10487.59
2023-09-06,10,PT1H,MC-BajoPutumayo,10457.76,11203.67
2023-09-06,11,PT1H,MC-BajoPutumayo,11284.9,12425.73
2023-09-06,12,PT1H,MC-BajoPutumayo,11592.37,13064.21
2023-09-06,13,PT1H,MC-BajoPutumayo,11129.42,12865.72
2023-09-06,14,PT1H,MC-BajoPutumayo,11539.66,13247.49
2023-09-06,15,PT1H,MC-BajoPutumayo,12413.94,14833.3
2023-09-06,16,PT1H,MC-BajoPutumayo,12573.62,15090.65
2023-09-06,17,PT1H,MC-BajoPutumayo,12506.9,14965.43
2023-09-06,18,PT1H,MC-BajoPutumayo,11887.42,14570.04
2023-09-06,19,PT1H,MC-BajoPutumayo,13326.89,15278.03
2023-09-06,20,PT1H,MC-BajoPutumayo,14630.58,16020.47
2023-09-06,21,PT1H,MC-BajoPutumayo,13738.94,15077.06
2023-09-06,22,PT1H,MC-BajoPutumayo,12605.9,13600.11
2023-09-06,23,PT1H,MC-BajoPutumayo,10875.01,11670.34
2023-09-06,24,PT1H,MC-BajoPutumayo,9365.94,9742.99
2024-06-23,1,PT1H,MC-BajoPutumayo,8792.53,6930.6
2024-06-23,2,PT1H,MC-BajoPutumayo,8213.54,6428.9
2024-06-23,3,PT1H,MC-BajoPutumayo,7781.72,6390.4
2024-06-23,4,PT1H,MC-BajoPutumayo,7582.04,6193.8
2024-06-23,5,PT1H,MC-BajoPutumayo,7432.06,6363.4
2024-06-23,6,PT1H,MC-BajoPutumayo,7425.39,7003.4
2024-06-23,7,PT1H,MC-BajoPutumayo,7609.57,7764.2
2024-06-23,8,PT1H,MC-BajoPutumayo,8402.43,8591.2
2024-06-23,9,PT1H,MC-BajoPutumayo,9361.44,9324.1
2024-06-23,10,PT1H,MC-BajoPutumayo,10501.98,10014.0
2024-06-23,11,PT1H,MC-BajoPutumayo,11547.03,10626.0
2024-06-23,12,PT1H,MC-BajoPutumayo,11845.01,10982.9
2024-06-23,13,PT1H,MC-BajoPutumayo,12036.28,10654.4
2024-06-23,14,PT1H,MC-BajoPutumayo,11654.95,10996.0
2024-06-23,15,PT1H,MC-BajoPutumayo,11868.5,11394.9
2024-06-23,16,PT1H,MC-BajoPutumayo,11974.61,11161.6
2024-06-23,17,PT1H,MC-BajoPutumayo,11874.99,11195.6
2024-06-23,18,PT1H,MC-BajoPutumayo,11897.25,11063.0
2024-06-23,19,PT1H,MC-BajoPutumayo,13153.09,12368.7
2024-06-23,20,PT1H,MC-BajoPutumayo,13591.07,13309.0
2024-06-23,21,PT1H,MC-BajoPutumayo,12993.09,12648.8
2024-06-23,22,PT1H,MC-BajoPutumayo,12122.78,11360.0
2024-06-23,23,PT1H,MC-BajoPutumayo,10748.44,9192.9
2024-06-23,24,PT1H,MC-BajoPutumayo,9462.29,7497.0
2025-10-09,1,PT1H,MC-BajoPutumayo,15225.8,15052.3
2025-10-09,2,PT1H,MC-BajoPutumayo,14374.06,14248.0
2025-10-09,3,PT1H,MC-BajoPutumayo,13971.46,13624.9
2025-10-09,4,PT1H,MC-BajoPutumayo,13740.98,13459.3
2025-10-09,5,PT1H,MC-BajoPutumayo,13904.42,13590.9
2025-10-09,6,PT1H,MC-BajoPutumayo,14782.44,14849.6
2025-10-09,7,PT1H,MC-BajoPutumayo,15931.98,16290.3
2025-10-09,8,PT1H,MC-BajoPutumayo,18269.8,17603.4
2025-10-09,9,PT1H,MC-BajoPutumayo,20606.54,19758.0
2025-10-09,10,PT1H,MC-BajoPutumayo,22411.2,21310.2
2025-10-09,11,PT1H,MC-BajoPutumayo,24202.04,22860.0
2025-10-09,12,PT1H,MC-BajoPutumayo,25807.12,23687.2
2025-10-09,13,PT1H,MC-BajoPutumayo,25101.46,23088.6
2025-10-09,14,PT1H,MC-BajoPutumayo,25552.48,23710.5
2025-10-09,15,PT1H,MC-BajoPutumayo,27084.48,25784.4
2025-10-09,16,PT1H,MC-BajoPutumayo,26705.22,26033.3
2025-10-09,17,PT1H,MC-BajoPutumayo,26947.4,25428.1
2025-10-09,18,PT1H,MC-BajoPutumayo,27357.22,25277.5
2025-10-09,19,PT1H,MC-BajoPutumayo,29719.04,27822.0
2025-10-09,20,PT1H,MC-BajoPutumayo,28928.8,27685.5
2025-10-09,21,PT1H,MC-BajoPutumayo,27674.16,25981.5
2025-10-09,22,PT1H,MC-BajoPutumayo,24642.94,23325.7
2025-10-09,23,PT1H,MC-BajoPutumayo,21132.78,19725.9
2025-10-09,24,PT1H,MC-BajoPutumayo,18449.24,16960.6
2025-11-22,1,PT1H,MC-BajoPutumayo,9048.11,8281.6
2025-11-22,2,PT1H,MC-BajoPutumayo,8497.97,7874.9
2025-11-22,3,PT1H,MC-BajoPutumayo,7988.72,7534.4
2025-11-22,4,PT1H,MC-BajoPutumayo,7776.68,7247.2
2025-11-22,5,PT1H,MC-BajoPutumayo,7739.75,7230.2
2025-11-22,6,PT1H,MC-BajoPutumayo,7951.23,7351.7
2025-11-22,7,PT1H,MC-BajoPutumayo,9109.79,8126.7
2025-11-22,8,PT1H,MC-BajoPutumayo,10304.03,9260.1
2025-11-22,9,PT1H,MC-BajoPutumayo,11943.81,10860.4
2025-11-22,10,PT1H,MC-BajoPutumayo,13324.37,12166.9
2025-11-22,11,PT1H,MC-BajoPutumayo,14369.82,12874.8
2025-11-22,12,PT1H,MC-BajoPutumayo,14702.11,13227.6
2025-11-22,13,PT1H,MC-BajoPutumayo,14503.86,13173.9
2025-11-22,14,PT1H,MC-BajoPutumayo,14508.56,13242.6
2025-11-22,15,PT1H,MC-BajoPutumayo,14844.93,13579.1
2025-11-22,16,PT1H,MC-BajoPutumayo,14923.05,13683.6
2025-11-22,17,PT1H,MC-BajoPutumayo,14706.53,13471.2
2025-11-22,18,PT1H,MC-BajoPutumayo,14627.34,13579.1
2025-11-22,19,PT1H,MC-BajoPutumayo,15426.81,15103.0
2025-11-22,20,PT1H,MC-BajoPutumayo,15333.3,14658.9
2025-11-22,21,PT1H,MC-BajoPutumayo,14800.19,13633.3
2025-11-22,22,PT1H,MC-BajoPutumayo,13360.22,12488.8
2025-11-22,23,PT1H,MC-BajoPutumayo,12039.53,11097.5
2025-11-22,24,PT1H,MC-BajoPutumayo,10930.13,9842.5
2025-06-28,1,PT1H,MC-BajoPutumayo,8309.56,7583.0
2025-06-28,2,PT1H,MC-BajoPutumayo,7793.57,7192.3
2025-06-28,3,PT1H,MC-BajoPutumayo,7431.97,7062.0
2025-06-28,4,PT1H,MC-BajoPutumayo,7074.06,6993.7
2025-06-28,5,PT1H,MC-BajoPutumayo,6865.89,7086.5
2025-06-28,6,PT1H,MC-BajoPutumayo,6997.53,7715.3
2025-06-28,7,PT1H,MC-BajoPutumayo,7249.64,8392.7
2025-06-28,8,PT1H,MC-BajoPutumayo,7657.89,9131.5
2025-06-28,9,PT1H,MC-BajoPutumayo,8557.56,9935.2
2025-06-28,10,PT1H,MC-BajoPutumayo,9544.28,10526.4
2025-06-28,11,PT1H,MC-BajoPutumayo,10097.92,11151.6
2025-06-28,12,PT1H,MC-BajoPutumayo,10998.97,11745.5
2025-06-28,13,PT1H,MC-BajoPutumayo,11540.56,11564.8
2025-06-28,14,PT1H,MC-BajoPutumayo,11564.98,11843.4
2025-06-28,15,PT1H,MC-BajoPutumayo,12220.96,12453.6
2025-06-28,16,PT1H,MC-BajoPutumayo,13110.12,12667.9
2025-06-28,17,PT1H,MC-BajoPutumayo,12681.1,12495.5
2025-06-28,18,PT1H,MC-BajoPutumayo,12508.18,12461.3
2025-06-28,19,PT1H,MC-BajoPutumayo,13359.98,14203.4
2025-06-28,20,PT1H,MC-BajoPutumayo,13899.8,14996.3
2025-06-28,21,PT1H,MC-BajoPutumayo,12994.88,14045.2
2025-06-28,22,PT1H,MC-BajoPutumayo,11899.82,12633.1
2025-06-28,23,PT1H,MC-BajoPutumayo,10668.46,10433.7
2025-06-28,24,PT1H,MC-BajoPutumayo,9560.21,8842.0
2022-09-01,1,PT1H,MC-BajoPutumayo,6860.43,6823.35
2022-09-01,2,PT1H,MC-BajoPutumayo,6483.4,6492.95
2022-09-01,3,PT1H,MC-BajoPutumayo,6277.8,6264.77
2022-09-01,4,PT1H,MC-BajoPutumayo,6142.26,6141.88
2022-09-01,5,PT1H,MC-BajoPutumayo,6211.6,6159.18
2022-09-01,6,PT1H,MC-BajoPutumayo,6938.6,6703.64
2022-09-01,7,PT1H,MC-BajoPutumayo,7630.66,7467.18
2022-09-01,8,PT1H,MC-BajoPutumayo,8505.31,8327.66
2022-09-01,9,PT1H,MC-BajoPutumayo,9734.28,9411.87
2022-09-01,10,PT1H,MC-BajoPutumayo,10769.22,10133.97
2022-09-01,11,PT1H,MC-BajoPutumayo,11832.32,10905.11
2022-09-01,12,PT1H,MC-BajoPutumayo,12432.42,11324.21
2022-09-01,13,PT1H,MC-BajoPutumayo,12146.08,11063.14
2022-09-01,14,PT1H,MC-BajoPutumayo,12824.9,11115.53
2022-09-01,15,PT1H,MC-BajoPutumayo,13924.37,11554.5
2022-09-01,16,PT1H,MC-BajoPutumayo,13883.45,11885.56
2022-09-01,17,PT1H,MC-BajoPutumayo,13651.71,11936.82
2022-09-01,18,PT1H,MC-BajoPutumayo,13226.64,11825.83
2022-09-01,19,PT1H,MC-BajoPutumayo,14480.71,12825.65
2022-09-01,20,PT1H,MC-BajoPutumayo,14472.5,13252.81
2022-09-01,21,PT1H,MC-BajoPutumayo,13371.9,12368.11
2022-09-01,22,PT1H,MC-BajoPutumayo,12007.14,11063.9
2022-09-01,23,PT1H,MC-BajoPutumayo,10367.17,9371.92
2022-09-01,24,PT1H,MC-BajoPutumayo,8861.18,8043.47
2022-04-20,1,PT1H,MC-BajoPutumayo,7195.02,6648.14
2022-04-20,2,PT1H,MC-BajoPutumayo,6760.68,6238.63
2022-04-20,3,PT1H,MC-BajoPutumayo,5997.52,6059.11
2022-04-20,4,PT1H,MC-BajoPutumayo,6554.6,6000.57
2022-04-20,5,PT1H,MC-BajoPutumayo,6195.7,6071.02
2022-04-20,6,PT1H,MC-BajoPutumayo,6615.3,6730.68
2022-04-20,7,PT1H,MC-BajoPutumayo,7294.81,7593.83
2022-04-20,8,PT1H,MC-BajoPutumayo,7589.01,8110.56
2022-04-20,9,PT1H,MC-BajoPutumayo,9279.71,9061.33
2022-04-20,10,PT1H,MC-BajoPutumayo,10066.39,9731.72
2022-04-20,11,PT1H,MC-BajoPutumayo,10884.98,10361.98
2022-04-20,12,PT1H,MC-BajoPutumayo,11225.91,10920.96
2022-04-20,13,PT1H,MC-BajoPutumayo,11001.07,10754.19
2022-04-20,14,PT1H,MC-BajoPutumayo,11303.9,11080.79
2022-04-20,15,PT1H,MC-BajoPutumayo,12047.5,12002.0
2022-04-20,16,PT1H,MC-BajoPutumayo,12135.73,12331.82
2022-04-20,17,PT1H,MC-BajoPutumayo,12013.67,12307.27
2022-04-20,18,PT1H,MC-BajoPutumayo,12002.41,11961.44
2022-04-20,19,PT1H,MC-BajoPutumayo,12647.15,12917.96
2022-04-20,20,PT1H,MC-BajoPutumayo,12180.49,13390.15
2022-04-20,21,PT1H,MC-BajoPutumayo,11398.34,12631.9
2022-04-20,22,PT1H,MC-BajoPutumayo,9995.16,11413.25
2022-04-20,23,PT1H,MC-BajoPutumayo,8414.72,9689.83
2022-04-20,24,PT1H,MC-BajoPutumayo,7323.73,8204.46
2022-03-09,1,PT1H,MC-BajoPutumayo,6980.05,7566.41
2022-03-09,2,PT1H,MC-BajoPutumayo,6567.15,7149.81
2022-03-09,3,PT1H,MC-BajoPutumayo,6309.1,6829.24
2022-03-09,4,PT1H,MC-BajoPutumayo,6200.22,6568.64
2022-03-09,5,PT1H,MC-BajoPutumayo,6241.78,6677.82
2022-03-09,6,PT1H,MC-BajoPutumayo,6904.73,7031.11
2022-03-09,7,PT1H,MC-BajoPutumayo,7690.41,7617.94
2022-03-09,8,PT1H,MC-BajoPutumayo,8235.63,8068.15
2022-03-09,9,PT1H,MC-BajoPutumayo,9359.69,8936.49
2022-03-09,10,PT1H,MC-BajoPutumayo,10178.04,9598.78
2022-03-09,11,PT1H,MC-BajoPutumayo,10784.91,9900.81
2022-03-09,12,PT1H,MC-BajoPutumayo,11397.39,10395.94
2022-03-09,13,PT1H,MC-BajoPutumayo,11242.76,10157.94
2022-03-09,14,PT1H,MC-BajoPutumayo,11533.32,10278.6
2022-03-09,15,PT1H,MC-BajoPutumayo,12270.39,10652.17
2022-03-09,16,PT1H,MC-BajoPutumayo,12562.54,10708.54
2022-03-09,17,PT1H,MC-BajoPutumayo,12520.99,10552.62
2022-03-09,18,PT1H,MC-BajoPutumayo,11756.86,10466.52
2022-03-09,19,PT1H,MC-BajoPutumayo,12204.72,11677.4
2022-03-09,20,PT1H,MC-BajoPutumayo,12613.69,12477.11
2022-03-09,21,PT1H,MC-BajoPutumayo,11961.56,11827.76
2022-03-09,22,PT1H,MC-BajoPutumayo,10794.46,10593.87
2022-03-09,23,PT1H,MC-BajoPutumayo,9128.72,9150.13
2022-03-09,24,PT1H,MC-BajoPutumayo,7761.36,7856.21
2022-03-10,1,PT1H,MC-BajoPutumayo,7006.18,6789.73
2022-03-10,2,PT1H,MC-BajoPutumayo,6656.21,6427.69
2022-03-10,3,PT1H,MC-BajoPutumayo,6502.78,6231.98
2022-03-10,4,PT1H,MC-BajoPutumayo,6392.72,6115.39
2022-03-10,5,PT1H,MC-BajoPutumayo,6483.22,6165.73
2022-03-10,6,PT1H,MC-BajoPutumayo,7132.69,6546.05
2022-03-10,7,PT1H,MC-BajoPutumayo,7753.98,7093.81
2022-03-10,8,PT1H,MC-BajoPutumayo,8270.63,7689.73
2022-03-10,9,PT1H,MC-BajoPutumayo,9236.52,8545.99
2022-03-10,10,PT1H,MC-BajoPutumayo,10148.17,9208.89
2022-03-10,11,PT1H,MC-BajoPutumayo,11019.43,9781.79
2022-03-10,12,PT1H,MC-BajoPutumayo,11448.2,10404.81
2022-03-10,13,PT1H,MC-BajoPutumayo,11106.63,10100.41
2022-03-10,14,PT1H,MC-BajoPutumayo,11412.78,10138.09
2022-03-10,15,PT1H,MC-BajoPutumayo,12211.99,10719.86
2022-03-10,16,PT1H,MC-BajoPutumayo,11857.41,10815.41
2022-03-10,17,PT1H,MC-BajoPutumayo,8145.3,10918.5
2022-03-10,18,PT1H,MC-BajoPutumayo,6759.92,10702.78
2022-03-10,19,PT1H,MC-BajoPutumayo,10112.76,11423.26
2022-03-10,20,PT1H,MC-BajoPutumayo,10760.6,12195.0
2022-03-10,21,PT1H,MC-BajoPutumayo,10084.2,11426.68
2022-03-10,22,PT1H,MC-BajoPutumayo,9185.32,10419.32
2022-03-10,23,PT1H,MC-BajoPutumayo,8289.49,8924.59
2022-03-10,24,PT1H,MC-BajoPutumayo,7037.72,7514.53
2025-01-28,1,PT1H,MC-BajoPutumayo,7713.34,8585.4
2025-01-28,2,PT1H,MC-BajoPutumayo,7347.78,7708.8
2025-01-28,3,PT1H,MC-BajoPutumayo,7121.77,7446.5
2025-01-28,4,PT1H,MC-BajoPutumayo,7053.49,7053.8
2025-01-28,5,PT1H,MC-BajoPutumayo,7127.4,7045.2
2025-01-28,6,PT1H,MC-BajoPutumayo,7658.26,7170.8
2025-01-28,7,PT1H,MC-BajoPutumayo,8303.58,7370.6
2025-01-28,8,PT1H,MC-BajoPutumayo,9129.84,8245.9
2025-01-28,9,PT1H,MC-BajoPutumayo,10275.58,9619.1
2025-01-28,10,PT1H,MC-BajoPutumayo,10854.53,11915.6
2025-01-28,11,PT1H,MC-BajoPutumayo,11613.98,13155.5
2025-01-28,12,PT1H,MC-BajoPutumayo,12223.06,13743.2
2025-01-28,13,PT1H,MC-BajoPutumayo,11817.09,13338.2
2025-01-28,14,PT1H,MC-BajoPutumayo,11879.35,13501.8
2025-01-28,15,PT1H,MC-BajoPutumayo,12442.28,14139.4
2025-01-28,16,PT1H,MC-BajoPutumayo,12912.97,14094.2
2025-01-28,17,PT1H,MC-BajoPutumayo,13040.53,13847.7
2025-01-28,18,PT1H,MC-BajoPutumayo,12747.24,13351.3
2025-01-28,19,PT1H,MC-BajoPutumayo,13707.19,14080.0
2025-01-28,20,PT1H,MC-BajoPutumayo,14272.77,14437.4
2025-01-28,21,PT1H,MC-BajoPutumayo,13448.08,13707.5
2025-01-28,22,PT1H,MC-BajoPutumayo,12100.92,12596.8
2025-01-28,23,PT1H,MC-BajoPutumayo,10358.11,11303.1
2025-01-28,24,PT1H,MC-BajoPutumayo,9049.68,10052.1
2022-11-21,1,PT1H,MC-BajoPutumayo,7864.78,7712.52
2022-11-21,2,PT1H,MC-BajoPutumayo,7372.64,7248.77
2022-11-21,3,PT1H,MC-BajoPutumayo,7073.33,6999.69
2022-11-21,4,PT1H,MC-BajoPutumayo,6866.53,6849.8
2022-11-21,5,PT1H,MC-BajoPutumayo,6820.38,6864.95
2022-11-21,6,PT1H,MC-BajoPutumayo,7264.53,7223.05
2022-11-21,7,PT1H,MC-BajoPutumayo,8010.04,7712.1
2022-11-21,8,PT1H,MC-BajoPutumayo,9112.99,8668.22
2022-11-21,9,PT1H,MC-BajoPutumayo,10748.91,10128.48
2022-11-21,10,PT1H,MC-BajoPutumayo,11576.36,11273.19
2022-11-21,11,PT1H,MC-BajoPutumayo,12549.88,12068.27
2022-11-21,12,PT1H,MC-BajoPutumayo,13259.27,12755.88
2022-11-21,13,PT1H,MC-BajoPutumayo,12946.74,12508.19
2022-11-21,14,PT1H,MC-BajoPutumayo,13176.9,12632.52
2022-11-21,15,PT1H,MC-BajoPutumayo,13710.79,13119.08
2022-11-21,16,PT1H,MC-BajoPutumayo,13488.91,13119.12
2022-11-21,17,PT1H,MC-BajoPutumayo,13360.96,13016.83
2022-11-21,18,PT1H,MC-BajoPutumayo,13183.08,12810.28
2022-11-21,19,PT1H,MC-BajoPutumayo,14169.76,13965.78
2022-11-21,20,PT1H,MC-BajoPutumayo,14239.66,14007.79
2022-11-21,21,PT1H,MC-BajoPutumayo,13363.06,13129.33
2022-11-21,22,PT1H,MC-BajoPutumayo,12045.36,11794.68
2022-11-21,23,PT1H,MC-BajoPutumayo,10120.17,10173.79
2022-11-21,24,PT1H,MC-BajoPutumayo,8786.48,8759.69
2024-08-04,1,PT1H,MC-BajoPutumayo,9135.18,6825.0
2024-08-04,2,PT1H,MC-BajoPutumayo,8358.01,6331.0
2024-08-04,3,PT1H,MC-BajoPutumayo,7943.69,6293.0
2024-08-04,4,PT1H,MC-BajoPutumayo,7693.64,6099.4
2024-08-04,5,PT1H,MC-BajoPutumayo,7565.2,6266.5
2024-08-04,6,PT1H,MC-BajoPutumayo,7637.09,6896.7
2024-08-04,7,PT1H,MC-BajoPutumayo,7914.89,7645.9
2024-08-04,8,PT1H,MC-BajoPutumayo,9121.19,8460.3
2024-08-04,9,PT1H,MC-BajoPutumayo,10245.46,9182.0
2024-08-04,10,PT1H,MC-BajoPutumayo,11027.45,9861.5
2024-08-04,11,PT1H,MC-BajoPutumayo,11711.34,10464.1
2024-08-04,12,PT1H,MC-BajoPutumayo,12303.8,10815.5
2024-08-04,13,PT1H,MC-BajoPutumayo,11703.35,10492.1
2024-08-04,14,PT1H,MC-BajoPutumayo,10715.11,10828.5
2024-08-04,15,PT1H,MC-BajoPutumayo,10136.8,11221.3
2024-08-04,16,PT1H,MC-BajoPutumayo,10502.46,10991.5
2024-08-04,17,PT1H,MC-BajoPutumayo,10390.6,11025.0
2024-08-04,18,PT1H,MC-BajoPutumayo,10612.59,10894.4
2024-08-04,19,PT1H,MC-BajoPutumayo,11997.21,12180.2
2024-08-04,20,PT1H,MC-BajoPutumayo,12318.88,13106.2
2024-08-04,21,PT1H,MC-BajoPutumayo,11523.78,12456.1
2024-08-04,22,PT1H,MC-BajoPutumayo,10320.43,11186.9
2024-08-04,23,PT1H,MC-BajoPutumayo,8838.77,9052.8
2024-08-04,24,PT1H,MC-BajoPutumayo,7693.61,7382.8
2025-11-29,1,PT1H,MC-BajoPutumayo,7572.33,8419.6
2025-11-29,2,PT1H,MC-BajoPutumayo,7171.56,7953.5
2025-11-29,3,PT1H,MC-BajoPutumayo,6854.91,7542.6
2025-11-29,4,PT1H,MC-BajoPutumayo,6722.86,7208.3
2025-11-29,5,PT1H,MC-BajoPutumayo,6785.76,7140.1
2025-11-29,6,PT1H,MC-BajoPutumayo,7036.6,7301.9
2025-11-29,7,PT1H,MC-BajoPutumayo,7851.46,7949.7
2025-11-29,8,PT1H,MC-BajoPutumayo,8941.51,9303.4
2025-11-29,9,PT1H,MC-BajoPutumayo,9887.79,10891.8
2025-11-29,10,PT1H,MC-BajoPutumayo,10694.36,12088.3
2025-11-29,11,PT1H,MC-BajoPutumayo,12556.5,12697.5
2025-11-29,12,PT1H,MC-BajoPutumayo,13281.73,12944.9
2025-11-29,13,PT1H,MC-BajoPutumayo,13245.97,12748.2
2025-11-29,14,PT1H,MC-BajoPutumayo,13278.54,13311.2
2025-11-29,15,PT1H,MC-BajoPutumayo,13997.48,14042.7
2025-11-29,16,PT1H,MC-BajoPutumayo,14076.28,14332.6
2025-11-29,17,PT1H,MC-BajoPutumayo,13732.53,14118.1
2025-11-29,18,PT1H,MC-BajoPutumayo,13993.58,14416.0
2025-11-29,19,PT1H,MC-BajoPutumayo,15646.69,16185.9
2025-11-29,20,PT1H,MC-BajoPutumayo,15201.41,14940.0
2025-11-29,21,PT1H,MC-BajoPutumayo,14140.65,13713.9
2025-11-29,22,PT1H,MC-BajoPutumayo,12829.31,12202.0
2025-11-29,23,PT1H,MC-BajoPutumayo,11340.28,10555.8
2025-11-29,24,PT1H,MC-BajoPutumayo,10047.46,9317.4
2022-10-09,1,PT1H,MC-BajoPutumayo,7954.06,7422.5
2022-10-09,2,PT1H,MC-BajoPutumayo,6872.51,6942.91
2022-10-09,3,PT1H,MC-BajoPutumayo,6896.66,6565.78
2022-10-09,4,PT1H,MC-BajoPutumayo,6550.5,6321.41
2022-10-09,5,PT1H,MC-BajoPutumayo,6415.6,6180.3
2022-10-09,6,PT1H,MC-BajoPutumayo,5988.41,6247.35
2022-10-09,7,PT1H,MC-BajoPutumayo,7489.75,6609.24
2022-10-09,8,PT1H,MC-BajoPutumayo,7749.35,7595.44
2022-10-09,9,PT1H,MC-BajoPutumayo,8894.94,8660.53
2022-10-09,10,PT1H,MC-BajoPutumayo,10559.83,9759.62
2022-10-09,11,PT1H,MC-BajoPutumayo,10982.05,10445.18
2022-10-09,12,PT1H,MC-BajoPutumayo,11445.59,10939.88
2022-10-09,13,PT1H,MC-BajoPutumayo,11589.01,11149.44
2022-10-09,14,PT1H,MC-BajoPutumayo,11782.39,11110.54
2022-10-09,15,PT1H,MC-BajoPutumayo,11753.25,11170.92
2022-10-09,16,PT1H,MC-BajoPutumayo,11754.82,11080.66
2022-10-09,17,PT1H,MC-BajoPutumayo,11451.48,11001.69
2022-10-09,18,PT1H,MC-BajoPutumayo,11654.09,10939.19
2022-10-09,19,PT1H,MC-BajoPutumayo,13114.54,12328.12
2022-10-09,20,PT1H,MC-BajoPutumayo,13264.62,12705.11
2022-10-09,21,PT1H,MC-BajoPutumayo,12590.86,11870.05
2022-10-09,22,PT1H,MC-BajoPutumayo,11775.4,10555.11
2022-10-09,23,PT1H,MC-BajoPutumayo,10450.42,9099.09
2022-10-09,24,PT1H,MC-BajoPutumayo,9212.89,7864.73
2022-10-07,1,PT1H,MC-BajoPutumayo,9650.69,8378.13
2022-10-07,2,PT1H,MC-BajoPutumayo,8089.49,7796.91
2022-10-07,3,PT1H,MC-BajoPutumayo,7476.34,7486.84
2022-10-07,4,PT1H,MC-BajoPutumayo,7088.57,7268.22
2022-10-07,5,PT1H,MC-BajoPutumayo,6917.17,7266.8
2022-10-07,6,PT1H,MC-BajoPutumayo,7025.82,7785.9
2022-10-07,7,PT1H,MC-BajoPutumayo,7830.6,8590.93
2022-10-07,8,PT1H,MC-BajoPutumayo,8495.4,9622.96
2022-10-07,9,PT1H,MC-BajoPutumayo,9132.67,10695.22
2022-10-07,10,PT1H,MC-BajoPutumayo,9630.75,11721.9
2022-10-07,11,PT1H,MC-BajoPutumayo,11142.33,12530.16
2022-10-07,12,PT1H,MC-BajoPutumayo,11517.04,13106.88
2022-10-07,13,PT1H,MC-BajoPutumayo,11145.45,12818.25
2022-10-07,14,PT1H,MC-BajoPutumayo,11468.08,13135.71
2022-10-07,15,PT1H,MC-BajoPutumayo,12341.39,13420.38
2022-10-07,16,PT1H,MC-BajoPutumayo,12284.36,13319.65
2022-10-07,17,PT1H,MC-BajoPutumayo,11743.01,13513.5
2022-10-07,18,PT1H,MC-BajoPutumayo,12229.69,13404.33
2022-10-07,19,PT1H,MC-BajoPutumayo,13532.42,14721.03
2022-10-07,20,PT1H,MC-BajoPutumayo,13395.36,14742.24
2022-10-07,21,PT1H,MC-BajoPutumayo,12449.5,13880.14
2022-10-07,22,PT1H,MC-BajoPutumayo,11480.31,12698.6
2022-10-07,23,PT1H,MC-BajoPutumayo,9975.83,10805.23
2022-10-07,24,PT1H,MC-BajoPutumayo,8618.74,9279.1
2023-01-11,1,PT1H,MC-BajoPutumayo,6900.99,6555.01
2023-01-11,2,PT1H,MC-BajoPutumayo,6394.94,6232.41
2023-01-11,3,PT1H,MC-BajoPutumayo,6122.16,6072.26
2023-01-11,4,PT1H,MC-BajoPutumayo,6009.14,6005.75
2023-01-11,5,PT1H,MC-BajoPutumayo,6419.92,6118.19
2023-01-11,6,PT1H,MC-BajoPutumayo,6459.78,6365.55
2023-01-11,7,PT1H,MC-BajoPutumayo,6796.92,6777.4
2023-01-11,8,PT1H,MC-BajoPutumayo,7935.31,7795.83
2023-01-11,9,PT1H,MC-BajoPutumayo,9158.39,8999.19
2023-01-11,10,PT1H,MC-BajoPutumayo,9891.08,9788.47
2023-01-11,11,PT1H,MC-BajoPutumayo,9973.31,10600.93
2023-01-11,12,PT1H,MC-BajoPutumayo,9746.69,10776.33
2023-01-11,13,PT1H,MC-BajoPutumayo,9284.55,10500.34
2023-01-11,14,PT1H,MC-BajoPutumayo,8989.06,10634.59
2023-01-11,15,PT1H,MC-BajoPutumayo,9217.18,11039.75
2023-01-11,16,PT1H,MC-BajoPutumayo,9546.28,11068.82
2023-01-11,17,PT1H,MC-BajoPutumayo,9741.24,11139.58
2023-01-11,18,PT1H,MC-BajoPutumayo,9979.79,11036.11
2023-01-11,19,PT1H,MC-BajoPutumayo,10944.31,11986.57
2023-01-11,20,PT1H,MC-BajoPutumayo,11566.73,11974.99
2023-01-11,21,PT1H,MC-BajoPutumayo,10726.77,11092.18
2023-01-11,22,PT1H,MC-BajoPutumayo,9567.87,10025.17
2023-01-11,23,PT1H,MC-BajoPutumayo,8268.91,8774.97
2023-01-11,24,PT1H,MC-BajoPutumayo,7221.91,7619.6
2023-09-22,1,PT1H,MC-BajoPutumayo,7950.68,8505.4
2023-09-22,2,PT1H,MC-BajoPutumayo,7491.44,8046.25
2023-09-22,3,PT1H,MC-BajoPutumayo,7235.78,7751.82
2023-09-22,4,PT1H,MC-BajoPutumayo,7030.07,7516.29
2023-09-22,5,PT1H,MC-BajoPutumayo,7123.32,7333.62
2023-09-22,6,PT1H,MC-BajoPutumayo,7539.87,7750.68
2023-09-22,7,PT1H,MC-BajoPutumayo,8163.59,8492.38
2023-09-22,8,PT1H,MC-BajoPutumayo,9130.81,9358.65
2023-09-22,9,PT1H,MC-BajoPutumayo,10601.58,10272.01
2023-09-22,10,PT1H,MC-BajoPutumayo,11746.03,11406.21
2023-09-22,11,PT1H,MC-BajoPutumayo,12608.04,12342.0
2023-09-22,12,PT1H,MC-BajoPutumayo,13379.55,12989.34
2023-09-22,13,PT1H,MC-BajoPutumayo,13105.84,12558.76
2023-09-22,14,PT1H,MC-BajoPutumayo,13276.88,12802.15
2023-09-22,15,PT1H,MC-BajoPutumayo,14080.97,13076.28
2023-09-22,16,PT1H,MC-BajoPutumayo,14288.05,13853.81
2023-09-22,17,PT1H,MC-BajoPutumayo,14276.61,13842.95
2023-09-22,18,PT1H,MC-BajoPutumayo,13925.16,13432.07
2023-09-22,19,PT1H,MC-BajoPutumayo,14801.4,14370.03
2023-09-22,20,PT1H,MC-BajoPutumayo,14918.2,14749.53
2023-09-22,21,PT1H,MC-BajoPutumayo,13948.92,13911.41
2023-09-22,22,PT1H,MC-BajoPutumayo,12717.99,12759.54
2023-09-22,23,PT1H,MC-BajoPutumayo,11200.84,11241.54
2023-09-22,24,PT1H,MC-BajoPutumayo,9748.12,9868.81
2023-09-16,1,PT1H,MC-BajoPutumayo,7929.83,8612.43
2023-09-16,2,PT1H,MC-BajoPutumayo,7315.43,8046.41
2023-09-16,3,PT1H,MC-BajoPutumayo,6976.56,7758.97
2023-09-16,4,PT1H,MC-BajoPutumayo,6785.53,7588.91
2023-09-16,5,PT1H,MC-BajoPutumayo,6733.59,7367.14
2023-09-16,6,PT1H,MC-BajoPutumayo,6911.84,7228.92
2023-09-16,7,PT1H,MC-BajoPutumayo,7411.56,7882.65
2023-09-16,8,PT1H,MC-BajoPutumayo,8777.32,9032.25
2023-09-16,9,PT1H,MC-BajoPutumayo,10176.87,10287.67
2023-09-16,10,PT1H,MC-BajoPutumayo,11296.11,11602.59
2023-09-16,11,PT1H,MC-BajoPutumayo,12468.2,12430.06
2023-09-16,12,PT1H,MC-BajoPutumayo,13278.95,12997.08
2023-09-16,13,PT1H,MC-BajoPutumayo,13301.26,12842.81
2023-09-16,14,PT1H,MC-BajoPutumayo,13268.08,12851.81
2023-09-16,15,PT1H,MC-BajoPutumayo,13515.77,13061.11
2023-09-16,16,PT1H,MC-BajoPutumayo,13529.32,12717.73
2023-09-16,17,PT1H,MC-BajoPutumayo,13259.83,12669.92
2023-09-16,18,PT1H,MC-BajoPutumayo,13112.23,12486.47
2023-09-16,19,PT1H,MC-BajoPutumayo,14445.92,13775.81
2023-09-16,20,PT1H,MC-BajoPutumayo,14524.56,14140.41
2023-09-16,21,PT1H,MC-BajoPutumayo,13536.92,13296.77
2023-09-16,22,PT1H,MC-BajoPutumayo,12490.85,12346.18
2023-09-16,23,PT1H,MC-BajoPutumayo,11137.91,11197.38
2023-09-16,24,PT1H,MC-BajoPutumayo,9989.41,10043.5
2022-06-08,1,PT1H,MC-BajoPutumayo,6782.43,7036.36
2022-06-08,2,PT1H,MC-BajoPutumayo,6482.46,6798.13
2022-06-08,3,PT1H,MC-BajoPutumayo,6241.55,6576.37
2022-06-08,4,PT1H,MC-BajoPutumayo,6120.41,6560.15
2022-06-08,5,PT1H,MC-BajoPutumayo,6015.71,6507.96
2022-06-08,6,PT1H,MC-BajoPutumayo,6704.91,7005.78
2022-06-08,7,PT1H,MC-BajoPutumayo,7348.73,7567.29
2022-06-08,8,PT1H,MC-BajoPutumayo,8049.5,8294.41
2022-06-08,9,PT1H,MC-BajoPutumayo,8355.79,9040.34
2022-06-08,10,PT1H,MC-BajoPutumayo,9768.43,9458.02
2022-06-08,11,PT1H,MC-BajoPutumayo,10364.11,10179.93
2022-06-08,12,PT1H,MC-BajoPutumayo,10903.02,10426.95
2022-06-08,13,PT1H,MC-BajoPutumayo,10813.71,10246.42
2022-06-08,14,PT1H,MC-BajoPutumayo,11035.68,10321.15
2022-06-08,15,PT1H,MC-BajoPutumayo,11567.86,11022.05
2022-06-08,16,PT1H,MC-BajoPutumayo,11908.11,11083.83
2022-06-08,17,PT1H,MC-BajoPutumayo,6784.83,11157.47
2022-06-08,18,PT1H,MC-BajoPutumayo,12419.6,11730.97
2022-06-08,19,PT1H,MC-BajoPutumayo,12857.77,12467.5
2022-06-08,20,PT1H,MC-BajoPutumayo,13054.7,12697.57
2022-06-08,21,PT1H,MC-BajoPutumayo,11880.93,11885.84
2022-06-08,22,PT1H,MC-BajoPutumayo,10688.01,10721.15
2022-06-08,23,PT1H,MC-BajoPutumayo,9440.16,9119.73
2022-06-08,24,PT1H,MC-BajoPutumayo,7766.19,7585.51
2024-09-29,1,PT1H,MC-BajoPutumayo,7792.76,7177.2
2024-09-29,2,PT1H,MC-BajoPutumayo,7387.14,6885.6
2024-09-29,3,PT1H,MC-BajoPutumayo,7096.41,6694.8
2024-09-29,4,PT1H,MC-BajoPutumayo,6964.05,6719.6
2024-09-29,5,PT1H,MC-BajoPutumayo,6883.58,6734.2
2024-09-29,6,PT1H,MC-BajoPutumayo,6876.79,7395.7
2024-09-29,7,PT1H,MC-BajoPutumayo,7519.52,8278.8
2024-09-29,8,PT1H,MC-BajoPutumayo,8649.8,8952.6
2024-09-29,9,PT1H,MC-BajoPutumayo,9553.46,9808.2
2024-09-29,10,PT1H,MC-BajoPutumayo,10337.43,10517.7
2024-09-29,11,PT1H,MC-BajoPutumayo,10973.13,11094.9
2024-09-29,12,PT1H,MC-BajoPutumayo,11626.68,11427.7
2024-09-29,13,PT1H,MC-BajoPutumayo,11942.3,11092.7
2024-09-29,14,PT1H,MC-BajoPutumayo,12004.08,11349.5
2024-09-29,15,PT1H,MC-BajoPutumayo,11877.19,11956.0
2024-09-29,16,PT1H,MC-BajoPutumayo,11536.73,12090.7
2024-09-29,17,PT1H,MC-BajoPutumayo,11291.83,11823.0
2024-09-29,18,PT1H,MC-BajoPutumayo,12264.34,11742.4
2024-09-29,19,PT1H,MC-BajoPutumayo,13071.82,13654.1
2024-09-29,20,PT1H,MC-BajoPutumayo,12616.7,13839.8
2024-09-29,21,PT1H,MC-BajoPutumayo,11796.59,13189.4
2024-09-29,22,PT1H,MC-BajoPutumayo,10530.17,11842.0
2024-09-29,23,PT1H,MC-BajoPutumayo,9180.48,9731.2
2024-09-29,24,PT1H,MC-BajoPutumayo,8504.31,8161.2
2022-07-17,1,PT1H,MC-BajoPutumayo,7577.13,6968.9
2022-07-17,2,PT1H,MC-BajoPutumayo,6925.54,6506.36
2022-07-17,3,PT1H,MC-BajoPutumayo,6514.15,6259.67
2022-07-17,4,PT1H,MC-BajoPutumayo,6315.68,6105.5
2022-07-17,5,PT1H,MC-BajoPutumayo,6002.82,6033.54
2022-07-17,6,PT1H,MC-BajoPutumayo,6048.06,6084.94
2022-07-17,7,PT1H,MC-BajoPutumayo,4657.6,6280.23
2022-07-17,8,PT1H,MC-BajoPutumayo,3528.8,7308.09
2022-07-17,9,PT1H,MC-BajoPutumayo,4018.51,8315.4
2022-07-17,10,PT1H,MC-BajoPutumayo,4404.21,8911.56
2022-07-17,11,PT1H,MC-BajoPutumayo,9032.74,9363.82
2022-07-17,12,PT1H,MC-BajoPutumayo,9702.65,9744.12
2022-07-17,13,PT1H,MC-BajoPutumayo,9734.77,9836.63
2022-07-17,14,PT1H,MC-BajoPutumayo,9401.93,9826.35
2022-07-17,15,PT1H,MC-BajoPutumayo,9235.93,9898.3
2022-07-17,16,PT1H,MC-BajoPutumayo,9149.56,9898.3
2022-07-17,17,PT1H,MC-BajoPutumayo,9038.0,9877.75
2022-07-17,18,PT1H,MC-BajoPutumayo,9005.7,9898.3
2022-07-17,19,PT1H,MC-BajoPutumayo,10060.48,10874.77
2022-07-17,20,PT1H,MC-BajoPutumayo,10588.45,11152.29
2022-07-17,21,PT1H,MC-BajoPutumayo,9962.8,10833.66
2022-07-17,22,PT1H,MC-BajoPutumayo,8981.64,9918.86
2022-07-17,23,PT1H,MC-BajoPutumayo,7704.58,8798.49
2022-07-17,24,PT1H,MC-BajoPutumayo,6688.15,7760.35
2024-05-20,1,PT1H,MC-BajoPutumayo,8282.0,7391.72
2024-05-20,2,PT1H,MC-BajoPutumayo,7835.29,6994.48
2024-05-20,3,PT1H,MC-BajoPutumayo,7594.68,6706.72
2024-05-20,4,PT1H,MC-BajoPutumayo,7359.46,6505.85
2024-05-20,5,PT1H,MC-BajoPutumayo,7418.75,6568.55
2024-05-20,6,PT1H,MC-BajoPutumayo,8003.14,7124.68
2024-05-20,7,PT1H,MC-BajoPutumayo,8724.85,7687.1
2024-05-20,8,PT1H,MC-BajoPutumayo,9466.37,8711.85
2024-05-20,9,PT1H,MC-BajoPutumayo,10527.81,9853.04
2024-05-20,10,PT1H,MC-BajoPutumayo,10838.06,10684.37
2024-05-20,11,PT1H,MC-BajoPutumayo,11064.61,11492.79
2024-05-20,12,PT1H,MC-BajoPutumayo,11174.04,12191.79
2024-05-20,13,PT1H,MC-BajoPutumayo,10576.62,12098.48
2024-05-20,14,PT1H,MC-BajoPutumayo,10526.14,12179.96
2024-05-20,15,PT1H,MC-BajoPutumayo,10915.18,12845.76
2024-05-20,16,PT1H,MC-BajoPutumayo,11025.11,13014.14
2024-05-20,17,PT1H,MC-BajoPutumayo,10969.21,12900.24
2024-05-20,18,PT1H,MC-BajoPutumayo,11234.82,12594.88
2024-05-20,19,PT1H,MC-BajoPutumayo,12372.83,13657.48
2024-05-20,20,PT1H,MC-BajoPutumayo,12495.1,14011.36
2024-05-20,21,PT1H,MC-BajoPutumayo,11602.81,13222.47
2024-05-20,22,PT1H,MC-BajoPutumayo,10314.2,12136.05
2024-05-20,23,PT1H,MC-BajoPutumayo,8653.98,10524.53
2024-05-20,24,PT1H,MC-BajoPutumayo,7592.59,9035.2
2022-07-02,1,PT1H,MC-BajoPutumayo,7285.8,6353.69
2022-07-02,2,PT1H,MC-BajoPutumayo,6707.59,6152.33
2022-07-02,3,PT1H,MC-BajoPutumayo,6389.98,5893.15
2022-07-02,4,PT1H,MC-BajoPutumayo,6229.38,5850.05
2022-07-02,5,PT1H,MC-BajoPutumayo,6163.93,6068.69
2022-07-02,6,PT1H,MC-BajoPutumayo,6399.53,6876.82
2022-07-02,7,PT1H,MC-BajoPutumayo,6838.26,7766.79
2022-07-02,8,PT1H,MC-BajoPutumayo,7919.86,8202.65
2022-07-02,9,PT1H,MC-BajoPutumayo,8953.41,8726.81
2022-07-02,10,PT1H,MC-BajoPutumayo,9607.91,9263.89
2022-07-02,11,PT1H,MC-BajoPutumayo,10157.4,9816.78
2022-07-02,12,PT1H,MC-BajoPutumayo,10591.92,10380.48
2022-07-02,13,PT1H,MC-BajoPutumayo,10394.64,10008.5
2022-07-02,14,PT1H,MC-BajoPutumayo,10285.76,10158.69
2022-07-02,15,PT1H,MC-BajoPutumayo,10499.14,10743.62
2022-07-02,16,PT1H,MC-BajoPutumayo,10865.98,11113.17
2022-07-02,17,PT1H,MC-BajoPutumayo,10785.98,10998.77
2022-07-02,18,PT1H,MC-BajoPutumayo,10710.18,11032.33
2022-07-02,19,PT1H,MC-BajoPutumayo,11734.74,12631.25
2022-07-02,20,PT1H,MC-BajoPutumayo,12338.38,12985.52
2022-07-02,21,PT1H,MC-BajoPutumayo,11673.8,12121.24
2022-07-02,22,PT1H,MC-BajoPutumayo,10788.67,10619.06
2022-07-02,23,PT1H,MC-BajoPutumayo,9613.5,8545.49
2022-07-02,24,PT1H,MC-BajoPutumayo,8565.82,7194.35
2023-11-27,1,PT1H,MC-BajoPutumayo,8686.87,7827.14
2023-11-27,2,PT1H,MC-BajoPutumayo,7961.39,7405.98
2023-11-27,3,PT1H,MC-BajoPutumayo,7607.65,7143.61
2023-11-27,4,PT1H,MC-BajoPutumayo,7343.7,6983.96
2023-11-27,5,PT1H,MC-BajoPutumayo,7256.52,6859.66
2023-11-27,6,PT1H,MC-BajoPutumayo,7485.75,7151.46
2023-11-27,7,PT1H,MC-BajoPutumayo,7980.81,7527.5
2023-11-27,8,PT1H,MC-BajoPutumayo,9210.69,8485.09
2023-11-27,9,PT1H,MC-BajoPutumayo,10316.29,9832.52
2023-11-27,10,PT1H,MC-BajoPutumayo,10932.37,10730.2
2023-11-27,11,PT1H,MC-BajoPutumayo,11411.24,11475.82
2023-11-27,12,PT1H,MC-BajoPutumayo,12406.67,12018.22
2023-11-27,13,PT1H,MC-BajoPutumayo,12251.23,11976.92
2023-11-27,14,PT1H,MC-BajoPutumayo,12582.53,12087.24
2023-11-27,15,PT1H,MC-BajoPutumayo,13496.87,12279.16
2023-11-27,16,PT1H,MC-BajoPutumayo,13720.92,12310.55
2023-11-27,17,PT1H,MC-BajoPutumayo,13661.2,12126.02
2023-11-27,18,PT1H,MC-BajoPutumayo,13387.93,11929.77
2023-11-27,19,PT1H,MC-BajoPutumayo,14388.25,12960.1
2023-11-27,20,PT1H,MC-BajoPutumayo,13804.1,12991.56
2023-11-27,21,PT1H,MC-BajoPutumayo,12858.41,12345.93
2023-11-27,22,PT1H,MC-BajoPutumayo,11485.91,11259.27
2023-11-27,23,PT1H,MC-BajoPutumayo,9979.44,9892.01
2023-11-27,24,PT1H,MC-BajoPutumayo,8638.59,8633.47
2023-12-23,1,PT1H,MC-BajoPutumayo,8056.1,7994.57
2023-12-23,2,PT1H,MC-BajoPutumayo,7605.85,7459.7
2023-12-23,3,PT1H,MC-BajoPutumayo,7286.6,7401.66
2023-12-23,4,PT1H,MC-BajoPutumayo,7144.44,7290.16
2023-12-23,5,PT1H,MC-BajoPutumayo,7159.71,7243.16
2023-12-23,6,PT1H,MC-BajoPutumayo,7256.95,7488.73
2023-12-23,7,PT1H,MC-BajoPutumayo,7479.29,8083.01
2023-12-23,8,PT1H,MC-BajoPutumayo,8578.77,9461.15
2023-12-23,9,PT1H,MC-BajoPutumayo,9908.16,10551.58
2023-12-23,10,PT1H,MC-BajoPutumayo,10721.61,11321.17
2023-12-23,11,PT1H,MC-BajoPutumayo,11364.61,11923.7
2023-12-23,12,PT1H,MC-BajoPutumayo,11941.0,12431.83
2023-12-23,13,PT1H,MC-BajoPutumayo,11644.41,11799.76
2023-12-23,14,PT1H,MC-BajoPutumayo,11232.3,11470.11
2023-12-23,15,PT1H,MC-BajoPutumayo,11128.54,11189.73
2023-12-23,16,PT1H,MC-BajoPutumayo,11080.97,11478.33
2023-12-23,17,PT1H,MC-BajoPutumayo,11290.42,11655.21
2023-12-23,18,PT1H,MC-BajoPutumayo,11505.84,12291.04
2023-12-23,19,PT1H,MC-BajoPutumayo,12827.57,12567.28
2023-12-23,20,PT1H,MC-BajoPutumayo,13128.33,12196.01
2023-12-23,21,PT1H,MC-BajoPutumayo,12514.07,11343.59
2023-12-23,22,PT1H,MC-BajoPutumayo,11882.96,10388.36
2023-12-23,23,PT1H,MC-BajoPutumayo,10871.8,9388.36
2023-12-23,24,PT1H,MC-BajoPutumayo,9553.99,8388.36
2025-01-05,1,PT1H,MC-BajoPutumayo,8513.36,8304.4
2025-01-05,2,PT1H,MC-BajoPutumayo,7930.69,7801.7
2025-01-05,3,PT1H,MC-BajoPutumayo,7596.13,7405.9
2025-01-05,4,PT1H,MC-BajoPutumayo,7305.08,7271.2
2025-01-05,5,PT1H,MC-BajoPutumayo,7312.04,7239.6
2025-01-05,6,PT1H,MC-BajoPutumayo,7329.43,7165.7
2025-01-05,7,PT1H,MC-BajoPutumayo,7318.95,7571.4
2025-01-05,8,PT1H,MC-BajoPutumayo,7983.04,8501.0
2025-01-05,9,PT1H,MC-BajoPutumayo,9003.09,9479.8
2025-01-05,10,PT1H,MC-BajoPutumayo,10073.77,10496.7
2025-01-05,11,PT1H,MC-BajoPutumayo,10669.7,11227.5
2025-01-05,12,PT1H,MC-BajoPutumayo,11319.65,11363.1
2025-01-05,13,PT1H,MC-BajoPutumayo,11040.77,11390.2
2025-01-05,14,PT1H,MC-BajoPutumayo,7314.66,11552.6
2025-01-05,15,PT1H,MC-BajoPutumayo,6584.88,11720.4
2025-01-05,16,PT1H,MC-BajoPutumayo,300.5,11721.9
2025-01-05,17,PT1H,MC-BajoPutumayo,304.06,11539.5
2025-01-05,18,PT1H,MC-BajoPutumayo,306.17,11934.1
2025-01-05,19,PT1H,MC-BajoPutumayo,297.57,12884.6
2025-01-05,20,PT1H,MC-BajoPutumayo,308.81,12576.3
2025-01-05,21,PT1H,MC-BajoPutumayo,303.16,12007.1
2025-01-05,22,PT1H,MC-BajoPutumayo,306.44,11240.9
2025-01-05,23,PT1H,MC-BajoPutumayo,6506.01,10095.6
2025-01-05,24,PT1H,MC-BajoPutumayo,9700.24,8874.1
2023-04-28,1,PT1H,MC-BajoPutumayo,7194.71,7822.92
2023-04-28,2,PT1H,MC-BajoPutumayo,6741.49,7245.14
2023-04-28,3,PT1H,MC-BajoPutumayo,6539.16,6862.08
2023-04-28,4,PT1H,MC-BajoPutumayo,6432.88,6646.63
2023-04-28,5,PT1H,MC-BajoPutumayo,6532.0,6474.3
2023-04-28,6,PT1H,MC-BajoPutumayo,7166.76,6785.71
2023-04-28,7,PT1H,MC-BajoPutumayo,7921.74,7183.58
2023-04-28,8,PT1H,MC-BajoPutumayo,8560.61,7958.87
2023-04-28,9,PT1H,MC-BajoPutumayo,9286.05,8735.62
2023-04-28,10,PT1H,MC-BajoPutumayo,9890.6,9393.39
2023-04-28,11,PT1H,MC-BajoPutumayo,10527.31,10126.18
2023-04-28,12,PT1H,MC-BajoPutumayo,11293.91,10534.2
2023-04-28,13,PT1H,MC-BajoPutumayo,11166.7,10417.4
2023-04-28,14,PT1H,MC-BajoPutumayo,11579.16,10796.07
2023-04-28,15,PT1H,MC-BajoPutumayo,12736.23,11345.01
2023-04-28,16,PT1H,MC-BajoPutumayo,13029.17,11376.39
2023-04-28,17,PT1H,MC-BajoPutumayo,12890.61,11219.2
2023-04-28,18,PT1H,MC-BajoPutumayo,12560.59,10907.53
2023-04-28,19,PT1H,MC-BajoPutumayo,13730.0,11844.37
2023-04-28,20,PT1H,MC-BajoPutumayo,13964.23,12130.06
2023-04-28,21,PT1H,MC-BajoPutumayo,13215.37,11432.87
2023-04-28,22,PT1H,MC-BajoPutumayo,11935.18,10518.37
2023-04-28,23,PT1H,MC-BajoPutumayo,10392.61,9322.41
2023-04-28,24,PT1H,MC-BajoPutumayo,9045.84,8266.7
2022-06-27,1,PT1H,MC-BajoPutumayo,6789.34,6018.79
2022-06-27,2,PT1H,MC-BajoPutumayo,6324.32,5754.42
2022-06-27,3,PT1H,MC-BajoPutumayo,5977.55,5498.36
2022-06-27,4,PT1H,MC-BajoPutumayo,5782.47,5400.87
2022-06-27,5,PT1H,MC-BajoPutumayo,5688.74,5619.61
2022-06-27,6,PT1H,MC-BajoPutumayo,5893.92,6414.03
2022-06-27,7,PT1H,MC-BajoPutumayo,6177.62,7292.98
2022-06-27,8,PT1H,MC-BajoPutumayo,7036.37,7644.58
2022-06-27,9,PT1H,MC-BajoPutumayo,8136.17,8079.44
2022-06-27,10,PT1H,MC-BajoPutumayo,9267.11,8535.73
2022-06-27,11,PT1H,MC-BajoPutumayo,10092.26,9253.1
2022-06-27,12,PT1H,MC-BajoPutumayo,10698.39,9765.56
2022-06-27,13,PT1H,MC-BajoPutumayo,10901.32,9618.48
2022-06-27,14,PT1H,MC-BajoPutumayo,11004.82,9664.79
2022-06-27,15,PT1H,MC-BajoPutumayo,10924.04,10569.96
2022-06-27,16,PT1H,MC-BajoPutumayo,10847.65,10773.93
2022-06-27,17,PT1H,MC-BajoPutumayo,10605.7,10669.47
2022-06-27,18,PT1H,MC-BajoPutumayo,10549.07,10541.35
2022-06-27,19,PT1H,MC-BajoPutumayo,11723.54,12060.8
2022-06-27,20,PT1H,MC-BajoPutumayo,12486.08,12527.35
2022-06-27,21,PT1H,MC-BajoPutumayo,11924.94,11711.48
2022-06-27,22,PT1H,MC-BajoPutumayo,10898.64,10273.23
2022-06-27,23,PT1H,MC-BajoPutumayo,9481.85,8454.44
2022-06-27,24,PT1H,MC-BajoPutumayo,8100.27,6980.73
2023-07-01,1,PT1H,MC-BajoPutumayo,6949.72,7486.2
2023-07-01,2,PT1H,MC-BajoPutumayo,6471.26,7020.47
2023-07-01,3,PT1H,MC-BajoPutumayo,6184.69,6732.43
2023-07-01,4,PT1H,MC-BajoPutumayo,6062.53,6536.0
2023-07-01,5,PT1H,MC-BajoPutumayo,6075.08,6514.38
2023-07-01,6,PT1H,MC-BajoPutumayo,6325.29,6733.92
2023-07-01,7,PT1H,MC-BajoPutumayo,6677.24,7140.15
2023-07-01,8,PT1H,MC-BajoPutumayo,7753.07,8107.24
2023-07-01,9,PT1H,MC-BajoPutumayo,8868.91,9311.66
2023-07-01,10,PT1H,MC-BajoPutumayo,9666.66,10238.67
2023-07-01,11,PT1H,MC-BajoPutumayo,10013.36,10825.5
2023-07-01,12,PT1H,MC-BajoPutumayo,10546.12,11332.9
2023-07-01,13,PT1H,MC-BajoPutumayo,10100.94,11249.04
2023-07-01,14,PT1H,MC-BajoPutumayo,9948.72,10979.74
2023-07-01,15,PT1H,MC-BajoPutumayo,10131.35,10858.08
2023-07-01,16,PT1H,MC-BajoPutumayo,10382.67,10928.56
2023-07-01,17,PT1H,MC-BajoPutumayo,10363.12,10958.19
2023-07-01,18,PT1H,MC-BajoPutumayo,10456.76,11098.51
2023-07-01,19,PT1H,MC-BajoPutumayo,11882.45,12365.18
2023-07-01,20,PT1H,MC-BajoPutumayo,12292.57,12573.51
2023-07-01,21,PT1H,MC-BajoPutumayo,11472.7,11843.0
2023-07-01,22,PT1H,MC-BajoPutumayo,10225.21,10941.5
2023-07-01,23,PT1H,MC-BajoPutumayo,8889.92,9727.47
2023-07-01,24,PT1H,MC-BajoPutumayo,7254.24,8635.62
2024-10-31,1,PT1H,MC-BajoPutumayo,8315.32,8392.1
2024-10-31,2,PT1H,MC-BajoPutumayo,7964.39,8086.4
2024-10-31,3,PT1H,MC-BajoPutumayo,7687.08,7688.9
2024-10-31,4,PT1H,MC-BajoPutumayo,7591.33,7550.2
2024-10-31,5,PT1H,MC-BajoPutumayo,7783.06,7619.5
2024-10-31,6,PT1H,MC-BajoPutumayo,8345.0,8190.8
2024-10-31,7,PT1H,MC-BajoPutumayo,9076.15,8623.7
2024-10-31,8,PT1H,MC-BajoPutumayo,10347.28,9774.5
2024-10-31,9,PT1H,MC-BajoPutumayo,11792.45,11106.6
2024-10-31,10,PT1H,MC-BajoPutumayo,12765.78,12117.0
2024-10-31,11,PT1H,MC-BajoPutumayo,13327.77,12787.1
2024-10-31,12,PT1H,MC-BajoPutumayo,13905.37,13022.4
2024-10-31,13,PT1H,MC-BajoPutumayo,13620.12,13036.6
2024-10-31,14,PT1H,MC-BajoPutumayo,14582.49,13732.8
2024-10-31,15,PT1H,MC-BajoPutumayo,15078.99,14355.1
2024-10-31,16,PT1H,MC-BajoPutumayo,14691.82,14335.3
2024-10-31,17,PT1H,MC-BajoPutumayo,14339.25,14248.5
2024-10-31,18,PT1H,MC-BajoPutumayo,14987.67,14547.2
2024-10-31,19,PT1H,MC-BajoPutumayo,15769.78,15571.9
2024-10-31,20,PT1H,MC-BajoPutumayo,14563.2,14773.1
2024-10-31,21,PT1H,MC-BajoPutumayo,13770.37,13658.6
2024-10-31,22,PT1H,MC-BajoPutumayo,12437.64,12171.4
2024-10-31,23,PT1H,MC-BajoPutumayo,11098.65,10493.4
2024-10-31,24,PT1H,MC-BajoPutumayo,9848.41,9275.7
2023-10-16,1,PT1H,MC-BajoPutumayo,7455.98,7842.89
2023-10-16,2,PT1H,MC-BajoPutumayo,6958.62,7239.02
2023-10-16,3,PT1H,MC-BajoPutumayo,6590.39,6937.27
2023-10-16,4,PT1H,MC-BajoPutumayo,6378.82,6795.58
2023-10-16,5,PT1H,MC-BajoPutumayo,6295.76,6843.8
2023-10-16,6,PT1H,MC-BajoPutumayo,4981.02,7325.5
2023-10-16,7,PT1H,MC-BajoPutumayo,7278.99,7905.92
2023-10-16,8,PT1H,MC-BajoPutumayo,8940.85,8727.69
2023-10-16,9,PT1H,MC-BajoPutumayo,10331.72,9875.42
2023-10-16,10,PT1H,MC-BajoPutumayo,11355.81,10553.49
2023-10-16,11,PT1H,MC-BajoPutumayo,11645.11,11175.39
2023-10-16,12,PT1H,MC-BajoPutumayo,12134.39,11857.33
2023-10-16,13,PT1H,MC-BajoPutumayo,11917.54,12045.21
2023-10-16,14,PT1H,MC-BajoPutumayo,11931.17,11836.84
2023-10-16,15,PT1H,MC-BajoPutumayo,12001.6,12152.32
2023-10-16,16,PT1H,MC-BajoPutumayo,11963.11,12107.4
2023-10-16,17,PT1H,MC-BajoPutumayo,11881.58,12069.14
2023-10-16,18,PT1H,MC-BajoPutumayo,11742.39,12167.76
2023-10-16,19,PT1H,MC-BajoPutumayo,13367.52,13228.57
2023-10-16,20,PT1H,MC-BajoPutumayo,13628.23,13667.83
2023-10-16,21,PT1H,MC-BajoPutumayo,13005.76,12954.96
2023-10-16,22,PT1H,MC-BajoPutumayo,11831.41,11692.07
2023-10-16,23,PT1H,MC-BajoPutumayo,10289.03,10030.11
2023-10-16,24,PT1H,MC-BajoPutumayo,8948.72,8568.08
2023-06-21,1,PT1H,MC-BajoPutumayo,7298.76,7219.0
2023-06-21,2,PT1H,MC-BajoPutumayo,6869.1,6811.28
2023-06-21,3,PT1H,MC-BajoPutumayo,6628.67,6545.59
2023-06-21,4,PT1H,MC-BajoPutumayo,6507.03,6392.71
2023-06-21,5,PT1H,MC-BajoPutumayo,6526.74,6445.47
2023-06-21,6,PT1H,MC-BajoPutumayo,7135.88,7081.81
2023-06-21,7,PT1H,MC-BajoPutumayo,7851.85,7791.48
2023-06-21,8,PT1H,MC-BajoPutumayo,8635.0,8464.11
2023-06-21,9,PT1H,MC-BajoPutumayo,9721.54,9423.87
2023-06-21,10,PT1H,MC-BajoPutumayo,10454.07,10111.42
2023-06-21,11,PT1H,MC-BajoPutumayo,11092.08,10536.87
2023-06-21,12,PT1H,MC-BajoPutumayo,11733.54,10813.79
2023-06-21,13,PT1H,MC-BajoPutumayo,11462.02,10600.91
2023-06-21,14,PT1H,MC-BajoPutumayo,11388.46,10782.57
2023-06-21,15,PT1H,MC-BajoPutumayo,11974.49,11400.6
2023-06-21,16,PT1H,MC-BajoPutumayo,12149.15,11655.98
2023-06-21,17,PT1H,MC-BajoPutumayo,11709.34,11709.16
2023-06-21,18,PT1H,MC-BajoPutumayo,11439.05,11758.89
2023-06-21,19,PT1H,MC-BajoPutumayo,12618.24,12937.23
2023-06-21,20,PT1H,MC-BajoPutumayo,12778.1,13147.33
2023-06-21,21,PT1H,MC-BajoPutumayo,11795.16,12312.57
2023-06-21,22,PT1H,MC-BajoPutumayo,10452.98,11166.46
2023-06-21,23,PT1H,MC-BajoPutumayo,8903.0,9401.13
2023-06-21,24,PT1H,MC-BajoPutumayo,7599.85,8035.87
2024-04-01,9,PT1H,MC-BajoPutumayo,10559.04,9818.65
2024-04-01,10,PT1H,MC-BajoPutumayo,11670.52,10574.16
2024-04-01,11,PT1H,MC-BajoPutumayo,12626.37,11158.95
2024-04-01,12,PT1H,MC-BajoPutumayo,11901.09,11743.99
2024-04-01,13,PT1H,MC-BajoPutumayo,11387.13,11369.25
2024-04-01,14,PT1H,MC-BajoPutumayo,13132.42,11468.53
2024-04-01,15,PT1H,MC-BajoPutumayo,14432.58,11813.65
2024-04-01,16,PT1H,MC-BajoPutumayo,14568.6,11738.6
2024-04-01,17,PT1H,MC-BajoPutumayo,14601.01,11658.22
2024-04-01,18,PT1H,MC-BajoPutumayo,14177.11,11454.02
2024-04-01,19,PT1H,MC-BajoPutumayo,15098.33,12551.65
2024-04-01,20,PT1H,MC-BajoPutumayo,15382.72,13479.01
2024-04-01,21,PT1H,MC-BajoPutumayo,14275.69,12660.13
2024-04-01,22,PT1H,MC-BajoPutumayo,13153.32,11655.32
2024-04-01,23,PT1H,MC-BajoPutumayo,10983.97,10185.85
2024-04-01,24,PT1H,MC-BajoPutumayo,9071.36,8791.42
2024-04-01,1,PT1H,MC-BajoPutumayo,8550.44,7947.33
2024-04-01,2,PT1H,MC-BajoPutumayo,7999.24,7533.83
2024-04-01,3,PT1H,MC-BajoPutumayo,7738.95,7311.19
2024-04-01,4,PT1H,MC-BajoPutumayo,7518.18,7105.33
2024-04-01,5,PT1H,MC-BajoPutumayo,7570.87,7099.68
2024-04-01,6,PT1H,MC-BajoPutumayo,8174.48,7533.33
2024-04-01,7,PT1H,MC-BajoPutumayo,8675.87,8132.01
2024-04-01,8,PT1H,MC-BajoPutumayo,9391.46,8758.11
2025-05-23,1,PT1H,MC-BajoPutumayo,8437.32,7219.6
2025-05-23,2,PT1H,MC-BajoPutumayo,7358.06,6747.0
2025-05-23,3,PT1H,MC-BajoPutumayo,6848.32,6505.6
2025-05-23,4,PT1H,MC-BajoPutumayo,7340.65,6362.9
2025-05-23,5,PT1H,MC-BajoPutumayo,7222.5,6413.9
2025-05-23,6,PT1H,MC-BajoPutumayo,7558.25,6983.7
2025-05-23,7,PT1H,MC-BajoPutumayo,8065.53,7731.1
2025-05-23,8,PT1H,MC-BajoPutumayo,9867.24,8397.0
2025-05-23,9,PT1H,MC-BajoPutumayo,11372.05,9418.8
2025-05-23,10,PT1H,MC-BajoPutumayo,12305.11,10136.6
2025-05-23,11,PT1H,MC-BajoPutumayo,12768.77,10880.2
2025-05-23,12,PT1H,MC-BajoPutumayo,13091.85,11563.1
2025-05-23,13,PT1H,MC-BajoPutumayo,12604.22,11424.3
2025-05-23,14,PT1H,MC-BajoPutumayo,12582.61,11835.5
2025-05-23,15,PT1H,MC-BajoPutumayo,13306.37,12886.3
2025-05-23,16,PT1H,MC-BajoPutumayo,13419.8,12648.7
2025-05-23,17,PT1H,MC-BajoPutumayo,13470.24,12536.4
2025-05-23,18,PT1H,MC-BajoPutumayo,13285.54,12231.7
2025-05-23,19,PT1H,MC-BajoPutumayo,14305.03,13469.4
2025-05-23,20,PT1H,MC-BajoPutumayo,14563.61,13714.0
2025-05-23,21,PT1H,MC-BajoPutumayo,13680.21,13028.6
2025-05-23,22,PT1H,MC-BajoPutumayo,12317.12,11828.9
2025-05-23,23,PT1H,MC-BajoPutumayo,10840.81,10380.3
2025-05-23,24,PT1H,MC-BajoPutumayo,9525.59,9098.0
2025-09-08,1,PT1H,MC-BajoPutumayo,7463.94,8029.6
2025-09-08,2,PT1H,MC-BajoPutumayo,7006.24,7694.3
2025-09-08,3,PT1H,MC-BajoPutumayo,6752.74,7259.1
2025-09-08,4,PT1H,MC-BajoPutumayo,6545.73,7046.2
2025-09-08,5,PT1H,MC-BajoPutumayo,6769.41,7092.4
2025-09-08,6,PT1H,MC-BajoPutumayo,7341.45,7674.1
2025-09-08,7,PT1H,MC-BajoPutumayo,8184.22,8524.5
2025-09-08,8,PT1H,MC-BajoPutumayo,9051.36,9261.4
2025-09-08,9,PT1H,MC-BajoPutumayo,10504.04,10398.1
2025-09-08,10,PT1H,MC-BajoPutumayo,11446.74,11113.0
2025-09-08,11,PT1H,MC-BajoPutumayo,11924.0,11626.6
2025-09-08,12,PT1H,MC-BajoPutumayo,13148.72,12139.1
2025-09-08,13,PT1H,MC-BajoPutumayo,13003.3,12036.1
2025-09-08,14,PT1H,MC-BajoPutumayo,13315.33,12356.7
2025-09-08,15,PT1H,MC-BajoPutumayo,14416.25,13403.2
2025-09-08,16,PT1H,MC-BajoPutumayo,14872.52,13939.4
2025-09-08,17,PT1H,MC-BajoPutumayo,14656.96,13813.5
2025-09-08,18,PT1H,MC-BajoPutumayo,14222.17,13410.3
2025-09-08,19,PT1H,MC-BajoPutumayo,15319.49,14520.0
2025-09-08,20,PT1H,MC-BajoPutumayo,15108.27,14899.1
2025-09-08,21,PT1H,MC-BajoPutumayo,14590.09,13942.5
2025-09-08,22,PT1H,MC-BajoPutumayo,13158.62,12473.1
2025-09-08,23,PT1H,MC-BajoPutumayo,11025.02,10534.5
2025-09-08,24,PT1H,MC-BajoPutumayo,9495.78,8965.5
2025-08-25,1,PT1H,MC-BajoPutumayo,7907.85,7757.2
2025-08-25,2,PT1H,MC-BajoPutumayo,7755.24,7295.5
2025-08-25,3,PT1H,MC-BajoPutumayo,7160.67,7034.0
2025-08-25,4,PT1H,MC-BajoPutumayo,6885.51,6905.5
2025-08-25,5,PT1H,MC-BajoPutumayo,6892.02,6922.8
2025-08-25,6,PT1H,MC-BajoPutumayo,7530.8,7521.4
2025-08-25,7,PT1H,MC-BajoPutumayo,8414.35,8296.4
2025-08-25,8,PT1H,MC-BajoPutumayo,9199.61,8929.9
2025-08-25,9,PT1H,MC-BajoPutumayo,10268.77,10056.9
2025-08-25,10,PT1H,MC-BajoPutumayo,11042.95,10807.1
2025-08-25,11,PT1H,MC-BajoPutumayo,11664.79,11248.8
2025-08-25,12,PT1H,MC-BajoPutumayo,12322.58,11697.3
2025-08-25,13,PT1H,MC-BajoPutumayo,12412.43,11646.3
2025-08-25,14,PT1H,MC-BajoPutumayo,12829.53,11878.1
2025-08-25,15,PT1H,MC-BajoPutumayo,13731.22,12860.5
2025-08-25,16,PT1H,MC-BajoPutumayo,14127.23,13086.9
2025-08-25,17,PT1H,MC-BajoPutumayo,13873.56,13094.5
2025-08-25,18,PT1H,MC-BajoPutumayo,13319.08,12831.9
2025-08-25,19,PT1H,MC-BajoPutumayo,14391.01,13816.8
2025-08-25,20,PT1H,MC-BajoPutumayo,14915.53,14109.2
2025-08-25,21,PT1H,MC-BajoPutumayo,14093.33,13079.0
2025-08-25,22,PT1H,MC-BajoPutumayo,12625.6,11632.6
2025-08-25,23,PT1H,MC-BajoPutumayo,10777.6,9792.9
2025-08-25,24,PT1H,MC-BajoPutumayo,9079.58,8333.1
2024-08-03,1,PT1H,MC-BajoPutumayo,8169.19,7781.1
2024-08-03,2,PT1H,MC-BajoPutumayo,7481.01,7232.7
2024-08-03,3,PT1H,MC-BajoPutumayo,7117.87,6900.4
2024-08-03,4,PT1H,MC-BajoPutumayo,6961.37,6721.7
2024-08-03,5,PT1H,MC-BajoPutumayo,6914.42,7029.0
2024-08-03,6,PT1H,MC-BajoPutumayo,7191.92,7897.1
2024-08-03,7,PT1H,MC-BajoPutumayo,7705.15,9045.1
2024-08-03,8,PT1H,MC-BajoPutumayo,9073.36,9603.2
2024-08-03,9,PT1H,MC-BajoPutumayo,10701.89,10387.7
2024-08-03,10,PT1H,MC-BajoPutumayo,11524.44,11193.2
2024-08-03,11,PT1H,MC-BajoPutumayo,12633.38,11973.9
2024-08-03,12,PT1H,MC-BajoPutumayo,13316.69,12461.6
2024-08-03,13,PT1H,MC-BajoPutumayo,13222.39,12060.6
2024-08-03,14,PT1H,MC-BajoPutumayo,13304.96,12257.7
2024-08-03,15,PT1H,MC-BajoPutumayo,13617.32,12668.6
2024-08-03,16,PT1H,MC-BajoPutumayo,13614.78,12652.8
2024-08-03,17,PT1H,MC-BajoPutumayo,13427.83,12702.7
2024-08-03,18,PT1H,MC-BajoPutumayo,13222.81,12526.0
2024-08-03,19,PT1H,MC-BajoPutumayo,14724.32,13964.0
2024-08-03,20,PT1H,MC-BajoPutumayo,14712.8,15111.8
2024-08-03,21,PT1H,MC-BajoPutumayo,13747.3,14458.9
2024-08-03,22,PT1H,MC-BajoPutumayo,12614.25,12920.0
2024-08-03,23,PT1H,MC-BajoPutumayo,11253.89,10425.9
2024-08-03,24,PT1H,MC-BajoPutumayo,10069.77,8445.9
2025-10-29,1,PT1H,MC-BajoPutumayo,17248.18,16799.4
2025-10-29,2,PT1H,MC-BajoPutumayo,16246.22,15580.5
2025-10-29,3,PT1H,MC-BajoPutumayo,15652.96,14806.4
2025-10-29,4,PT1H,MC-BajoPutumayo,15335.04,14500.4
2025-10-29,5,PT1H,MC-BajoPutumayo,15316.3,14677.8
2025-10-29,6,PT1H,MC-BajoPutumayo,16652.28,15155.4
2025-10-29,7,PT1H,MC-BajoPutumayo,17873.32,16112.4
2025-10-29,8,PT1H,MC-BajoPutumayo,18983.16,19226.4
2025-10-29,9,PT1H,MC-BajoPutumayo,21227.14,22420.2
2025-10-29,10,PT1H,MC-BajoPutumayo,21469.5,24661.7
2025-10-29,11,PT1H,MC-BajoPutumayo,21961.3,26015.4
2025-10-29,12,PT1H,MC-BajoPutumayo,22107.48,26604.8
2025-10-29,13,PT1H,MC-BajoPutumayo,21136.86,25597.9
2025-10-29,14,PT1H,MC-BajoPutumayo,20596.56,25564.0
2025-10-29,15,PT1H,MC-BajoPutumayo,22926.38,25935.3
2025-10-29,16,PT1H,MC-BajoPutumayo,23411.82,26105.2
2025-10-29,17,PT1H,MC-BajoPutumayo,23843.56,25525.1
2025-10-29,18,PT1H,MC-BajoPutumayo,25229.68,25089.9
2025-10-29,19,PT1H,MC-BajoPutumayo,27985.04,29229.7
2025-10-29,20,PT1H,MC-BajoPutumayo,27213.16,28973.4
2025-10-29,21,PT1H,MC-BajoPutumayo,25178.26,27305.9
2025-10-29,22,PT1H,MC-BajoPutumayo,22351.68,24535.4
2025-10-29,23,PT1H,MC-BajoPutumayo,18831.2,21461.4
2025-10-29,24,PT1H,MC-BajoPutumayo,16504.7,18798.5
2025-07-26,1,PT1H,MC-BajoPutumayo,8473.72,7428.1
2025-07-26,2,PT1H,MC-BajoPutumayo,7918.51,7016.4
2025-07-26,3,PT1H,MC-BajoPutumayo,7513.44,6828.4
2025-07-26,4,PT1H,MC-BajoPutumayo,7324.09,6717.3
2025-07-26,5,PT1H,MC-BajoPutumayo,7258.42,6766.5
2025-07-26,6,PT1H,MC-BajoPutumayo,7493.34,7308.6
2025-07-26,7,PT1H,MC-BajoPutumayo,7930.52,7856.1
2025-07-26,8,PT1H,MC-BajoPutumayo,8960.53,8866.5
2025-07-26,9,PT1H,MC-BajoPutumayo,10526.6,10230.0
2025-07-26,10,PT1H,MC-BajoPutumayo,11639.88,11067.9
2025-07-26,11,PT1H,MC-BajoPutumayo,12553.32,11838.6
2025-07-26,12,PT1H,MC-BajoPutumayo,13234.71,12330.2
2025-07-26,13,PT1H,MC-BajoPutumayo,13319.67,11907.3
2025-07-26,14,PT1H,MC-BajoPutumayo,13243.09,11952.2
2025-07-26,15,PT1H,MC-BajoPutumayo,13174.49,12564.0
2025-07-26,16,PT1H,MC-BajoPutumayo,13360.24,12719.4
2025-07-26,17,PT1H,MC-BajoPutumayo,13357.72,12587.0
2025-07-26,18,PT1H,MC-BajoPutumayo,13078.42,12217.8
2025-07-26,19,PT1H,MC-BajoPutumayo,14219.76,13598.7
2025-07-26,20,PT1H,MC-BajoPutumayo,14938.66,14519.3
2025-07-26,21,PT1H,MC-BajoPutumayo,14099.58,13795.0
2025-07-26,22,PT1H,MC-BajoPutumayo,12929.22,12224.4
2025-07-26,23,PT1H,MC-BajoPutumayo,11369.15,10188.2
2025-07-26,24,PT1H,MC-BajoPutumayo,10133.54,8464.4
2023-06-27,1,PT1H,MC-BajoPutumayo,6964.22,7642.55
2023-06-27,2,PT1H,MC-BajoPutumayo,6504.81,7213.63
2023-06-27,3,PT1H,MC-BajoPutumayo,6291.73,6908.69
2023-06-27,4,PT1H,MC-BajoPutumayo,6164.8,6749.59
2023-06-27,5,PT1H,MC-BajoPutumayo,6236.25,6781.54
2023-06-27,6,PT1H,MC-BajoPutumayo,6603.47,7288.36
2023-06-27,7,PT1H,MC-BajoPutumayo,7096.42,8082.39
2023-06-27,8,PT1H,MC-BajoPutumayo,8190.48,8877.74
2023-06-27,9,PT1H,MC-BajoPutumayo,9624.68,9902.3
2023-06-27,10,PT1H,MC-BajoPutumayo,10826.32,10362.66
2023-06-27,11,PT1H,MC-BajoPutumayo,11719.92,10808.51
2023-06-27,12,PT1H,MC-BajoPutumayo,12310.53,11144.9
2023-06-27,13,PT1H,MC-BajoPutumayo,12002.58,10734.01
2023-06-27,14,PT1H,MC-BajoPutumayo,12167.56,10647.42
2023-06-27,15,PT1H,MC-BajoPutumayo,12913.83,11206.62
2023-06-27,16,PT1H,MC-BajoPutumayo,13061.54,11569.13
2023-06-27,17,PT1H,MC-BajoPutumayo,13105.97,11838.12
2023-06-27,18,PT1H,MC-BajoPutumayo,12713.06,11734.84
2023-06-27,19,PT1H,MC-BajoPutumayo,13424.69,12933.61
2023-06-27,20,PT1H,MC-BajoPutumayo,13742.45,13206.77
2023-06-27,21,PT1H,MC-BajoPutumayo,12923.21,12301.96
2023-06-27,22,PT1H,MC-BajoPutumayo,11846.99,11000.57
2023-06-27,23,PT1H,MC-BajoPutumayo,10191.51,9334.73
2023-06-27,24,PT1H,MC-BajoPutumayo,8855.39,8109.14
2022-10-30,1,PT1H,MC-BajoPutumayo,9003.12,7961.82
2022-10-30,2,PT1H,MC-BajoPutumayo,8277.76,7418.68
2022-10-30,3,PT1H,MC-BajoPutumayo,7902.04,7070.07
2022-10-30,4,PT1H,MC-BajoPutumayo,7664.2,6733.01
2022-10-30,5,PT1H,MC-BajoPutumayo,7467.01,6615.95
2022-10-30,6,PT1H,MC-BajoPutumayo,7365.3,6883.68
2022-10-30,7,PT1H,MC-BajoPutumayo,7804.48,7302.24
2022-10-30,8,PT1H,MC-BajoPutumayo,8940.77,7651.39
2022-10-30,9,PT1H,MC-BajoPutumayo,10067.38,8881.46
2022-10-30,10,PT1H,MC-BajoPutumayo,11061.95,9789.15
2022-10-30,11,PT1H,MC-BajoPutumayo,11741.23,10307.0
2022-10-30,12,PT1H,MC-BajoPutumayo,12268.38,10912.55
2022-10-30,13,PT1H,MC-BajoPutumayo,12290.47,11135.84
2022-10-30,14,PT1H,MC-BajoPutumayo,12225.14,11292.81
2022-10-30,15,PT1H,MC-BajoPutumayo,12023.81,11268.71
2022-10-30,16,PT1H,MC-BajoPutumayo,11923.2,11229.55
2022-10-30,17,PT1H,MC-BajoPutumayo,11829.02,11006.39
2022-10-30,18,PT1H,MC-BajoPutumayo,12004.22,11198.39
2022-10-30,19,PT1H,MC-BajoPutumayo,13322.17,12638.96
2022-10-30,20,PT1H,MC-BajoPutumayo,12934.15,12761.88
2022-10-30,21,PT1H,MC-BajoPutumayo,11955.78,12148.67
2022-10-30,22,PT1H,MC-BajoPutumayo,10750.89,11374.1
2022-10-30,23,PT1H,MC-BajoPutumayo,9405.43,10103.02
2022-10-30,24,PT1H,MC-BajoPutumayo,8235.61,8937.17
2023-12-20,1,PT1H,MC-BajoPutumayo,7907.45,7763.31
2023-12-20,2,PT1H,MC-BajoPutumayo,7382.39,7218.52
2023-12-20,3,PT1H,MC-BajoPutumayo,7141.59,6964.64
2023-12-20,4,PT1H,MC-BajoPutumayo,7001.27,6829.46
2023-12-20,5,PT1H,MC-BajoPutumayo,7079.29,6845.37
2023-12-20,6,PT1H,MC-BajoPutumayo,7272.14,7209.25
2023-12-20,7,PT1H,MC-BajoPutumayo,7623.88,7792.43
2023-12-20,8,PT1H,MC-BajoPutumayo,8979.72,8853.18
2023-12-20,9,PT1H,MC-BajoPutumayo,10543.11,10072.28
2023-12-20,10,PT1H,MC-BajoPutumayo,11783.89,10581.69
2023-12-20,11,PT1H,MC-BajoPutumayo,12530.36,11357.96
2023-12-20,12,PT1H,MC-BajoPutumayo,13176.71,11861.2
2023-12-20,13,PT1H,MC-BajoPutumayo,13261.74,11439.24
2023-12-20,14,PT1H,MC-BajoPutumayo,13467.9,11327.15
2023-12-20,15,PT1H,MC-BajoPutumayo,14182.52,11945.21
2023-12-20,16,PT1H,MC-BajoPutumayo,14330.0,12055.99
2023-12-20,17,PT1H,MC-BajoPutumayo,14181.52,11985.28
2023-12-20,18,PT1H,MC-BajoPutumayo,13872.03,11727.61
2023-12-20,19,PT1H,MC-BajoPutumayo,14826.14,12872.54
2023-12-20,20,PT1H,MC-BajoPutumayo,14810.82,12865.19
2023-12-20,21,PT1H,MC-BajoPutumayo,14253.12,12104.73
2023-12-20,22,PT1H,MC-BajoPutumayo,13170.02,10969.34
2023-12-20,23,PT1H,MC-BajoPutumayo,11691.0,9456.96
2023-12-20,24,PT1H,MC-BajoPutumayo,10120.82,8147.73
2023-08-27,1,PT1H,MC-BajoPutumayo,9459.83,9452.51
2023-08-27,2,PT1H,MC-BajoPutumayo,8731.04,8852.73
2023-08-27,3,PT1H,MC-BajoPutumayo,8203.45,8442.38
2023-08-27,4,PT1H,MC-BajoPutumayo,7965.39,8167.06
2023-08-27,5,PT1H,MC-BajoPutumayo,6935.71,7962.17
2023-08-27,6,PT1H,MC-BajoPutumayo,5915.04,7991.97
2023-08-27,7,PT1H,MC-BajoPutumayo,4710.19,4067.97
2023-08-27,8,PT1H,MC-BajoPutumayo,5307.42,4158.7
2023-08-27,9,PT1H,MC-BajoPutumayo,6116.48,4350.28
2023-08-27,10,PT1H,MC-BajoPutumayo,6824.53,4643.21
2023-08-27,11,PT1H,MC-BajoPutumayo,7288.39,5291.35
2023-08-27,12,PT1H,MC-BajoPutumayo,7650.26,5499.35
2023-08-27,13,PT1H,MC-BajoPutumayo,7815.01,5775.63
2023-08-27,14,PT1H,MC-BajoPutumayo,7762.06,4906.55
2023-08-27,15,PT1H,MC-BajoPutumayo,7648.3,5321.68
2023-08-27,16,PT1H,MC-BajoPutumayo,7218.76,5511.02
2023-08-27,17,PT1H,MC-BajoPutumayo,8265.43,11797.36
2023-08-27,18,PT1H,MC-BajoPutumayo,12424.73,11844.36
2023-08-27,19,PT1H,MC-BajoPutumayo,14440.42,13441.64
2023-08-27,20,PT1H,MC-BajoPutumayo,13560.72,14199.6
2023-08-27,21,PT1H,MC-BajoPutumayo,12927.53,13521.25
2023-08-27,22,PT1H,MC-BajoPutumayo,12055.3,12727.22
2023-08-27,23,PT1H,MC-BajoPutumayo,10576.27,11009.26
2023-08-27,24,PT1H,MC-BajoPutumayo,9272.11,9607.3
2025-02-08,1,PT1H,MC-BajoPutumayo,7473.5,8286.3
2025-02-08,2,PT1H,MC-BajoPutumayo,7067.7,7680.4
2025-02-08,3,PT1H,MC-BajoPutumayo,6809.73,7372.6
2025-02-08,4,PT1H,MC-BajoPutumayo,6716.82,7201.4
2025-02-08,5,PT1H,MC-BajoPutumayo,6768.76,7301.0
2025-02-08,6,PT1H,MC-BajoPutumayo,7152.22,7355.8
2025-02-08,7,PT1H,MC-BajoPutumayo,7563.83,7782.5
2025-02-08,8,PT1H,MC-BajoPutumayo,8561.94,8832.7
2025-02-08,9,PT1H,MC-BajoPutumayo,9702.67,10249.7
2025-02-08,10,PT1H,MC-BajoPutumayo,10540.51,11121.9
2025-02-08,11,PT1H,MC-BajoPutumayo,11037.69,11827.4
2025-02-08,12,PT1H,MC-BajoPutumayo,11195.81,12381.3
2025-02-08,13,PT1H,MC-BajoPutumayo,11064.27,12191.3
2025-02-08,14,PT1H,MC-BajoPutumayo,10721.08,12305.5
2025-02-08,15,PT1H,MC-BajoPutumayo,10585.75,12611.8
2025-02-08,16,PT1H,MC-BajoPutumayo,10586.5,12039.2
2025-02-08,17,PT1H,MC-BajoPutumayo,10672.02,12031.9
2025-02-08,18,PT1H,MC-BajoPutumayo,10839.82,12388.0
2025-02-08,19,PT1H,MC-BajoPutumayo,12083.1,13195.7
2025-02-08,20,PT1H,MC-BajoPutumayo,12752.14,13082.6
2025-02-08,21,PT1H,MC-BajoPutumayo,11939.96,12360.3
2025-02-08,22,PT1H,MC-BajoPutumayo,10872.55,11194.2
2025-02-08,23,PT1H,MC-BajoPutumayo,9585.88,10143.1
2025-02-08,24,PT1H,MC-BajoPutumayo,8397.16,9334.2
2024-09-24,1,PT1H,MC-BajoPutumayo,8608.99,8390.9
2024-09-24,2,PT1H,MC-BajoPutumayo,8139.45,7977.2
2024-09-24,3,PT1H,MC-BajoPutumayo,7824.09,7763.3
2024-09-24,4,PT1H,MC-BajoPutumayo,7628.9,7676.3
2024-09-24,5,PT1H,MC-BajoPutumayo,7736.39,7697.6
2024-09-24,6,PT1H,MC-BajoPutumayo,8222.35,8366.7
2024-09-24,7,PT1H,MC-BajoPutumayo,8697.89,9362.3
2024-09-24,8,PT1H,MC-BajoPutumayo,10046.67,10140.5
2024-09-24,9,PT1H,MC-BajoPutumayo,11576.13,11096.6
2024-09-24,10,PT1H,MC-BajoPutumayo,12664.37,11898.8
2024-09-24,11,PT1H,MC-BajoPutumayo,13546.37,12723.1
2024-09-24,12,PT1H,MC-BajoPutumayo,13680.2,13229.9
2024-09-24,13,PT1H,MC-BajoPutumayo,13988.25,13065.9
2024-09-24,14,PT1H,MC-BajoPutumayo,14621.2,13147.2
2024-09-24,15,PT1H,MC-BajoPutumayo,15275.51,13934.8
2024-09-24,16,PT1H,MC-BajoPutumayo,15028.62,14051.6
2024-09-24,17,PT1H,MC-BajoPutumayo,14766.68,13606.8
2024-09-24,18,PT1H,MC-BajoPutumayo,14813.2,13400.2
2024-09-24,19,PT1H,MC-BajoPutumayo,16164.53,15774.4
2024-09-24,20,PT1H,MC-BajoPutumayo,15637.09,15747.5
2024-09-24,21,PT1H,MC-BajoPutumayo,14667.36,15038.4
2024-09-24,22,PT1H,MC-BajoPutumayo,13224.01,13604.0
2024-09-24,23,PT1H,MC-BajoPutumayo,11420.91,11667.8
2024-09-24,24,PT1H,MC-BajoPutumayo,9929.18,9879.5
2025-03-22,1,PT1H,MC-BajoPutumayo,7745.21,8480.4
2025-03-22,2,PT1H,MC-BajoPutumayo,7309.65,7893.8
2025-03-22,3,PT1H,MC-BajoPutumayo,7010.39,7573.9
2025-03-22,4,PT1H,MC-BajoPutumayo,6896.43,7374.5
2025-03-22,5,PT1H,MC-BajoPutumayo,6913.57,7314.3
2025-03-22,6,PT1H,MC-BajoPutumayo,7174.88,7552.0
2025-03-22,7,PT1H,MC-BajoPutumayo,7565.38,7956.6
2025-03-22,8,PT1H,MC-BajoPutumayo,8594.46,8965.2
2025-03-22,9,PT1H,MC-BajoPutumayo,10004.31,10189.9
2025-03-22,10,PT1H,MC-BajoPutumayo,10841.03,11041.3
2025-03-22,11,PT1H,MC-BajoPutumayo,11663.58,11670.7
2025-03-22,12,PT1H,MC-BajoPutumayo,12180.84,12073.0
2025-03-22,13,PT1H,MC-BajoPutumayo,12155.76,11983.0
2025-03-22,14,PT1H,MC-BajoPutumayo,12150.57,11844.1
2025-03-22,15,PT1H,MC-BajoPutumayo,12498.39,12046.6
2025-03-22,16,PT1H,MC-BajoPutumayo,12499.36,12162.5
2025-03-22,17,PT1H,MC-BajoPutumayo,11671.26,12133.5
2025-03-22,18,PT1H,MC-BajoPutumayo,11226.19,12160.5
2025-03-22,19,PT1H,MC-BajoPutumayo,11887.01,13330.0
2025-03-22,20,PT1H,MC-BajoPutumayo,11679.57,13947.5
2025-03-22,21,PT1H,MC-BajoPutumayo,10461.35,13111.9
2025-03-22,22,PT1H,MC-BajoPutumayo,10417.53,12104.0
2025-03-22,23,PT1H,MC-BajoPutumayo,9338.61,10846.9
2025-03-22,24,PT1H,MC-BajoPutumayo,8382.18,9599.4
2023-03-19,1,PT1H,MC-BajoPutumayo,8374.42,7384.46
2023-03-19,2,PT1H,MC-BajoPutumayo,7846.99,6941.98
2023-03-19,3,PT1H,MC-BajoPutumayo,7390.57,6578.78
2023-03-19,4,PT1H,MC-BajoPutumayo,7052.13,6379.62
2023-03-19,5,PT1H,MC-BajoPutumayo,6844.29,6240.74
2023-03-19,6,PT1H,MC-BajoPutumayo,6872.46,6327.73
2023-03-19,7,PT1H,MC-BajoPutumayo,6983.14,6774.4
2023-03-19,8,PT1H,MC-BajoPutumayo,8109.67,7668.4
2023-03-19,9,PT1H,MC-BajoPutumayo,9396.7,8650.49
2023-03-19,10,PT1H,MC-BajoPutumayo,10167.89,9397.88
2023-03-19,11,PT1H,MC-BajoPutumayo,10820.09,9996.67
2023-03-19,12,PT1H,MC-BajoPutumayo,11423.96,10415.74
2023-03-19,13,PT1H,MC-BajoPutumayo,11945.61,10648.89
2023-03-19,14,PT1H,MC-BajoPutumayo,11682.46,10812.28
2023-03-19,15,PT1H,MC-BajoPutumayo,9350.71,10793.07
2023-03-19,16,PT1H,MC-BajoPutumayo,6259.17,10685.1
2023-03-19,17,PT1H,MC-BajoPutumayo,4537.33,10545.12
2023-03-19,18,PT1H,MC-BajoPutumayo,5437.0,10481.75
2023-03-19,19,PT1H,MC-BajoPutumayo,6037.41,11864.37
2023-03-19,20,PT1H,MC-BajoPutumayo,6592.21,12396.48
2023-03-19,21,PT1H,MC-BajoPutumayo,6101.74,11641.81
2023-03-19,22,PT1H,MC-BajoPutumayo,5900.92,10665.23
2023-03-19,23,PT1H,MC-BajoPutumayo,5552.66,9279.31
2023-03-19,24,PT1H,MC-BajoPutumayo,5240.78,8221.04
2025-12-28,1,PT1H,MC-BajoPutumayo,8925.23,8728.8
2025-12-28,2,PT1H,MC-BajoPutumayo,8316.86,8528.7
2025-12-28,3,PT1H,MC-BajoPutumayo,7977.89,8225.4
2025-12-28,4,PT1H,MC-BajoPutumayo,7742.99,7990.8
2025-12-28,5,PT1H,MC-BajoPutumayo,7723.18,7878.6
2025-12-28,6,PT1H,MC-BajoPutumayo,7387.98,7821.3
2025-12-28,7,PT1H,MC-BajoPutumayo,8002.15,8360.1
2025-12-28,8,PT1H,MC-BajoPutumayo,9004.12,9139.5
2025-12-28,9,PT1H,MC-BajoPutumayo,10410.88,10380.1
2025-12-28,10,PT1H,MC-BajoPutumayo,11351.94,11135.8
2025-12-28,11,PT1H,MC-BajoPutumayo,12129.76,12246.9
2025-12-28,12,PT1H,MC-BajoPutumayo,12574.88,12878.4
2025-12-28,13,PT1H,MC-BajoPutumayo,12443.29,13270.8
2025-12-28,14,PT1H,MC-BajoPutumayo,12141.93,13144.2
2025-12-28,15,PT1H,MC-BajoPutumayo,11874.08,13302.0
2025-12-28,16,PT1H,MC-BajoPutumayo,11693.07,13218.4
2025-12-28,17,PT1H,MC-BajoPutumayo,11635.77,13019.0
2025-12-28,18,PT1H,MC-BajoPutumayo,11745.81,13230.9
2025-12-28,19,PT1H,MC-BajoPutumayo,13477.63,14716.9
2025-12-28,20,PT1H,MC-BajoPutumayo,13306.76,14697.1
2025-12-28,21,PT1H,MC-BajoPutumayo,13308.16,14010.7
2025-12-28,22,PT1H,MC-BajoPutumayo,12360.48,12728.0
2025-12-28,23,PT1H,MC-BajoPutumayo,10976.69,11601.5
2025-12-28,24,PT1H,MC-BajoPutumayo,10025.27,9891.8
2024-08-21,1,PT1H,MC-BajoPutumayo,7407.97,7317.7
2024-08-21,2,PT1H,MC-BajoPutumayo,7009.11,6864.1
2024-08-21,3,PT1H,MC-BajoPutumayo,6951.85,6763.6
2024-08-21,4,PT1H,MC-BajoPutumayo,6669.12,6464.7
2024-08-21,5,PT1H,MC-BajoPutumayo,6450.67,6728.3
2024-08-21,6,PT1H,MC-BajoPutumayo,7285.28,7569.3
2024-08-21,7,PT1H,MC-BajoPutumayo,8053.46,8650.7
2024-08-21,8,PT1H,MC-BajoPutumayo,8912.7,9315.4
2024-08-21,9,PT1H,MC-BajoPutumayo,10102.01,10040.0
2024-08-21,10,PT1H,MC-BajoPutumayo,11270.88,10779.5
2024-08-21,11,PT1H,MC-BajoPutumayo,12389.42,11558.0
2024-08-21,12,PT1H,MC-BajoPutumayo,12585.34,11952.3
2024-08-21,13,PT1H,MC-BajoPutumayo,12445.87,11445.0
2024-08-21,14,PT1H,MC-BajoPutumayo,13172.53,11622.5
2024-08-21,15,PT1H,MC-BajoPutumayo,14009.29,11874.5
2024-08-21,16,PT1H,MC-BajoPutumayo,13975.75,12080.1
2024-08-21,17,PT1H,MC-BajoPutumayo,13881.19,12017.4
2024-08-21,18,PT1H,MC-BajoPutumayo,13551.04,12016.0
2024-08-21,19,PT1H,MC-BajoPutumayo,14859.44,13504.7
2024-08-21,20,PT1H,MC-BajoPutumayo,14841.82,14329.5
2024-08-21,21,PT1H,MC-BajoPutumayo,14046.12,13496.1
2024-08-21,22,PT1H,MC-BajoPutumayo,12527.79,12247.4
2024-08-21,23,PT1H,MC-BajoPutumayo,10782.61,10117.7
2024-08-21,24,PT1H,MC-BajoPutumayo,9223.22,8369.9
2024-11-06,1,PT1H,MC-BajoPutumayo,7854.48,8766.8
2024-11-06,2,PT1H,MC-BajoPutumayo,5206.94,4453.9
2024-11-06,3,PT1H,MC-BajoPutumayo,6257.92,3456.4
2024-11-06,4,PT1H,MC-BajoPutumayo,8703.5,4009.0
2024-11-06,5,PT1H,MC-BajoPutumayo,8465.89,4048.8
2024-11-06,6,PT1H,MC-BajoPutumayo,8619.36,8757.0
2024-11-06,7,PT1H,MC-BajoPutumayo,9099.55,9213.0
2024-11-06,8,PT1H,MC-BajoPutumayo,10236.67,10551.6
2024-11-06,9,PT1H,MC-BajoPutumayo,8661.11,9161.4
2024-11-06,10,PT1H,MC-BajoPutumayo,9343.47,9880.2
2024-11-06,11,PT1H,MC-BajoPutumayo,10016.22,10579.9
2024-11-06,12,PT1H,MC-BajoPutumayo,10941.28,10514.5
2024-11-06,13,PT1H,MC-BajoPutumayo,13409.66,12843.0
2024-11-06,14,PT1H,MC-BajoPutumayo,14491.65,13376.0
2024-11-06,15,PT1H,MC-BajoPutumayo,15130.04,14188.9
2024-11-06,16,PT1H,MC-BajoPutumayo,14921.19,14076.4
2024-11-06,17,PT1H,MC-BajoPutumayo,14840.38,14033.0
2024-11-06,18,PT1H,MC-BajoPutumayo,15487.93,14211.8
2024-11-06,19,PT1H,MC-BajoPutumayo,16445.44,15574.8
2024-11-06,20,PT1H,MC-BajoPutumayo,15670.29,14994.2
2024-11-06,21,PT1H,MC-BajoPutumayo,14054.59,13773.7
2024-11-06,22,PT1H,MC-BajoPutumayo,12898.21,12205.2
2024-11-06,23,PT1H,MC-BajoPutumayo,11487.03,10568.5
2024-11-06,24,PT1H,MC-BajoPutumayo,10142.69,9404.0
2024-09-19,1,PT1H,MC-BajoPutumayo,8995.76,8617.5
2024-09-19,2,PT1H,MC-BajoPutumayo,7914.89,8186.0
2024-09-19,3,PT1H,MC-BajoPutumayo,7885.45,7825.4
2024-09-19,4,PT1H,MC-BajoPutumayo,7745.99,7627.8
2024-09-19,5,PT1H,MC-BajoPutumayo,7753.04,7722.9
2024-09-19,6,PT1H,MC-BajoPutumayo,7952.2,8321.0
2024-09-19,7,PT1H,MC-BajoPutumayo,8698.0,8777.7
2024-09-19,8,PT1H,MC-BajoPutumayo,10213.81,9433.3
2024-09-19,9,PT1H,MC-BajoPutumayo,11779.55,10510.9
2024-09-19,10,PT1H,MC-BajoPutumayo,12971.04,11401.2
2024-09-19,11,PT1H,MC-BajoPutumayo,13660.37,12347.5
2024-09-19,12,PT1H,MC-BajoPutumayo,14396.59,12267.9
2024-09-19,13,PT1H,MC-BajoPutumayo,13718.73,12008.5
2024-09-19,14,PT1H,MC-BajoPutumayo,14699.76,12706.3
2024-09-19,15,PT1H,MC-BajoPutumayo,15009.56,13484.7
2024-09-19,16,PT1H,MC-BajoPutumayo,14956.79,13257.5
2024-09-19,17,PT1H,MC-BajoPutumayo,14759.62,13258.4
2024-09-19,18,PT1H,MC-BajoPutumayo,14802.59,13253.5
2024-09-19,19,PT1H,MC-BajoPutumayo,16049.16,14435.9
2024-09-19,20,PT1H,MC-BajoPutumayo,15754.81,14367.4
2024-09-19,21,PT1H,MC-BajoPutumayo,14759.86,13422.8
2024-09-19,22,PT1H,MC-BajoPutumayo,13149.48,11944.1
2024-09-19,23,PT1H,MC-BajoPutumayo,11272.68,10232.8
2024-09-19,24,PT1H,MC-BajoPutumayo,9776.84,8844.8
2023-06-12,1,PT1H,MC-BajoPutumayo,6622.56,7472.64
2023-06-12,2,PT1H,MC-BajoPutumayo,6249.14,6982.06
2023-06-12,3,PT1H,MC-BajoPutumayo,5994.62,6693.29
2023-06-12,4,PT1H,MC-BajoPutumayo,5866.07,6539.27
2023-06-12,5,PT1H,MC-BajoPutumayo,5837.53,6532.8
2023-06-12,6,PT1H,MC-BajoPutumayo,6088.32,6912.86
2023-06-12,7,PT1H,MC-BajoPutumayo,6444.53,7462.71
2023-06-12,8,PT1H,MC-BajoPutumayo,7422.05,8226.42
2023-06-12,9,PT1H,MC-BajoPutumayo,8726.02,9302.43
2023-06-12,10,PT1H,MC-BajoPutumayo,9745.63,10302.04
2023-06-12,11,PT1H,MC-BajoPutumayo,10707.43,11097.65
2023-06-12,12,PT1H,MC-BajoPutumayo,11141.42,11612.26
2023-06-12,13,PT1H,MC-BajoPutumayo,10980.72,11367.04
2023-06-12,14,PT1H,MC-BajoPutumayo,10715.52,11464.82
2023-06-12,15,PT1H,MC-BajoPutumayo,10715.86,12083.27
2023-06-12,16,PT1H,MC-BajoPutumayo,10773.72,12206.03
2023-06-12,17,PT1H,MC-BajoPutumayo,10787.79,11808.48
2023-06-12,18,PT1H,MC-BajoPutumayo,10698.74,11696.1
2023-06-12,19,PT1H,MC-BajoPutumayo,11894.75,12970.31
2023-06-12,20,PT1H,MC-BajoPutumayo,12567.23,13108.42
2023-06-12,21,PT1H,MC-BajoPutumayo,11912.77,12379.87
2023-06-12,22,PT1H,MC-BajoPutumayo,10760.84,11101.94
2023-06-12,23,PT1H,MC-BajoPutumayo,9135.73,9315.73
2023-06-12,24,PT1H,MC-BajoPutumayo,7818.02,8152.21
2024-09-08,1,PT1H,MC-BajoPutumayo,8457.67,8339.5
2024-09-08,2,PT1H,MC-BajoPutumayo,7900.72,7777.0
2024-09-08,3,PT1H,MC-BajoPutumayo,7173.21,7414.7
2024-09-08,4,PT1H,MC-BajoPutumayo,7307.11,7194.5
2024-09-08,5,PT1H,MC-BajoPutumayo,7196.48,7038.9
2024-09-08,6,PT1H,MC-BajoPutumayo,7216.03,7048.5
2024-09-08,7,PT1H,MC-BajoPutumayo,7536.48,7352.9
2024-09-08,8,PT1H,MC-BajoPutumayo,8456.84,8493.7
2024-09-08,9,PT1H,MC-BajoPutumayo,9461.91,10010.7
2024-09-08,10,PT1H,MC-BajoPutumayo,10138.06,10828.2
2024-09-08,11,PT1H,MC-BajoPutumayo,10740.3,11511.5
2024-09-08,12,PT1H,MC-BajoPutumayo,11456.78,11718.9
2024-09-08,13,PT1H,MC-BajoPutumayo,11414.54,11916.4
2024-09-08,14,PT1H,MC-BajoPutumayo,11590.14,12056.5
2024-09-08,15,PT1H,MC-BajoPutumayo,11896.37,12026.2
2024-09-08,16,PT1H,MC-BajoPutumayo,11884.32,11953.9
2024-09-08,17,PT1H,MC-BajoPutumayo,11763.13,11495.8
2024-09-08,18,PT1H,MC-BajoPutumayo,11884.92,11411.9
2024-09-08,19,PT1H,MC-BajoPutumayo,13553.77,12684.2
2024-09-08,20,PT1H,MC-BajoPutumayo,13503.39,13205.8
2024-09-08,21,PT1H,MC-BajoPutumayo,12823.71,12766.5
2024-09-08,22,PT1H,MC-BajoPutumayo,11798.55,11645.8
2024-09-08,23,PT1H,MC-BajoPutumayo,10400.38,10231.1
2024-09-08,24,PT1H,MC-BajoPutumayo,9165.5,9108.3
2022-09-21,1,PT1H,MC-BajoPutumayo,7952.38,7730.6
2022-09-21,2,PT1H,MC-BajoPutumayo,7401.29,7292.03
2022-09-21,3,PT1H,MC-BajoPutumayo,7153.53,7044.66
2022-09-21,4,PT1H,MC-BajoPutumayo,6972.32,6927.17
2022-09-21,5,PT1H,MC-BajoPutumayo,6952.46,6934.59
2022-09-21,6,PT1H,MC-BajoPutumayo,7453.64,7385.04
2022-09-21,7,PT1H,MC-BajoPutumayo,8172.0,8068.5
2022-09-21,8,PT1H,MC-BajoPutumayo,9121.04,9396.84
2022-09-21,9,PT1H,MC-BajoPutumayo,10519.92,10500.83
2022-09-21,10,PT1H,MC-BajoPutumayo,11647.83,11447.24
2022-09-21,11,PT1H,MC-BajoPutumayo,12728.35,11774.75
2022-09-21,12,PT1H,MC-BajoPutumayo,13197.67,11227.58
2022-09-21,13,PT1H,MC-BajoPutumayo,12733.19,10884.73
2022-09-21,14,PT1H,MC-BajoPutumayo,13029.11,11764.61
2022-09-21,15,PT1H,MC-BajoPutumayo,13681.49,12186.11
2022-09-21,16,PT1H,MC-BajoPutumayo,13903.77,12271.45
2022-09-21,17,PT1H,MC-BajoPutumayo,13532.2,12315.24
2022-09-21,18,PT1H,MC-BajoPutumayo,13629.08,11849.2
2022-09-21,19,PT1H,MC-BajoPutumayo,14667.33,12809.96
2022-09-21,20,PT1H,MC-BajoPutumayo,14853.86,14088.34
2022-09-21,21,PT1H,MC-BajoPutumayo,13847.58,13078.11
2022-09-21,22,PT1H,MC-BajoPutumayo,12539.67,11875.67
2022-09-21,23,PT1H,MC-BajoPutumayo,10608.48,9830.97
2022-09-21,24,PT1H,MC-BajoPutumayo,9164.46,8675.78
2022-02-28,1,PT1H,MC-BajoPutumayo,5913.81,7185.93
2022-02-28,2,PT1H,MC-BajoPutumayo,5557.09,6729.49
2022-02-28,3,PT1H,MC-BajoPutumayo,5408.83,6471.92
2022-02-28,4,PT1H,MC-BajoPutumayo,5207.32,6354.41
2022-02-28,5,PT1H,MC-BajoPutumayo,5244.09,6404.47
2022-02-28,6,PT1H,MC-BajoPutumayo,5932.81,6757.3
2022-02-28,7,PT1H,MC-BajoPutumayo,6813.65,7249.73
2022-02-28,8,PT1H,MC-BajoPutumayo,7246.72,7842.54
2022-02-28,9,PT1H,MC-BajoPutumayo,8265.85,8733.34
2022-02-28,10,PT1H,MC-BajoPutumayo,8936.06,9332.24
2022-02-28,11,PT1H,MC-BajoPutumayo,9347.38,9612.73
2022-02-28,12,PT1H,MC-BajoPutumayo,10093.51,9864.08
2022-02-28,13,PT1H,MC-BajoPutumayo,10316.49,9714.79
2022-02-28,14,PT1H,MC-BajoPutumayo,10759.6,9828.59
2022-02-28,15,PT1H,MC-BajoPutumayo,11184.49,10062.82
2022-02-28,16,PT1H,MC-BajoPutumayo,11005.34,10427.84
2022-02-28,17,PT1H,MC-BajoPutumayo,10673.49,10438.95
2022-02-28,18,PT1H,MC-BajoPutumayo,10582.31,10241.51
2022-02-28,19,PT1H,MC-BajoPutumayo,11366.41,11430.56
2022-02-28,20,PT1H,MC-BajoPutumayo,12102.23,11902.57
2022-02-28,21,PT1H,MC-BajoPutumayo,11434.17,11317.76
2022-02-28,22,PT1H,MC-BajoPutumayo,10380.71,10276.79
2022-02-28,23,PT1H,MC-BajoPutumayo,8796.65,8875.83
2022-02-28,24,PT1H,MC-BajoPutumayo,7429.47,7519.21
2023-10-06,1,PT1H,MC-BajoPutumayo,9084.63,8499.83
2023-10-06,2,PT1H,MC-BajoPutumayo,8571.45,8003.78
2023-10-06,3,PT1H,MC-BajoPutumayo,8300.09,7812.98
2023-10-06,4,PT1H,MC-BajoPutumayo,8111.49,7585.54
2023-10-06,5,PT1H,MC-BajoPutumayo,8072.87,7596.72
2023-10-06,6,PT1H,MC-BajoPutumayo,8552.25,8021.89
2023-10-06,7,PT1H,MC-BajoPutumayo,9064.92,8639.57
2023-10-06,8,PT1H,MC-BajoPutumayo,9952.23,9606.41
2023-10-06,9,PT1H,MC-BajoPutumayo,11515.41,10942.44
2023-10-06,10,PT1H,MC-BajoPutumayo,12733.4,11926.03
2023-10-06,11,PT1H,MC-BajoPutumayo,13754.46,12748.43
2023-10-06,12,PT1H,MC-BajoPutumayo,14440.37,13276.39
2023-10-06,13,PT1H,MC-BajoPutumayo,14195.4,13211.15
2023-10-06,14,PT1H,MC-BajoPutumayo,14385.78,13529.99
2023-10-06,15,PT1H,MC-BajoPutumayo,14928.53,14338.44
2023-10-06,16,PT1H,MC-BajoPutumayo,14266.38,14560.93
2023-10-06,17,PT1H,MC-BajoPutumayo,14049.97,14589.37
2023-10-06,18,PT1H,MC-BajoPutumayo,14467.7,14289.14
2023-10-06,19,PT1H,MC-BajoPutumayo,15711.63,15307.98
2023-10-06,20,PT1H,MC-BajoPutumayo,15641.87,15522.93
2023-10-06,21,PT1H,MC-BajoPutumayo,14539.53,14514.21
2023-10-06,22,PT1H,MC-BajoPutumayo,13381.87,13298.83
2023-10-06,23,PT1H,MC-BajoPutumayo,11665.71,11704.03
2023-10-06,24,PT1H,MC-BajoPutumayo,10509.56,10173.0
2024-12-14,1,PT1H,MC-BajoPutumayo,8582.78,7892.7
2024-12-14,2,PT1H,MC-BajoPutumayo,7837.36,7521.7
2024-12-14,3,PT1H,MC-BajoPutumayo,7721.25,7116.6
2024-12-14,4,PT1H,MC-BajoPutumayo,7566.83,7172.7
2024-12-14,5,PT1H,MC-BajoPutumayo,7678.85,7344.7
2024-12-14,6,PT1H,MC-BajoPutumayo,7671.96,7481.6
2024-12-14,7,PT1H,MC-BajoPutumayo,8430.81,8466.8
2024-12-14,8,PT1H,MC-BajoPutumayo,9810.62,9734.0
2024-12-14,9,PT1H,MC-BajoPutumayo,11386.92,11045.4
2024-12-14,10,PT1H,MC-BajoPutumayo,12106.87,11846.0
2024-12-14,11,PT1H,MC-BajoPutumayo,12717.26,12191.8
2024-12-14,12,PT1H,MC-BajoPutumayo,13401.39,12212.1
2024-12-14,13,PT1H,MC-BajoPutumayo,13126.2,12007.0
2024-12-14,14,PT1H,MC-BajoPutumayo,13354.86,12378.4
2024-12-14,15,PT1H,MC-BajoPutumayo,13732.17,12646.1
2024-12-14,16,PT1H,MC-BajoPutumayo,12340.79,12577.8
2024-12-14,17,PT1H,MC-BajoPutumayo,12399.17,12547.6
2024-12-14,18,PT1H,MC-BajoPutumayo,13382.57,13538.7
2024-12-14,19,PT1H,MC-BajoPutumayo,14513.07,14722.5
2024-12-14,20,PT1H,MC-BajoPutumayo,13849.89,14061.2
2024-12-14,21,PT1H,MC-BajoPutumayo,13130.32,12959.0
2024-12-14,22,PT1H,MC-BajoPutumayo,11416.86,11540.2
2024-12-14,23,PT1H,MC-BajoPutumayo,10273.08,10193.0
2024-12-14,24,PT1H,MC-BajoPutumayo,9576.7,9152.9
2022-01-10,1,PT1H,MC-BajoPutumayo,7746.39,6977.86
2022-01-10,2,PT1H,MC-BajoPutumayo,7179.34,6626.85
2022-01-10,3,PT1H,MC-BajoPutumayo,6877.8,6422.12
2022-01-10,4,PT1H,MC-BajoPutumayo,6640.03,6275.63
2022-01-10,5,PT1H,MC-BajoPutumayo,6651.42,6336.5
2022-01-10,6,PT1H,MC-BajoPutumayo,6829.28,6603.86
2022-01-10,7,PT1H,MC-BajoPutumayo,7085.28,7043.55
2022-01-10,8,PT1H,MC-BajoPutumayo,8062.74,8052.56
2022-01-10,9,PT1H,MC-BajoPutumayo,8435.46,8906.53
2022-01-10,10,PT1H,MC-BajoPutumayo,9406.04,9506.94
2022-01-10,11,PT1H,MC-BajoPutumayo,9991.57,9977.07
2022-01-10,12,PT1H,MC-BajoPutumayo,10562.93,10360.26
2022-01-10,13,PT1H,MC-BajoPutumayo,10958.12,10185.74
2022-01-10,14,PT1H,MC-BajoPutumayo,10699.49,10012.54
2022-01-10,15,PT1H,MC-BajoPutumayo,10709.69,10218.81
2022-01-10,16,PT1H,MC-BajoPutumayo,10898.07,10243.55
2022-01-10,17,PT1H,MC-BajoPutumayo,10839.6,10278.15
2022-01-10,18,PT1H,MC-BajoPutumayo,11235.17,10250.78
2022-01-10,19,PT1H,MC-BajoPutumayo,11179.63,11704.51
2022-01-10,20,PT1H,MC-BajoPutumayo,11960.22,12775.04
2022-01-10,21,PT1H,MC-BajoPutumayo,11797.59,12122.08
2022-01-10,22,PT1H,MC-BajoPutumayo,11020.62,10983.45
2022-01-10,23,PT1H,MC-BajoPutumayo,9762.05,9250.09
2022-01-10,24,PT1H,MC-BajoPutumayo,8684.33,7851.32
2023-07-10,1,PT1H,MC-BajoPutumayo,7073.9,7182.77
2023-07-10,2,PT1H,MC-BajoPutumayo,6670.99,6759.09
2023-07-10,3,PT1H,MC-BajoPutumayo,6475.91,6449.15
2023-07-10,4,PT1H,MC-BajoPutumayo,6341.83,6278.8
2023-07-10,5,PT1H,MC-BajoPutumayo,6391.03,6239.63
2023-07-10,6,PT1H,MC-BajoPutumayo,6912.7,6486.93
2023-07-10,7,PT1H,MC-BajoPutumayo,7476.61,6844.71
2023-07-10,8,PT1H,MC-BajoPutumayo,8246.77,7647.86
2023-07-10,9,PT1H,MC-BajoPutumayo,9268.26,9190.24
2023-07-10,10,PT1H,MC-BajoPutumayo,9921.82,10086.04
2023-07-10,11,PT1H,MC-BajoPutumayo,11146.37,10837.68
2023-07-10,12,PT1H,MC-BajoPutumayo,11706.28,11308.77
2023-07-10,13,PT1H,MC-BajoPutumayo,11547.12,11317.67
2023-07-10,14,PT1H,MC-BajoPutumayo,11856.6,11133.79
2023-07-10,15,PT1H,MC-BajoPutumayo,12705.17,11349.93
2023-07-10,16,PT1H,MC-BajoPutumayo,12685.27,11388.44
2023-07-10,17,PT1H,MC-BajoPutumayo,12833.56,11241.12
2023-07-10,18,PT1H,MC-BajoPutumayo,12538.89,11130.37
2023-07-10,19,PT1H,MC-BajoPutumayo,13247.95,12195.26
2023-07-10,20,PT1H,MC-BajoPutumayo,13777.33,12386.09
2023-07-10,21,PT1H,MC-BajoPutumayo,13019.18,12057.51
2023-07-10,22,PT1H,MC-BajoPutumayo,11792.61,10903.58
2023-07-10,23,PT1H,MC-BajoPutumayo,10047.49,9324.97
2023-07-10,24,PT1H,MC-BajoPutumayo,8577.24,7992.03
2023-08-28,1,PT1H,MC-BajoPutumayo,8409.2,8056.52
2023-08-28,2,PT1H,MC-BajoPutumayo,7933.29,7520.96
2023-08-28,3,PT1H,MC-BajoPutumayo,7655.94,7267.78
2023-08-28,4,PT1H,MC-BajoPutumayo,7438.37,7092.87
2023-08-28,5,PT1H,MC-BajoPutumayo,7718.1,7094.51
2023-08-28,6,PT1H,MC-BajoPutumayo,6148.43,7612.37
2023-08-28,7,PT1H,MC-BajoPutumayo,8034.56,8324.38
2023-08-28,8,PT1H,MC-BajoPutumayo,10095.86,9214.14
2023-08-28,9,PT1H,MC-BajoPutumayo,10585.43,10359.46
2023-08-28,10,PT1H,MC-BajoPutumayo,11226.93,10994.75
2023-08-28,11,PT1H,MC-BajoPutumayo,11686.33,11746.77
2023-08-28,12,PT1H,MC-BajoPutumayo,12380.23,12523.99
2023-08-28,13,PT1H,MC-BajoPutumayo,12411.23,12223.66
2023-08-28,14,PT1H,MC-BajoPutumayo,12814.04,12114.38
2023-08-28,15,PT1H,MC-BajoPutumayo,13677.51,12332.44
2023-08-28,16,PT1H,MC-BajoPutumayo,13806.7,12286.57
2023-08-28,17,PT1H,MC-BajoPutumayo,13921.58,12351.19
2023-08-28,18,PT1H,MC-BajoPutumayo,13687.25,12445.68
2023-08-28,19,PT1H,MC-BajoPutumayo,14221.83,13671.21
2023-08-28,20,PT1H,MC-BajoPutumayo,14637.3,14174.3
2023-08-28,21,PT1H,MC-BajoPutumayo,13774.34,13348.49
2023-08-28,22,PT1H,MC-BajoPutumayo,12446.06,11985.94
2023-08-28,23,PT1H,MC-BajoPutumayo,10689.75,10217.24
2023-08-28,24,PT1H,MC-BajoPutumayo,9262.34,8905.6
2023-05-09,1,PT1H,MC-BajoPutumayo,7594.56,6887.87
2023-05-09,2,PT1H,MC-BajoPutumayo,7158.9,6515.13
2023-05-09,3,PT1H,MC-BajoPutumayo,6962.27,6374.78
2023-05-09,4,PT1H,MC-BajoPutumayo,6831.95,6157.81
2023-05-09,5,PT1H,MC-BajoPutumayo,6848.65,6329.96
2023-05-09,6,PT1H,MC-BajoPutumayo,7427.76,6408.16
2023-05-09,7,PT1H,MC-BajoPutumayo,8224.05,7200.52
2023-05-09,8,PT1H,MC-BajoPutumayo,9113.01,8373.86
2023-05-09,9,PT1H,MC-BajoPutumayo,10023.31,9051.1
2023-05-09,10,PT1H,MC-BajoPutumayo,10262.72,9594.51
2023-05-09,11,PT1H,MC-BajoPutumayo,10580.34,10048.8
2023-05-09,12,PT1H,MC-BajoPutumayo,10680.63,10581.52
2023-05-09,13,PT1H,MC-BajoPutumayo,10084.73,10569.18
2023-05-09,14,PT1H,MC-BajoPutumayo,9766.1,10846.1
2023-05-09,15,PT1H,MC-BajoPutumayo,10163.57,11377.99
2023-05-09,16,PT1H,MC-BajoPutumayo,10510.28,11615.69
2023-05-09,17,PT1H,MC-BajoPutumayo,10685.1,11227.36
2023-05-09,18,PT1H,MC-BajoPutumayo,10919.18,10921.63
2023-05-09,19,PT1H,MC-BajoPutumayo,12176.11,12899.65
2023-05-09,20,PT1H,MC-BajoPutumayo,12422.83,13704.52
2023-05-09,21,PT1H,MC-BajoPutumayo,11506.69,12879.85
2023-05-09,22,PT1H,MC-BajoPutumayo,10194.04,11373.41
2023-05-09,23,PT1H,MC-BajoPutumayo,8691.13,9584.88
2023-05-09,24,PT1H,MC-BajoPutumayo,7567.25,8039.72
2024-08-08,1,PT1H,MC-BajoPutumayo,8073.14,7792.3
2024-08-08,2,PT1H,MC-BajoPutumayo,7187.88,7423.3
2024-08-08,3,PT1H,MC-BajoPutumayo,7135.1,7170.9
2024-08-08,4,PT1H,MC-BajoPutumayo,6982.3,6975.3
2024-08-08,5,PT1H,MC-BajoPutumayo,7068.99,7114.4
2024-08-08,6,PT1H,MC-BajoPutumayo,7710.07,7788.3
2024-08-08,7,PT1H,MC-BajoPutumayo,8341.93,8379.3
2024-08-08,8,PT1H,MC-BajoPutumayo,9179.88,9408.9
2024-08-08,9,PT1H,MC-BajoPutumayo,10407.69,10630.5
2024-08-08,10,PT1H,MC-BajoPutumayo,11533.32,11417.1
2024-08-08,11,PT1H,MC-BajoPutumayo,12601.17,11928.0
2024-08-08,12,PT1H,MC-BajoPutumayo,13103.85,12382.6
2024-08-08,13,PT1H,MC-BajoPutumayo,13687.2,12128.2
2024-08-08,14,PT1H,MC-BajoPutumayo,13890.42,12181.4
2024-08-08,15,PT1H,MC-BajoPutumayo,15225.94,12869.2
2024-08-08,16,PT1H,MC-BajoPutumayo,14812.38,12813.8
2024-08-08,17,PT1H,MC-BajoPutumayo,14267.05,12924.5
2024-08-08,18,PT1H,MC-BajoPutumayo,14181.97,12758.2
2024-08-08,19,PT1H,MC-BajoPutumayo,15497.88,13941.8
2024-08-08,20,PT1H,MC-BajoPutumayo,15611.7,13859.9
2024-08-08,21,PT1H,MC-BajoPutumayo,14742.62,12813.2
2024-08-08,22,PT1H,MC-BajoPutumayo,13285.16,11330.2
2024-08-08,23,PT1H,MC-BajoPutumayo,10951.5,9736.7
2024-08-08,24,PT1H,MC-BajoPutumayo,9609.41,8465.0
2024-08-10,1,PT1H,MC-BajoPutumayo,7288.29,7362.7
2024-08-10,2,PT1H,MC-BajoPutumayo,6847.11,6974.8
2024-08-10,3,PT1H,MC-BajoPutumayo,6632.55,6673.6
2024-08-10,4,PT1H,MC-BajoPutumayo,6509.97,6532.8
2024-08-10,5,PT1H,MC-BajoPutumayo,6524.72,6547.2
2024-08-10,6,PT1H,MC-BajoPutumayo,6805.96,6884.5
2024-08-10,7,PT1H,MC-BajoPutumayo,7438.62,7180.7
2024-08-10,8,PT1H,MC-BajoPutumayo,8434.61,8368.2
2024-08-10,9,PT1H,MC-BajoPutumayo,9712.36,9498.0
2024-08-10,10,PT1H,MC-BajoPutumayo,10436.75,10304.6
2024-08-10,11,PT1H,MC-BajoPutumayo,10815.18,10905.9
2024-08-10,12,PT1H,MC-BajoPutumayo,11242.35,11321.9
2024-08-10,13,PT1H,MC-BajoPutumayo,11078.88,11287.7
2024-08-10,14,PT1H,MC-BajoPutumayo,10987.18,10988.1
2024-08-10,15,PT1H,MC-BajoPutumayo,11291.86,11034.8
2024-08-10,16,PT1H,MC-BajoPutumayo,11378.02,10981.3
2024-08-10,17,PT1H,MC-BajoPutumayo,11554.95,10962.0
2024-08-10,18,PT1H,MC-BajoPutumayo,11697.47,11037.9
2024-08-10,19,PT1H,MC-BajoPutumayo,13149.31,12440.0
2024-08-10,20,PT1H,MC-BajoPutumayo,13200.41,12647.7
2024-08-10,21,PT1H,MC-BajoPutumayo,12383.52,11811.2
2024-08-10,22,PT1H,MC-BajoPutumayo,11236.51,10698.9
2024-08-10,23,PT1H,MC-BajoPutumayo,9980.64,9417.9
2024-08-10,24,PT1H,MC-BajoPutumayo,8803.44,8369.3
2025-03-12,1,PT1H,MC-BajoPutumayo,7517.36,7882.7
2025-03-12,2,PT1H,MC-BajoPutumayo,7177.35,7457.8
2025-03-12,3,PT1H,MC-BajoPutumayo,6949.84,7200.4
2025-03-12,4,PT1H,MC-BajoPutumayo,6888.33,7077.1
2025-03-12,5,PT1H,MC-BajoPutumayo,6990.46,7123.7
2025-03-12,6,PT1H,MC-BajoPutumayo,8255.83,7754.2
2025-03-12,7,PT1H,MC-BajoPutumayo,3654.3,0.0
2025-03-12,8,PT1H,MC-BajoPutumayo,0.0,0.0
2025-03-12,9,PT1H,MC-BajoPutumayo,0.0,0.0
2025-03-12,10,PT1H,MC-BajoPutumayo,0.0,0.0
2025-03-12,11,PT1H,MC-BajoPutumayo,0.0,0.0
2025-03-12,12,PT1H,MC-BajoPutumayo,0.0,0.0
2025-03-12,13,PT1H,MC-BajoPutumayo,0.0,0.0
2025-03-12,14,PT1H,MC-BajoPutumayo,847.17,8431.2
2025-03-12,15,PT1H,MC-BajoPutumayo,7800.22,9555.1
2025-03-12,16,PT1H,MC-BajoPutumayo,7834.59,13681.7
2025-03-12,17,PT1H,MC-BajoPutumayo,7720.71,13605.4
2025-03-12,18,PT1H,MC-BajoPutumayo,7492.97,13203.4
2025-03-12,19,PT1H,MC-BajoPutumayo,7983.79,13890.9
2025-03-12,20,PT1H,MC-BajoPutumayo,14045.95,14293.4
2025-03-12,21,PT1H,MC-BajoPutumayo,13812.95,13202.8
2025-03-12,22,PT1H,MC-BajoPutumayo,12303.4,11826.5
2025-03-12,23,PT1H,MC-BajoPutumayo,10422.5,10233.1
2025-03-12,24,PT1H,MC-BajoPutumayo,8973.39,8899.9
2025-01-18,1,PT1H,MC-BajoPutumayo,9307.12,9288.7
2025-01-18,2,PT1H,MC-BajoPutumayo,8713.35,8674.7
2025-01-18,3,PT1H,MC-BajoPutumayo,8289.78,8116.8
2025-01-18,4,PT1H,MC-BajoPutumayo,8008.9,7997.2
2025-01-18,5,PT1H,MC-BajoPutumayo,7981.67,8248.1
2025-01-18,6,PT1H,MC-BajoPutumayo,8108.76,8479.0
2025-01-18,7,PT1H,MC-BajoPutumayo,8267.23,8642.5
2025-01-18,8,PT1H,MC-BajoPutumayo,9193.07,9549.1
2025-01-18,9,PT1H,MC-BajoPutumayo,10734.83,10703.4
2025-01-18,10,PT1H,MC-BajoPutumayo,11937.82,11670.3
2025-01-18,11,PT1H,MC-BajoPutumayo,12892.71,12412.3
2025-01-18,12,PT1H,MC-BajoPutumayo,13472.47,12836.5
2025-01-18,13,PT1H,MC-BajoPutumayo,13424.56,12696.1
2025-01-18,14,PT1H,MC-BajoPutumayo,13444.59,12634.1
2025-01-18,15,PT1H,MC-BajoPutumayo,13739.07,12725.8
2025-01-18,16,PT1H,MC-BajoPutumayo,13863.05,12699.5
2025-01-18,17,PT1H,MC-BajoPutumayo,13784.6,12626.1
2025-01-18,18,PT1H,MC-BajoPutumayo,13577.55,12642.0
2025-01-18,19,PT1H,MC-BajoPutumayo,14230.79,13898.7
2025-01-18,20,PT1H,MC-BajoPutumayo,14638.76,14509.2
2025-01-18,21,PT1H,MC-BajoPutumayo,13773.28,13890.9
2025-01-18,22,PT1H,MC-BajoPutumayo,12921.18,13051.2
2025-01-18,23,PT1H,MC-BajoPutumayo,11749.08,11750.5
2025-01-18,24,PT1H,MC-BajoPutumayo,10667.26,10497.3
2023-04-20,1,PT1H,MC-BajoPutumayo,7133.97,7062.19
2023-04-20,2,PT1H,MC-BajoPutumayo,6539.19,6647.27
2023-04-20,3,PT1H,MC-BajoPutumayo,6597.34,6442.58
2023-04-20,4,PT1H,MC-BajoPutumayo,6236.98,6334.07
2023-04-20,5,PT1H,MC-BajoPutumayo,6069.38,6449.84
2023-04-20,6,PT1H,MC-BajoPutumayo,6776.64,7019.98
2023-04-20,7,PT1H,MC-BajoPutumayo,7754.79,7664.5
2023-04-20,8,PT1H,MC-BajoPutumayo,8470.87,8515.5
2023-04-20,9,PT1H,MC-BajoPutumayo,9358.53,9597.76
2023-04-20,10,PT1H,MC-BajoPutumayo,10024.2,10422.27
2023-04-20,11,PT1H,MC-BajoPutumayo,10144.04,10958.91
2023-04-20,12,PT1H,MC-BajoPutumayo,10563.32,11328.66
2023-04-20,13,PT1H,MC-BajoPutumayo,10127.6,11035.37
2023-04-20,14,PT1H,MC-BajoPutumayo,9827.64,11237.82
2023-04-20,15,PT1H,MC-BajoPutumayo,10097.02,11914.6
2023-04-20,16,PT1H,MC-BajoPutumayo,10352.04,12128.55
2023-04-20,17,PT1H,MC-BajoPutumayo,10499.94,12149.42
2023-04-20,18,PT1H,MC-BajoPutumayo,10541.09,11969.01
2023-04-20,19,PT1H,MC-BajoPutumayo,11900.92,12950.94
2023-04-20,20,PT1H,MC-BajoPutumayo,12036.35,13248.66
2023-04-20,21,PT1H,MC-BajoPutumayo,11298.06,12268.09
2023-04-20,22,PT1H,MC-BajoPutumayo,10108.19,10874.53
2023-04-20,23,PT1H,MC-BajoPutumayo,8563.7,9218.79
2023-04-20,24,PT1H,MC-BajoPutumayo,7308.21,8040.69
2024-12-26,1,PT1H,MC-BajoPutumayo,8780.71,7279.4
2024-12-26,2,PT1H,MC-BajoPutumayo,8220.88,6959.4
2024-12-26,3,PT1H,MC-BajoPutumayo,7793.45,6733.6
2024-12-26,4,PT1H,MC-BajoPutumayo,7640.02,6667.4
2024-12-26,5,PT1H,MC-BajoPutumayo,7786.24,6891.8
2024-12-26,6,PT1H,MC-BajoPutumayo,7965.6,7248.0
2024-12-26,7,PT1H,MC-BajoPutumayo,7929.4,8054.5
2024-12-26,8,PT1H,MC-BajoPutumayo,9128.85,9377.5
2024-12-26,9,PT1H,MC-BajoPutumayo,10508.73,10823.6
2024-12-26,10,PT1H,MC-BajoPutumayo,11546.76,11520.6
2024-12-26,11,PT1H,MC-BajoPutumayo,12285.97,12200.3
2024-12-26,12,PT1H,MC-BajoPutumayo,13132.39,12241.5
2024-12-26,13,PT1H,MC-BajoPutumayo,9940.72,12168.9
2024-12-26,14,PT1H,MC-BajoPutumayo,11093.52,12702.2
2024-12-26,15,PT1H,MC-BajoPutumayo,14118.93,13035.7
2024-12-26,16,PT1H,MC-BajoPutumayo,14507.19,13167.4
2024-12-26,17,PT1H,MC-BajoPutumayo,14490.37,12805.8
2024-12-26,18,PT1H,MC-BajoPutumayo,14097.62,13105.5
2024-12-26,19,PT1H,MC-BajoPutumayo,15407.5,14131.1
2024-12-26,20,PT1H,MC-BajoPutumayo,15456.01,13459.7
2024-12-26,21,PT1H,MC-BajoPutumayo,14455.12,12404.1
2024-12-26,22,PT1H,MC-BajoPutumayo,13165.18,10881.4
2024-12-26,23,PT1H,MC-BajoPutumayo,11749.9,9669.6
2024-12-26,24,PT1H,MC-BajoPutumayo,10244.47,8596.1
2022-12-04,1,PT1H,MC-BajoPutumayo,7671.88,7997.36
2022-12-04,2,PT1H,MC-BajoPutumayo,7187.37,7501.64
2022-12-04,3,PT1H,MC-BajoPutumayo,6783.81,7123.54
2022-12-04,4,PT1H,MC-BajoPutumayo,6582.72,6899.15
2022-12-04,5,PT1H,MC-BajoPutumayo,6434.55,6768.76
2022-12-04,6,PT1H,MC-BajoPutumayo,5976.57,6800.66
2022-12-04,7,PT1H,MC-BajoPutumayo,5718.07,7151.54
2022-12-04,8,PT1H,MC-BajoPutumayo,7951.68,8187.2
2022-12-04,9,PT1H,MC-BajoPutumayo,9157.33,9223.42
2022-12-04,10,PT1H,MC-BajoPutumayo,10406.78,10195.52
2022-12-04,11,PT1H,MC-BajoPutumayo,11121.57,10704.09
2022-12-04,12,PT1H,MC-BajoPutumayo,11642.16,11146.72
2022-12-04,13,PT1H,MC-BajoPutumayo,12032.72,11280.05
2022-12-04,14,PT1H,MC-BajoPutumayo,12086.77,11180.32
2022-12-04,15,PT1H,MC-BajoPutumayo,11919.65,11186.66
2022-12-04,16,PT1H,MC-BajoPutumayo,12648.78,11056.04
2022-12-04,17,PT1H,MC-BajoPutumayo,9605.18,10938.54
2022-12-04,18,PT1H,MC-BajoPutumayo,10659.81,11004.89
2022-12-04,19,PT1H,MC-BajoPutumayo,12693.08,12251.18
2022-12-04,20,PT1H,MC-BajoPutumayo,9423.46,12232.68
2022-12-04,21,PT1H,MC-BajoPutumayo,9398.84,11667.73
2022-12-04,22,PT1H,MC-BajoPutumayo,9319.25,10752.56
2022-12-04,23,PT1H,MC-BajoPutumayo,8173.17,9545.02
2022-12-04,24,PT1H,MC-BajoPutumayo,7291.1,8436.13
2025-01-23,1,PT1H,MC-BajoPutumayo,9297.62,9234.6
2025-01-23,2,PT1H,MC-BajoPutumayo,8759.92,8654.0
2025-01-23,3,PT1H,MC-BajoPutumayo,8367.59,8175.6
2025-01-23,4,PT1H,MC-BajoPutumayo,7836.02,8085.2
2025-01-23,5,PT1H,MC-BajoPutumayo,8068.05,8144.1
2025-01-23,6,PT1H,MC-BajoPutumayo,8308.41,7931.1
2025-01-23,7,PT1H,MC-BajoPutumayo,8513.51,8212.7
2025-01-23,8,PT1H,MC-BajoPutumayo,9628.03,9473.9
2025-01-23,9,PT1H,MC-BajoPutumayo,11407.72,10837.6
2025-01-23,10,PT1H,MC-BajoPutumayo,12464.71,12047.8
2025-01-23,11,PT1H,MC-BajoPutumayo,13454.71,12820.9
2025-01-23,12,PT1H,MC-BajoPutumayo,14280.82,13509.8
2025-01-23,13,PT1H,MC-BajoPutumayo,13898.4,13292.4
2025-01-23,14,PT1H,MC-BajoPutumayo,14185.55,13439.5
2025-01-23,15,PT1H,MC-BajoPutumayo,15165.54,13784.1
2025-01-23,16,PT1H,MC-BajoPutumayo,15274.36,14011.2
2025-01-23,17,PT1H,MC-BajoPutumayo,14819.12,14152.8
2025-01-23,18,PT1H,MC-BajoPutumayo,14432.79,13936.5
2025-01-23,19,PT1H,MC-BajoPutumayo,15034.73,15076.6
2025-01-23,20,PT1H,MC-BajoPutumayo,15730.48,15428.3
2025-01-23,21,PT1H,MC-BajoPutumayo,14881.6,14484.0
2025-01-23,22,PT1H,MC-BajoPutumayo,13900.87,13408.2
2025-01-23,23,PT1H,MC-BajoPutumayo,12420.23,11968.8
2025-01-23,24,PT1H,MC-BajoPutumayo,10864.29,10543.8
2023-07-11,1,PT1H,MC-BajoPutumayo,7594.3,7192.25
2023-07-11,2,PT1H,MC-BajoPutumayo,7048.04,6708.22
2023-07-11,3,PT1H,MC-BajoPutumayo,6782.3,6491.71
2023-07-11,4,PT1H,MC-BajoPutumayo,6642.5,6380.85
2023-07-11,5,PT1H,MC-BajoPutumayo,6664.77,6430.59
2023-07-11,6,PT1H,MC-BajoPutumayo,7244.74,6947.88
2023-07-11,7,PT1H,MC-BajoPutumayo,7823.47,7587.43
2023-07-11,8,PT1H,MC-BajoPutumayo,8450.29,8437.14
2023-07-11,9,PT1H,MC-BajoPutumayo,9927.77,9784.44
2023-07-11,10,PT1H,MC-BajoPutumayo,10445.81,10770.17
2023-07-11,11,PT1H,MC-BajoPutumayo,11211.83,11565.56
2023-07-11,12,PT1H,MC-BajoPutumayo,11863.27,12205.98
2023-07-11,13,PT1H,MC-BajoPutumayo,11655.69,11911.52
2023-07-11,14,PT1H,MC-BajoPutumayo,11939.1,12240.02
2023-07-11,15,PT1H,MC-BajoPutumayo,12775.78,13066.91
2023-07-11,16,PT1H,MC-BajoPutumayo,12963.29,13149.62
2023-07-11,17,PT1H,MC-BajoPutumayo,12939.44,13051.12
2023-07-11,18,PT1H,MC-BajoPutumayo,12694.49,12799.67
2023-07-11,19,PT1H,MC-BajoPutumayo,13382.09,13629.62
2023-07-11,20,PT1H,MC-BajoPutumayo,13816.6,14047.43
2023-07-11,21,PT1H,MC-BajoPutumayo,13088.92,13123.03
2023-07-11,22,PT1H,MC-BajoPutumayo,11920.13,11965.77
2023-07-11,23,PT1H,MC-BajoPutumayo,10231.33,10227.06
2023-07-11,24,PT1H,MC-BajoPutumayo,8618.27,8849.21
2025-10-05,1,PT1H,MC-BajoPutumayo,8958.07,9257.4
2025-10-05,2,PT1H,MC-BajoPutumayo,8432.38,8767.2
2025-10-05,3,PT1H,MC-BajoPutumayo,7920.27,8285.2
2025-10-05,4,PT1H,MC-BajoPutumayo,7549.82,7969.4
2025-10-05,5,PT1H,MC-BajoPutumayo,7374.52,7790.8
2025-10-05,6,PT1H,MC-BajoPutumayo,7517.26,7851.6
2025-10-05,7,PT1H,MC-BajoPutumayo,7783.96,8080.4
2025-10-05,8,PT1H,MC-BajoPutumayo,8765.09,9040.8
2025-10-05,9,PT1H,MC-BajoPutumayo,10276.8,10342.9
2025-10-05,10,PT1H,MC-BajoPutumayo,11609.6,11349.3
2025-10-05,11,PT1H,MC-BajoPutumayo,12544.5,11997.5
2025-10-05,12,PT1H,MC-BajoPutumayo,13003.65,12732.7
2025-10-05,13,PT1H,MC-BajoPutumayo,13245.07,12952.4
2025-10-05,14,PT1H,MC-BajoPutumayo,13070.36,12202.9
2025-10-05,15,PT1H,MC-BajoPutumayo,12910.19,12539.3
2025-10-05,16,PT1H,MC-BajoPutumayo,12961.61,13021.4
2025-10-05,17,PT1H,MC-BajoPutumayo,13052.02,12959.8
2025-10-05,18,PT1H,MC-BajoPutumayo,13173.53,13078.2
2025-10-05,19,PT1H,MC-BajoPutumayo,14652.16,14704.7
2025-10-05,20,PT1H,MC-BajoPutumayo,14858.04,15021.1
2025-10-05,21,PT1H,MC-BajoPutumayo,14335.48,14619.3
2025-10-05,22,PT1H,MC-BajoPutumayo,13152.29,13545.9
2025-10-05,23,PT1H,MC-BajoPutumayo,11888.57,11980.9
2025-10-05,24,PT1H,MC-BajoPutumayo,10426.5,10174.3
2026-01-28,1,PT1H,MC-BajoPutumayo,8518.83,8465.5
2026-01-28,2,PT1H,MC-BajoPutumayo,8147.66,8122.0
2026-01-28,3,PT1H,MC-BajoPutumayo,7844.38,7824.0
2026-01-28,4,PT1H,MC-BajoPutumayo,7684.88,7668.8
2026-01-28,5,PT1H,MC-BajoPutumayo,7900.35,7712.0
2026-01-28,6,PT1H,MC-BajoPutumayo,8629.52,7936.9
2026-01-28,7,PT1H,MC-BajoPutumayo,9342.27,8208.6
2026-01-28,8,PT1H,MC-BajoPutumayo,10385.16,9481.8
2026-01-28,9,PT1H,MC-BajoPutumayo,11271.39,10856.2
2026-01-28,10,PT1H,MC-BajoPutumayo,11584.23,11465.1
2026-01-28,11,PT1H,MC-BajoPutumayo,12028.28,12214.5
2026-01-28,12,PT1H,MC-BajoPutumayo,11979.5,12680.7
2026-01-28,13,PT1H,MC-BajoPutumayo,11893.24,12779.8
2026-01-28,14,PT1H,MC-BajoPutumayo,12380.6,13172.0
2026-01-28,15,PT1H,MC-BajoPutumayo,13020.49,13879.9
2026-01-28,16,PT1H,MC-BajoPutumayo,13624.11,13822.3
2026-01-28,17,PT1H,MC-BajoPutumayo,13649.46,13693.3
2026-01-28,18,PT1H,MC-BajoPutumayo,13576.3,13658.2
2026-01-28,19,PT1H,MC-BajoPutumayo,15361.77,14454.4
2026-01-28,20,PT1H,MC-BajoPutumayo,15178.94,13783.1
2026-01-28,21,PT1H,MC-BajoPutumayo,14920.36,12551.1
2026-01-28,22,PT1H,MC-BajoPutumayo,12109.86,11342.4
2026-01-28,23,PT1H,MC-BajoPutumayo,10765.96,10149.7
2026-01-28,24,PT1H,MC-BajoPutumayo,9342.87,9068.9
2025-05-01,1,PT1H,MC-BajoPutumayo,7752.06,7518.2
2025-05-01,2,PT1H,MC-BajoPutumayo,7215.9,7130.4
2025-05-01,3,PT1H,MC-BajoPutumayo,7022.06,6909.3
2025-05-01,4,PT1H,MC-BajoPutumayo,6863.63,6802.1
2025-05-01,5,PT1H,MC-BajoPutumayo,6883.75,6746.8
2025-05-01,6,PT1H,MC-BajoPutumayo,7182.99,7267.9
2025-05-01,7,PT1H,MC-BajoPutumayo,7437.3,7707.7
2025-05-01,8,PT1H,MC-BajoPutumayo,8232.02,8448.7
2025-05-01,9,PT1H,MC-BajoPutumayo,9374.23,9464.4
2025-05-01,10,PT1H,MC-BajoPutumayo,10055.84,10327.2
2025-05-01,11,PT1H,MC-BajoPutumayo,10901.54,10906.2
2025-05-01,12,PT1H,MC-BajoPutumayo,11563.89,11419.7
2025-05-01,13,PT1H,MC-BajoPutumayo,11695.86,11313.8
2025-05-01,14,PT1H,MC-BajoPutumayo,11785.29,11598.9
2025-05-01,15,PT1H,MC-BajoPutumayo,12290.28,12009.8
2025-05-01,16,PT1H,MC-BajoPutumayo,12390.18,12166.3
2025-05-01,17,PT1H,MC-BajoPutumayo,12321.64,12007.2
2025-05-01,18,PT1H,MC-BajoPutumayo,12033.17,11981.9
2025-05-01,19,PT1H,MC-BajoPutumayo,13308.74,13064.4
2025-05-01,20,PT1H,MC-BajoPutumayo,13711.85,13338.1
2025-05-01,21,PT1H,MC-BajoPutumayo,13070.36,12474.6
2025-05-01,22,PT1H,MC-BajoPutumayo,11920.39,11234.0
2025-05-01,23,PT1H,MC-BajoPutumayo,10486.62,9879.0
2025-05-01,24,PT1H,MC-BajoPutumayo,9128.29,8523.2
2022-06-11,1,PT1H,MC-BajoPutumayo,6049.59,7037.45
2022-06-11,2,PT1H,MC-BajoPutumayo,6697.56,6605.61
2022-06-11,3,PT1H,MC-BajoPutumayo,6944.89,6415.57
2022-06-11,4,PT1H,MC-BajoPutumayo,7709.57,6198.92
2022-06-11,5,PT1H,MC-BajoPutumayo,6381.19,6134.32
2022-06-11,6,PT1H,MC-BajoPutumayo,5985.07,6389.08
2022-06-11,7,PT1H,MC-BajoPutumayo,6311.21,6730.33
2022-06-11,8,PT1H,MC-BajoPutumayo,7388.53,7861.95
2022-06-11,9,PT1H,MC-BajoPutumayo,6930.93,8806.68
2022-06-11,10,PT1H,MC-BajoPutumayo,9094.97,9604.95
2022-06-11,11,PT1H,MC-BajoPutumayo,10299.02,10015.28
2022-06-11,12,PT1H,MC-BajoPutumayo,10801.72,10231.49
2022-06-11,13,PT1H,MC-BajoPutumayo,10707.94,9954.03
2022-06-11,14,PT1H,MC-BajoPutumayo,10291.44,9739.33
2022-06-11,15,PT1H,MC-BajoPutumayo,10207.75,9865.77
2022-06-11,16,PT1H,MC-BajoPutumayo,10357.74,9747.33
2022-06-11,17,PT1H,MC-BajoPutumayo,10266.03,9872.96
2022-06-11,18,PT1H,MC-BajoPutumayo,10181.97,9835.12
2022-06-11,19,PT1H,MC-BajoPutumayo,12146.54,10977.85
2022-06-11,20,PT1H,MC-BajoPutumayo,11971.66,11355.6
2022-06-11,21,PT1H,MC-BajoPutumayo,11202.18,10656.43
2022-06-11,22,PT1H,MC-BajoPutumayo,10142.61,9536.23
2022-06-11,23,PT1H,MC-BajoPutumayo,8898.9,8298.45
2022-06-11,24,PT1H,MC-BajoPutumayo,7789.55,7360.65
2023-12-30,1,PT1H,MC-BajoPutumayo,8392.38,8811.71
2023-12-30,2,PT1H,MC-BajoPutumayo,7583.68,8169.78
2023-12-30,3,PT1H,MC-BajoPutumayo,7028.13,7755.56
2023-12-30,4,PT1H,MC-BajoPutumayo,6763.79,7520.33
2023-12-30,5,PT1H,MC-BajoPutumayo,6662.97,7488.17
2023-12-30,6,PT1H,MC-BajoPutumayo,6764.77,7676.85
2023-12-30,7,PT1H,MC-BajoPutumayo,7042.17,8090.59
2023-12-30,8,PT1H,MC-BajoPutumayo,8343.29,9318.7
2023-12-30,9,PT1H,MC-BajoPutumayo,9715.27,10738.21
2023-12-30,10,PT1H,MC-BajoPutumayo,10651.61,11711.09
2023-12-30,11,PT1H,MC-BajoPutumayo,11284.09,12277.25
2023-12-30,12,PT1H,MC-BajoPutumayo,12190.95,12673.68
2023-12-30,13,PT1H,MC-BajoPutumayo,12847.21,12546.61
2023-12-30,14,PT1H,MC-BajoPutumayo,13034.03,12660.9
2023-12-30,15,PT1H,MC-BajoPutumayo,13132.67,13113.66
2023-12-30,16,PT1H,MC-BajoPutumayo,12724.84,13338.57
2023-12-30,17,PT1H,MC-BajoPutumayo,12303.22,13125.26
2023-12-30,18,PT1H,MC-BajoPutumayo,12077.67,13146.88
2023-12-30,19,PT1H,MC-BajoPutumayo,13145.44,14705.57
2023-12-30,20,PT1H,MC-BajoPutumayo,13736.12,14955.09
2023-12-30,21,PT1H,MC-BajoPutumayo,13246.87,14159.39
2023-12-30,22,PT1H,MC-BajoPutumayo,12379.05,12834.03
2023-12-30,23,PT1H,MC-BajoPutumayo,10977.75,11426.88
2023-12-30,24,PT1H,MC-BajoPutumayo,9607.22,10079.84
2025-07-24,1,PT1H,MC-BajoPutumayo,7075.26,8635.4
2025-07-24,2,PT1H,MC-BajoPutumayo,6580.56,8043.5
2025-07-24,3,PT1H,MC-BajoPutumayo,6351.11,7679.4
2025-07-24,4,PT1H,MC-BajoPutumayo,6389.55,7475.5
2025-07-24,5,PT1H,MC-BajoPutumayo,6441.17,7327.0
2025-07-24,6,PT1H,MC-BajoPutumayo,7189.84,7270.1
2025-07-24,7,PT1H,MC-BajoPutumayo,8197.55,7189.6
2025-07-24,8,PT1H,MC-BajoPutumayo,8900.44,8693.3
2025-07-24,9,PT1H,MC-BajoPutumayo,9703.19,10335.5
2025-07-24,10,PT1H,MC-BajoPutumayo,10146.32,11377.3
2025-07-24,11,PT1H,MC-BajoPutumayo,10901.78,11918.4
2025-07-24,12,PT1H,MC-BajoPutumayo,11450.22,12277.2
2025-07-24,13,PT1H,MC-BajoPutumayo,11141.58,12302.5
2025-07-24,14,PT1H,MC-BajoPutumayo,11496.21,12071.0
2025-07-24,15,PT1H,MC-BajoPutumayo,12051.57,11940.7
2025-07-24,16,PT1H,MC-BajoPutumayo,12387.37,12009.2
2025-07-24,17,PT1H,MC-BajoPutumayo,12433.0,11809.0
2025-07-24,18,PT1H,MC-BajoPutumayo,12472.28,11574.0
2025-07-24,19,PT1H,MC-BajoPutumayo,13424.15,13201.2
2025-07-24,20,PT1H,MC-BajoPutumayo,13953.98,14350.7
2025-07-24,21,PT1H,MC-BajoPutumayo,13108.75,13753.2
2025-07-24,22,PT1H,MC-BajoPutumayo,11746.92,12520.8
2025-07-24,23,PT1H,MC-BajoPutumayo,9940.73,10714.2
2025-07-24,24,PT1H,MC-BajoPutumayo,8395.14,9185.8
2025-09-28,1,PT1H,MC-BajoPutumayo,9421.33,9446.1
2025-09-28,2,PT1H,MC-BajoPutumayo,8721.99,8936.3
2025-09-28,3,PT1H,MC-BajoPutumayo,8335.31,8425.8
2025-09-28,4,PT1H,MC-BajoPutumayo,7978.84,8104.9
2025-09-28,5,PT1H,MC-BajoPutumayo,7688.84,7932.3
2025-09-28,6,PT1H,MC-BajoPutumayo,7701.06,7998.4
2025-09-28,7,PT1H,MC-BajoPutumayo,8110.46,8153.2
2025-09-28,8,PT1H,MC-BajoPutumayo,9267.9,8928.5
2025-09-28,9,PT1H,MC-BajoPutumayo,10681.89,9960.1
2025-09-28,10,PT1H,MC-BajoPutumayo,11891.88,10665.1
2025-09-28,11,PT1H,MC-BajoPutumayo,12432.2,11112.7
2025-09-28,12,PT1H,MC-BajoPutumayo,12946.4,11658.7
2025-09-28,13,PT1H,MC-BajoPutumayo,12840.92,11902.3
2025-09-28,14,PT1H,MC-BajoPutumayo,11526.5,11801.2
2025-09-28,15,PT1H,MC-BajoPutumayo,11496.78,11756.4
2025-09-28,16,PT1H,MC-BajoPutumayo,13735.24,11778.0
2025-09-28,17,PT1H,MC-BajoPutumayo,13047.84,11771.9
2025-09-28,18,PT1H,MC-BajoPutumayo,13031.78,11946.5
2025-09-28,19,PT1H,MC-BajoPutumayo,14661.59,13450.0
2025-09-28,20,PT1H,MC-BajoPutumayo,15084.17,13999.4
2025-09-28,21,PT1H,MC-BajoPutumayo,14489.37,13468.7
2025-09-28,22,PT1H,MC-BajoPutumayo,13315.37,12348.4
2025-09-28,23,PT1H,MC-BajoPutumayo,11723.1,10858.2
2025-09-28,24,PT1H,MC-BajoPutumayo,10257.94,9189.0
2023-06-02,1,PT1H,MC-BajoPutumayo,6785.48,7071.48
2023-06-02,2,PT1H,MC-BajoPutumayo,6371.39,6644.37
2023-06-02,3,PT1H,MC-BajoPutumayo,6125.56,6431.09
2023-06-02,4,PT1H,MC-BajoPutumayo,6018.08,6210.35
2023-06-02,5,PT1H,MC-BajoPutumayo,6105.42,6278.01
2023-06-02,6,PT1H,MC-BajoPutumayo,6767.58,6690.45
2023-06-02,7,PT1H,MC-BajoPutumayo,7541.56,7235.63
2023-06-02,8,PT1H,MC-BajoPutumayo,8257.39,7971.67
2023-06-02,9,PT1H,MC-BajoPutumayo,9424.56,9013.4
2023-06-02,10,PT1H,MC-BajoPutumayo,10147.39,9664.63
2023-06-02,11,PT1H,MC-BajoPutumayo,10671.54,10190.6
2023-06-02,12,PT1H,MC-BajoPutumayo,10998.07,10519.54
2023-06-02,13,PT1H,MC-BajoPutumayo,10818.79,10279.94
2023-06-02,14,PT1H,MC-BajoPutumayo,10657.29,10445.24
2023-06-02,15,PT1H,MC-BajoPutumayo,11235.8,11291.01
2023-06-02,16,PT1H,MC-BajoPutumayo,11460.62,11752.82
2023-06-02,17,PT1H,MC-BajoPutumayo,11375.4,11643.72
2023-06-02,18,PT1H,MC-BajoPutumayo,11390.1,11480.83
2023-06-02,19,PT1H,MC-BajoPutumayo,12428.27,12294.4
2023-06-02,20,PT1H,MC-BajoPutumayo,12748.57,12272.95
2023-06-02,21,PT1H,MC-BajoPutumayo,11965.7,11694.93
2023-06-02,22,PT1H,MC-BajoPutumayo,10735.56,10854.26
2023-06-02,23,PT1H,MC-BajoPutumayo,9271.87,9410.32
2023-06-02,24,PT1H,MC-BajoPutumayo,7920.02,8225.89
2025-02-06,1,PT1H,MC-BajoPutumayo,9628.58,8224.8
2025-02-06,2,PT1H,MC-BajoPutumayo,9103.83,7767.1
2025-02-06,3,PT1H,MC-BajoPutumayo,8734.53,7457.3
2025-02-06,4,PT1H,MC-BajoPutumayo,8499.35,7180.9
2025-02-06,5,PT1H,MC-BajoPutumayo,8454.02,7311.2
2025-02-06,6,PT1H,MC-BajoPutumayo,9048.38,7542.8
2025-02-06,7,PT1H,MC-BajoPutumayo,9591.47,7936.0
2025-02-06,8,PT1H,MC-BajoPutumayo,9989.18,9041.0
2025-02-06,9,PT1H,MC-BajoPutumayo,10823.08,10506.7
2025-02-06,10,PT1H,MC-BajoPutumayo,11044.23,11405.5
2025-02-06,11,PT1H,MC-BajoPutumayo,11507.89,12340.8
2025-02-06,12,PT1H,MC-BajoPutumayo,11798.59,12879.0
2025-02-06,13,PT1H,MC-BajoPutumayo,11255.21,12664.2
2025-02-06,14,PT1H,MC-BajoPutumayo,11335.47,12964.8
2025-02-06,15,PT1H,MC-BajoPutumayo,11933.87,13577.5
2025-02-06,16,PT1H,MC-BajoPutumayo,12478.22,13692.4
2025-02-06,17,PT1H,MC-BajoPutumayo,12478.09,13427.2
2025-02-06,18,PT1H,MC-BajoPutumayo,12449.32,13352.2
2025-02-06,19,PT1H,MC-BajoPutumayo,13424.81,13981.4
2025-02-06,20,PT1H,MC-BajoPutumayo,14161.29,14018.9
2025-02-06,21,PT1H,MC-BajoPutumayo,13255.55,13082.3
2025-02-06,22,PT1H,MC-BajoPutumayo,11976.84,11945.8
2025-02-06,23,PT1H,MC-BajoPutumayo,10412.48,10584.8
2025-02-06,24,PT1H,MC-BajoPutumayo,9053.1,9398.8
2024-02-16,1,PT1H,MC-BajoPutumayo,8625.76,7816.66
2024-02-16,2,PT1H,MC-BajoPutumayo,8128.8,7345.59
2024-02-16,3,PT1H,MC-BajoPutumayo,7837.27,7021.56
2024-02-16,4,PT1H,MC-BajoPutumayo,7585.89,6835.97
2024-02-16,5,PT1H,MC-BajoPutumayo,8009.06,6769.74
2024-02-16,6,PT1H,MC-BajoPutumayo,8099.49,6926.51
2024-02-16,7,PT1H,MC-BajoPutumayo,8653.52,7134.63
2024-02-16,8,PT1H,MC-BajoPutumayo,9340.22,8078.0
2024-02-16,9,PT1H,MC-BajoPutumayo,10513.05,9190.1
2024-02-16,10,PT1H,MC-BajoPutumayo,11234.03,10075.92
2024-02-16,11,PT1H,MC-BajoPutumayo,11889.39,10774.39
2024-02-16,12,PT1H,MC-BajoPutumayo,12731.15,11246.75
2024-02-16,13,PT1H,MC-BajoPutumayo,12370.65,11199.58
2024-02-16,14,PT1H,MC-BajoPutumayo,12089.86,11207.24
2024-02-16,15,PT1H,MC-BajoPutumayo,11782.66,11470.83
2024-02-16,16,PT1H,MC-BajoPutumayo,11900.26,11756.8
2024-02-16,17,PT1H,MC-BajoPutumayo,11954.72,11738.07
2024-02-16,18,PT1H,MC-BajoPutumayo,11852.85,11508.01
2024-02-16,19,PT1H,MC-BajoPutumayo,12726.0,12313.76
2024-02-16,20,PT1H,MC-BajoPutumayo,13280.54,12855.14
2024-02-16,21,PT1H,MC-BajoPutumayo,12583.24,12304.96
2024-02-16,22,PT1H,MC-BajoPutumayo,11387.23,11351.52
2024-02-16,23,PT1H,MC-BajoPutumayo,9740.1,10272.19
2024-02-16,24,PT1H,MC-BajoPutumayo,8436.52,9151.17
2023-11-16,1,PT1H,MC-BajoPutumayo,7573.97,7698.43
2023-11-16,2,PT1H,MC-BajoPutumayo,7187.36,7282.22
2023-11-16,3,PT1H,MC-BajoPutumayo,7006.87,7099.17
2023-11-16,4,PT1H,MC-BajoPutumayo,6876.4,6935.86
2023-11-16,5,PT1H,MC-BajoPutumayo,6896.86,6937.76
2023-11-16,6,PT1H,MC-BajoPutumayo,7415.05,7457.12
2023-11-16,7,PT1H,MC-BajoPutumayo,8045.43,8190.86
2023-11-16,8,PT1H,MC-BajoPutumayo,8871.19,8859.3
2023-11-16,9,PT1H,MC-BajoPutumayo,10319.12,9852.71
2023-11-16,10,PT1H,MC-BajoPutumayo,11103.99,10511.6
2023-11-16,11,PT1H,MC-BajoPutumayo,11787.04,11173.37
2023-11-16,12,PT1H,MC-BajoPutumayo,12469.81,11684.62
2023-11-16,13,PT1H,MC-BajoPutumayo,12493.84,11581.11
2023-11-16,14,PT1H,MC-BajoPutumayo,13016.47,11264.43
2023-11-16,15,PT1H,MC-BajoPutumayo,13894.04,11801.54
2023-11-16,16,PT1H,MC-BajoPutumayo,14134.15,11987.99
2023-11-16,17,PT1H,MC-BajoPutumayo,14089.4,12026.18
2023-11-16,18,PT1H,MC-BajoPutumayo,13880.03,11965.67
2023-11-16,19,PT1H,MC-BajoPutumayo,15338.74,13112.41
2023-11-16,20,PT1H,MC-BajoPutumayo,15275.6,13091.53
2023-11-16,21,PT1H,MC-BajoPutumayo,14250.36,12168.52
2023-11-16,22,PT1H,MC-BajoPutumayo,12963.72,10982.94
2023-11-16,23,PT1H,MC-BajoPutumayo,11298.51,9409.26
2023-11-16,24,PT1H,MC-BajoPutumayo,9604.22,8156.93
2022-12-21,1,PT1H,MC-BajoPutumayo,8392.04,8002.06
2022-12-21,2,PT1H,MC-BajoPutumayo,7840.45,7630.34
2022-12-21,3,PT1H,MC-BajoPutumayo,7555.79,7452.04
2022-12-21,4,PT1H,MC-BajoPutumayo,7363.88,7301.72
2022-12-21,5,PT1H,MC-BajoPutumayo,7423.61,7400.51
2022-12-21,6,PT1H,MC-BajoPutumayo,7534.74,7832.39
2022-12-21,7,PT1H,MC-BajoPutumayo,7792.51,8382.29
2022-12-21,8,PT1H,MC-BajoPutumayo,9215.85,9592.44
2022-12-21,9,PT1H,MC-BajoPutumayo,11078.23,11023.5
2022-12-21,10,PT1H,MC-BajoPutumayo,12079.64,12124.89
2022-12-21,11,PT1H,MC-BajoPutumayo,12769.0,12985.38
2022-12-21,12,PT1H,MC-BajoPutumayo,13334.06,13338.8
2022-12-21,13,PT1H,MC-BajoPutumayo,12954.27,13228.92
2022-12-21,14,PT1H,MC-BajoPutumayo,12937.49,13252.04
2022-12-21,15,PT1H,MC-BajoPutumayo,13517.21,13496.83
2022-12-21,16,PT1H,MC-BajoPutumayo,13659.92,13448.49
2022-12-21,17,PT1H,MC-BajoPutumayo,13681.38,13338.4
2022-12-21,18,PT1H,MC-BajoPutumayo,13605.72,13360.93
2022-12-21,19,PT1H,MC-BajoPutumayo,14377.42,14681.04
2022-12-21,20,PT1H,MC-BajoPutumayo,14540.58,14636.52
2022-12-21,21,PT1H,MC-BajoPutumayo,13846.83,13539.66
2022-12-21,22,PT1H,MC-BajoPutumayo,12834.57,12405.21
2022-12-21,23,PT1H,MC-BajoPutumayo,10774.47,10934.58
2022-12-21,24,PT1H,MC-BajoPutumayo,7219.25,9559.69
2023-02-04,1,PT1H,MC-BajoPutumayo,8953.97,9003.32
2023-02-04,2,PT1H,MC-BajoPutumayo,8121.09,8431.52
2023-02-04,3,PT1H,MC-BajoPutumayo,7775.48,8027.5
2023-02-04,4,PT1H,MC-BajoPutumayo,7527.98,7800.11
2023-02-04,5,PT1H,MC-BajoPutumayo,7334.78,7719.56
2023-02-04,6,PT1H,MC-BajoPutumayo,7492.27,7897.4
2023-02-04,7,PT1H,MC-BajoPutumayo,7721.61,8133.42
2023-02-04,8,PT1H,MC-BajoPutumayo,8707.29,9268.98
2023-02-04,9,PT1H,MC-BajoPutumayo,9960.36,10670.5
2023-02-04,10,PT1H,MC-BajoPutumayo,10898.0,11660.93
2023-02-04,11,PT1H,MC-BajoPutumayo,11828.28,12445.7
2023-02-04,12,PT1H,MC-BajoPutumayo,12632.99,12962.28
2023-02-04,13,PT1H,MC-BajoPutumayo,12534.99,12724.13
2023-02-04,14,PT1H,MC-BajoPutumayo,12441.76,12489.07
2023-02-04,15,PT1H,MC-BajoPutumayo,12792.72,12552.23
2023-02-04,16,PT1H,MC-BajoPutumayo,12781.56,12713.86
2023-02-04,17,PT1H,MC-BajoPutumayo,12728.32,12791.21
2023-02-04,18,PT1H,MC-BajoPutumayo,12519.93,12768.48
2023-02-04,19,PT1H,MC-BajoPutumayo,13565.4,14049.53
2023-02-04,20,PT1H,MC-BajoPutumayo,14374.81,14510.91
2023-02-04,21,PT1H,MC-BajoPutumayo,13649.26,13750.6
2023-02-04,22,PT1H,MC-BajoPutumayo,12625.01,12457.38
2023-02-04,23,PT1H,MC-BajoPutumayo,11361.29,10912.89
2023-02-04,24,PT1H,MC-BajoPutumayo,10124.17,9425.1
2025-05-24,1,PT1H,MC-BajoPutumayo,8605.71,8012.0
2025-05-24,2,PT1H,MC-BajoPutumayo,8025.9,7409.8
2025-05-24,3,PT1H,MC-BajoPutumayo,7658.9,7062.6
2025-05-24,4,PT1H,MC-BajoPutumayo,7445.38,6895.6
2025-05-24,5,PT1H,MC-BajoPutumayo,7403.1,6848.8
2025-05-24,6,PT1H,MC-BajoPutumayo,7686.62,7048.0
2025-05-24,7,PT1H,MC-BajoPutumayo,8082.24,7392.9
2025-05-24,8,PT1H,MC-BajoPutumayo,8982.28,8349.4
2025-05-24,9,PT1H,MC-BajoPutumayo,10230.03,9461.5
2025-05-24,10,PT1H,MC-BajoPutumayo,11166.21,10324.4
2025-05-24,11,PT1H,MC-BajoPutumayo,11725.86,11101.2
2025-05-24,12,PT1H,MC-BajoPutumayo,11798.4,11762.2
2025-05-24,13,PT1H,MC-BajoPutumayo,11534.86,11916.8
2025-05-24,14,PT1H,MC-BajoPutumayo,11161.81,12004.0
2025-05-24,15,PT1H,MC-BajoPutumayo,10850.43,12296.9
2025-05-24,16,PT1H,MC-BajoPutumayo,10895.45,12449.4
2025-05-24,17,PT1H,MC-BajoPutumayo,11146.31,12381.3
2025-05-24,18,PT1H,MC-BajoPutumayo,11388.82,12194.1
2025-05-24,19,PT1H,MC-BajoPutumayo,12877.32,13400.1
2025-05-24,20,PT1H,MC-BajoPutumayo,13052.88,13731.1
2025-05-24,21,PT1H,MC-BajoPutumayo,12194.09,12884.9
2025-05-24,22,PT1H,MC-BajoPutumayo,11170.9,11881.2
2025-05-24,23,PT1H,MC-BajoPutumayo,9827.79,10622.2
2025-05-24,24,PT1H,MC-BajoPutumayo,8683.87,9465.5
2023-10-02,1,PT1H,MC-BajoPutumayo,8453.28,7811.67
2023-10-02,2,PT1H,MC-BajoPutumayo,7879.12,7344.92
2023-10-02,3,PT1H,MC-BajoPutumayo,7583.21,7105.64
2023-10-02,4,PT1H,MC-BajoPutumayo,7457.01,6948.47
2023-10-02,5,PT1H,MC-BajoPutumayo,7354.01,6952.52
2023-10-02,6,PT1H,MC-BajoPutumayo,7714.01,7395.26
2023-10-02,7,PT1H,MC-BajoPutumayo,8326.04,7985.8
2023-10-02,8,PT1H,MC-BajoPutumayo,9349.74,9147.17
2023-10-02,9,PT1H,MC-BajoPutumayo,11005.99,10569.63
2023-10-02,10,PT1H,MC-BajoPutumayo,12212.91,11441.99
2023-10-02,11,PT1H,MC-BajoPutumayo,13201.21,12401.5
2023-10-02,12,PT1H,MC-BajoPutumayo,13918.42,12763.71
2023-10-02,13,PT1H,MC-BajoPutumayo,13429.46,12723.88
2023-10-02,14,PT1H,MC-BajoPutumayo,13661.84,13012.17
2023-10-02,15,PT1H,MC-BajoPutumayo,14477.93,13860.09
2023-10-02,16,PT1H,MC-BajoPutumayo,14639.22,13785.76
2023-10-02,17,PT1H,MC-BajoPutumayo,14724.61,13586.89
2023-10-02,18,PT1H,MC-BajoPutumayo,14401.16,13259.78
2023-10-02,19,PT1H,MC-BajoPutumayo,15409.1,14182.1
2023-10-02,20,PT1H,MC-BajoPutumayo,15531.7,14536.98
2023-10-02,21,PT1H,MC-BajoPutumayo,14555.82,13578.21
2023-10-02,22,PT1H,MC-BajoPutumayo,13326.29,12377.83
2023-10-02,23,PT1H,MC-BajoPutumayo,11718.41,10548.88
2023-10-02,24,PT1H,MC-BajoPutumayo,10235.04,9126.89
2024-07-02,1,PT1H,MC-BajoPutumayo,6872.77,7716.5
2024-07-02,2,PT1H,MC-BajoPutumayo,7171.57,7324.8
2024-07-02,3,PT1H,MC-BajoPutumayo,6825.16,7072.2
2024-07-02,4,PT1H,MC-BajoPutumayo,6687.45,6902.3
2024-07-02,5,PT1H,MC-BajoPutumayo,6739.71,6976.1
2024-07-02,6,PT1H,MC-BajoPutumayo,6934.27,7513.8
2024-07-02,7,PT1H,MC-BajoPutumayo,7693.58,8134.7
2024-07-02,8,PT1H,MC-BajoPutumayo,8745.64,8949.9
2024-07-02,9,PT1H,MC-BajoPutumayo,9609.65,9767.4
2024-07-02,10,PT1H,MC-BajoPutumayo,10322.04,10254.8
2024-07-02,11,PT1H,MC-BajoPutumayo,10547.77,10910.3
2024-07-02,12,PT1H,MC-BajoPutumayo,10717.55,11356.3
2024-07-02,13,PT1H,MC-BajoPutumayo,10306.13,11041.8
2024-07-02,14,PT1H,MC-BajoPutumayo,10207.77,11107.8
2024-07-02,15,PT1H,MC-BajoPutumayo,10732.89,11661.3
2024-07-02,16,PT1H,MC-BajoPutumayo,10979.9,11779.8
2024-07-02,17,PT1H,MC-BajoPutumayo,10767.87,11708.5
2024-07-02,18,PT1H,MC-BajoPutumayo,11036.95,11542.7
2024-07-02,19,PT1H,MC-BajoPutumayo,12257.99,12599.1
2024-07-02,20,PT1H,MC-BajoPutumayo,12452.83,12788.6
2024-07-02,21,PT1H,MC-BajoPutumayo,11529.82,12016.4
2024-07-02,22,PT1H,MC-BajoPutumayo,10711.54,10787.4
2024-07-02,23,PT1H,MC-BajoPutumayo,9258.06,9255.2
2024-07-02,24,PT1H,MC-BajoPutumayo,7837.65,8066.8
2026-02-08,1,PT1H,MC-BajoPutumayo,9591.35,7670.2
2026-02-08,2,PT1H,MC-BajoPutumayo,8982.77,7226.4
2026-02-08,3,PT1H,MC-BajoPutumayo,8608.55,6938.6
2026-02-08,4,PT1H,MC-BajoPutumayo,8313.88,6825.9
2026-02-08,5,PT1H,MC-BajoPutumayo,8080.28,6901.9
2026-02-08,6,PT1H,MC-BajoPutumayo,9428.13,7001.6
2026-02-08,7,PT1H,MC-BajoPutumayo,8574.31,7387.2
2026-02-08,8,PT1H,MC-BajoPutumayo,9112.06,8581.4
2026-02-08,9,PT1H,MC-BajoPutumayo,10056.31,9870.5
2026-02-08,10,PT1H,MC-BajoPutumayo,12057.66,10725.5
2026-02-08,11,PT1H,MC-BajoPutumayo,12513.25,11481.7
2026-02-08,12,PT1H,MC-BajoPutumayo,12037.8,11736.9
2026-02-08,13,PT1H,MC-BajoPutumayo,12462.36,11439.7
2026-02-08,14,PT1H,MC-BajoPutumayo,12684.59,11837.3
2026-02-08,15,PT1H,MC-BajoPutumayo,12639.59,12431.3
2026-02-08,16,PT1H,MC-BajoPutumayo,12649.97,12421.6
2026-02-08,17,PT1H,MC-BajoPutumayo,12626.77,12241.1
2026-02-08,18,PT1H,MC-BajoPutumayo,12858.54,12154.6
2026-02-08,19,PT1H,MC-BajoPutumayo,14462.93,13284.1
2026-02-08,20,PT1H,MC-BajoPutumayo,14720.44,12887.7
2026-02-08,21,PT1H,MC-BajoPutumayo,13964.66,12201.6
2026-02-08,22,PT1H,MC-BajoPutumayo,12785.41,11064.1
2026-02-08,23,PT1H,MC-BajoPutumayo,10933.23,9861.5
2026-02-08,24,PT1H,MC-BajoPutumayo,9668.74,8760.2
2025-08-30,1,PT1H,MC-BajoPutumayo,8007.3,8936.8
2025-08-30,2,PT1H,MC-BajoPutumayo,7397.74,8407.3
2025-08-30,3,PT1H,MC-BajoPutumayo,7028.6,8099.2
2025-08-30,4,PT1H,MC-BajoPutumayo,6863.97,7903.9
2025-08-30,5,PT1H,MC-BajoPutumayo,6861.43,7809.6
2025-08-30,6,PT1H,MC-BajoPutumayo,7063.27,8038.5
2025-08-30,7,PT1H,MC-BajoPutumayo,7567.81,8208.4
2025-08-30,8,PT1H,MC-BajoPutumayo,8804.58,9142.5
2025-08-30,9,PT1H,MC-BajoPutumayo,10157.94,10704.7
2025-08-30,10,PT1H,MC-BajoPutumayo,11463.43,11678.3
2025-08-30,11,PT1H,MC-BajoPutumayo,12464.97,12414.6
2025-08-30,12,PT1H,MC-BajoPutumayo,13320.18,12842.1
2025-08-30,13,PT1H,MC-BajoPutumayo,13386.78,12772.6
2025-08-30,14,PT1H,MC-BajoPutumayo,13480.96,12667.1
2025-08-30,15,PT1H,MC-BajoPutumayo,13659.58,13003.6
2025-08-30,16,PT1H,MC-BajoPutumayo,13838.65,13223.0
2025-08-30,17,PT1H,MC-BajoPutumayo,13682.34,13203.9
2025-08-30,18,PT1H,MC-BajoPutumayo,13607.4,13148.3
2025-08-30,19,PT1H,MC-BajoPutumayo,14912.26,14546.3
2025-08-30,20,PT1H,MC-BajoPutumayo,15194.48,14964.3
2025-08-30,21,PT1H,MC-BajoPutumayo,14271.59,13870.7
2025-08-30,22,PT1H,MC-BajoPutumayo,13000.74,12463.0
2025-08-30,23,PT1H,MC-BajoPutumayo,11478.25,10726.5
2025-08-30,24,PT1H,MC-BajoPutumayo,10125.13,9383.5
2025-01-21,1,PT1H,MC-BajoPutumayo,9537.76,9356.2
2025-01-21,2,PT1H,MC-BajoPutumayo,8984.06,8440.4
2025-01-21,3,PT1H,MC-BajoPutumayo,8568.81,7828.7
2025-01-21,4,PT1H,MC-BajoPutumayo,8371.39,7406.0
2025-01-21,5,PT1H,MC-BajoPutumayo,8226.22,7481.6
2025-01-21,6,PT1H,MC-BajoPutumayo,8393.07,7529.7
2025-01-21,7,PT1H,MC-BajoPutumayo,8736.47,7779.7
2025-01-21,8,PT1H,MC-BajoPutumayo,9790.2,8749.7
2025-01-21,9,PT1H,MC-BajoPutumayo,11456.71,10168.1
2025-01-21,10,PT1H,MC-BajoPutumayo,12579.97,12647.4
2025-01-21,11,PT1H,MC-BajoPutumayo,13644.26,13619.1
2025-01-21,12,PT1H,MC-BajoPutumayo,14368.67,14228.2
2025-01-21,13,PT1H,MC-BajoPutumayo,14024.16,14095.6
2025-01-21,14,PT1H,MC-BajoPutumayo,14378.33,14084.4
2025-01-21,15,PT1H,MC-BajoPutumayo,15215.97,14453.8
2025-01-21,16,PT1H,MC-BajoPutumayo,15386.87,14370.4
2025-01-21,17,PT1H,MC-BajoPutumayo,15274.21,13888.7
2025-01-21,18,PT1H,MC-BajoPutumayo,14888.77,13897.2
2025-01-21,19,PT1H,MC-BajoPutumayo,15619.18,15470.1
2025-01-21,20,PT1H,MC-BajoPutumayo,15788.73,15999.1
2025-01-21,21,PT1H,MC-BajoPutumayo,14978.58,15200.3
2025-01-21,22,PT1H,MC-BajoPutumayo,13913.21,13943.4
2025-01-21,23,PT1H,MC-BajoPutumayo,12439.31,12560.8
2025-01-21,24,PT1H,MC-BajoPutumayo,11031.81,11456.1
2022-11-29,1,PT1H,MC-BajoPutumayo,8290.43,7869.06
2022-11-29,2,PT1H,MC-BajoPutumayo,7962.14,7393.44
2022-11-29,3,PT1H,MC-BajoPutumayo,7502.08,7063.97
2022-11-29,4,PT1H,MC-BajoPutumayo,7275.25,6896.11
2022-11-29,5,PT1H,MC-BajoPutumayo,7311.49,6877.02
2022-11-29,6,PT1H,MC-BajoPutumayo,7641.84,7331.26
2022-11-29,7,PT1H,MC-BajoPutumayo,8081.31,8061.87
2022-11-29,8,PT1H,MC-BajoPutumayo,9476.83,9139.61
2022-11-29,9,PT1H,MC-BajoPutumayo,10540.49,10499.35
2022-11-29,10,PT1H,MC-BajoPutumayo,11565.27,11490.79
2022-11-29,11,PT1H,MC-BajoPutumayo,12593.08,12097.2
2022-11-29,12,PT1H,MC-BajoPutumayo,12906.5,12579.77
2022-11-29,13,PT1H,MC-BajoPutumayo,12592.13,12125.76
2022-11-29,14,PT1H,MC-BajoPutumayo,12958.75,12289.76
2022-11-29,15,PT1H,MC-BajoPutumayo,13729.1,12512.84
2022-11-29,16,PT1H,MC-BajoPutumayo,14078.15,12466.33
2022-11-29,17,PT1H,MC-BajoPutumayo,13438.75,12519.19
2022-11-29,18,PT1H,MC-BajoPutumayo,13042.49,12582.95
2022-11-29,19,PT1H,MC-BajoPutumayo,14365.33,13870.79
2022-11-29,20,PT1H,MC-BajoPutumayo,14461.92,13711.34
2022-11-29,21,PT1H,MC-BajoPutumayo,14274.09,12711.24
2022-11-29,22,PT1H,MC-BajoPutumayo,12775.94,11517.66
2022-11-29,23,PT1H,MC-BajoPutumayo,10908.06,10028.64
2022-11-29,24,PT1H,MC-BajoPutumayo,9494.61,8560.72
2022-03-06,1,PT1H,MC-BajoPutumayo,7755.66,7128.68
2022-03-06,2,PT1H,MC-BajoPutumayo,7353.97,6643.32
2022-03-06,3,PT1H,MC-BajoPutumayo,6885.94,6356.23
2022-03-06,4,PT1H,MC-BajoPutumayo,6566.28,6468.57
2022-03-06,5,PT1H,MC-BajoPutumayo,6269.43,6419.65
2022-03-06,6,PT1H,MC-BajoPutumayo,6084.22,6452.15
2022-03-06,7,PT1H,MC-BajoPutumayo,6260.07,6709.12
2022-03-06,8,PT1H,MC-BajoPutumayo,6749.11,7399.78
2022-03-06,9,PT1H,MC-BajoPutumayo,7642.25,8250.55
2022-03-06,10,PT1H,MC-BajoPutumayo,8279.66,8980.44
2022-03-06,11,PT1H,MC-BajoPutumayo,8595.45,9632.65
2022-03-06,12,PT1H,MC-BajoPutumayo,8727.72,9977.74
2022-03-06,13,PT1H,MC-BajoPutumayo,9130.58,10306.22
2022-03-06,14,PT1H,MC-BajoPutumayo,9369.6,10376.52
2022-03-06,15,PT1H,MC-BajoPutumayo,9621.49,10000.21
2022-03-06,16,PT1H,MC-BajoPutumayo,10197.93,10063.59
2022-03-06,17,PT1H,MC-BajoPutumayo,9848.65,10023.15
2022-03-06,18,PT1H,MC-BajoPutumayo,9856.98,10238.27
2022-03-06,19,PT1H,MC-BajoPutumayo,10762.71,11174.97
2022-03-06,20,PT1H,MC-BajoPutumayo,11758.4,12075.18
2022-03-06,21,PT1H,MC-BajoPutumayo,11385.9,11782.95
2022-03-06,22,PT1H,MC-BajoPutumayo,10522.22,10917.93
2022-03-06,23,PT1H,MC-BajoPutumayo,9246.89,9555.7
2022-03-06,24,PT1H,MC-BajoPutumayo,8011.39,8301.56
2022-09-10,1,PT1H,MC-BajoPutumayo,6776.36,7233.67
2022-09-10,2,PT1H,MC-BajoPutumayo,6459.65,6736.18
2022-09-10,3,PT1H,MC-BajoPutumayo,6169.24,6383.03
2022-09-10,4,PT1H,MC-BajoPutumayo,6003.36,6194.34
2022-09-10,5,PT1H,MC-BajoPutumayo,6004.22,6110.03
2022-09-10,6,PT1H,MC-BajoPutumayo,6300.36,6365.98
2022-09-10,7,PT1H,MC-BajoPutumayo,6896.57,6736.69
2022-09-10,8,PT1H,MC-BajoPutumayo,8233.78,7750.03
2022-09-10,9,PT1H,MC-BajoPutumayo,9676.36,9015.62
2022-09-10,10,PT1H,MC-BajoPutumayo,10645.18,9956.58
2022-09-10,11,PT1H,MC-BajoPutumayo,11114.33,10565.83
2022-09-10,12,PT1H,MC-BajoPutumayo,11397.82,11072.54
2022-09-10,13,PT1H,MC-BajoPutumayo,10978.5,11056.67
2022-09-10,14,PT1H,MC-BajoPutumayo,10283.79,11060.57
2022-09-10,15,PT1H,MC-BajoPutumayo,10527.02,11322.89
2022-09-10,16,PT1H,MC-BajoPutumayo,10564.33,11320.85
2022-09-10,17,PT1H,MC-BajoPutumayo,10492.23,11175.68
2022-09-10,18,PT1H,MC-BajoPutumayo,10549.01,11079.94
2022-09-10,19,PT1H,MC-BajoPutumayo,12109.08,12062.9
2022-09-10,20,PT1H,MC-BajoPutumayo,11932.98,12552.51
2022-09-10,21,PT1H,MC-BajoPutumayo,11090.2,11797.19
2022-09-10,22,PT1H,MC-BajoPutumayo,9805.85,10840.18
2022-09-10,23,PT1H,MC-BajoPutumayo,8466.45,9633.09
2022-09-10,24,PT1H,MC-BajoPutumayo,7503.4,8511.1
2022-01-11,1,PT1H,MC-BajoPutumayo,7848.61,8047.89
2022-01-11,2,PT1H,MC-BajoPutumayo,7379.67,7520.4
2022-01-11,3,PT1H,MC-BajoPutumayo,7141.54,7249.65
2022-01-11,4,PT1H,MC-BajoPutumayo,7088.37,7066.57
2022-01-11,5,PT1H,MC-BajoPutumayo,7587.45,6872.62
2022-01-11,6,PT1H,MC-BajoPutumayo,7188.82,7097.48
2022-01-11,7,PT1H,MC-BajoPutumayo,6875.4,7506.39
2022-01-11,8,PT1H,MC-BajoPutumayo,8214.45,8429.98
2022-01-11,9,PT1H,MC-BajoPutumayo,9367.12,9798.95
2022-01-11,10,PT1H,MC-BajoPutumayo,10897.54,10765.3
2022-01-11,11,PT1H,MC-BajoPutumayo,11776.01,11486.98
2022-01-11,12,PT1H,MC-BajoPutumayo,11719.09,11915.69
2022-01-11,13,PT1H,MC-BajoPutumayo,11184.87,11631.17
2022-01-11,14,PT1H,MC-BajoPutumayo,11420.38,11475.87
2022-01-11,15,PT1H,MC-BajoPutumayo,12414.57,11650.73
2022-01-11,16,PT1H,MC-BajoPutumayo,12270.53,12237.64
2022-01-11,17,PT1H,MC-BajoPutumayo,12552.35,12088.7
2022-01-11,18,PT1H,MC-BajoPutumayo,11626.5,11889.12
2022-01-11,19,PT1H,MC-BajoPutumayo,12361.64,12103.83
2022-01-11,20,PT1H,MC-BajoPutumayo,13212.37,13420.39
2022-01-11,21,PT1H,MC-BajoPutumayo,12430.21,12841.7
2022-01-11,22,PT1H,MC-BajoPutumayo,11523.91,11771.5
2022-01-11,23,PT1H,MC-BajoPutumayo,10331.95,9960.05
2022-01-11,24,PT1H,MC-BajoPutumayo,8911.82,8455.83
2023-12-05,1,PT1H,MC-BajoPutumayo,8571.17,7881.47
2023-12-05,2,PT1H,MC-BajoPutumayo,8040.23,7387.54
2023-12-05,3,PT1H,MC-BajoPutumayo,7798.79,7093.91
2023-12-05,4,PT1H,MC-BajoPutumayo,7603.53,6974.52
2023-12-05,5,PT1H,MC-BajoPutumayo,7549.48,7040.81
2023-12-05,6,PT1H,MC-BajoPutumayo,7814.38,7516.94
2023-12-05,7,PT1H,MC-BajoPutumayo,8260.78,8129.38
2023-12-05,8,PT1H,MC-BajoPutumayo,9414.62,9056.32
2023-12-05,9,PT1H,MC-BajoPutumayo,10878.2,10365.92
2023-12-05,10,PT1H,MC-BajoPutumayo,12091.75,11053.32
2023-12-05,11,PT1H,MC-BajoPutumayo,12921.52,11798.02
2023-12-05,12,PT1H,MC-BajoPutumayo,13391.2,12433.99
2023-12-05,13,PT1H,MC-BajoPutumayo,13006.62,12176.25
2023-12-05,14,PT1H,MC-BajoPutumayo,13254.42,12311.32
2023-12-05,15,PT1H,MC-BajoPutumayo,13855.89,13101.62
2023-12-05,16,PT1H,MC-BajoPutumayo,13806.61,12896.97
2023-12-05,17,PT1H,MC-BajoPutumayo,13566.61,13261.75
2023-12-05,18,PT1H,MC-BajoPutumayo,13261.4,13112.46
2023-12-05,19,PT1H,MC-BajoPutumayo,14248.48,14374.7
2023-12-05,20,PT1H,MC-BajoPutumayo,14314.18,14266.02
2023-12-05,21,PT1H,MC-BajoPutumayo,13564.99,13295.67
2023-12-05,22,PT1H,MC-BajoPutumayo,12383.52,12120.23
2023-12-05,23,PT1H,MC-BajoPutumayo,10732.69,10307.0
2023-12-05,24,PT1H,MC-BajoPutumayo,9366.63,8948.65
2022-07-01,1,PT1H,MC-BajoPutumayo,6331.08,7128.02
2022-07-01,2,PT1H,MC-BajoPutumayo,5994.02,6780.9
2022-07-01,3,PT1H,MC-BajoPutumayo,5815.74,6526.48
2022-07-01,4,PT1H,MC-BajoPutumayo,5688.89,6432.59
2022-07-01,5,PT1H,MC-BajoPutumayo,5728.15,6599.1
2022-07-01,6,PT1H,MC-BajoPutumayo,6147.25,7428.27
2022-07-01,7,PT1H,MC-BajoPutumayo,6697.32,8474.87
2022-07-01,8,PT1H,MC-BajoPutumayo,7870.43,8906.72
2022-07-01,9,PT1H,MC-BajoPutumayo,8994.79,9441.87
2022-07-01,10,PT1H,MC-BajoPutumayo,9718.86,10078.12
2022-07-01,11,PT1H,MC-BajoPutumayo,10232.87,10815.58
2022-07-01,12,PT1H,MC-BajoPutumayo,10911.8,11410.91
2022-07-01,13,PT1H,MC-BajoPutumayo,10789.23,11017.73
2022-07-01,14,PT1H,MC-BajoPutumayo,10824.25,10958.23
2022-07-01,15,PT1H,MC-BajoPutumayo,11194.48,11920.09
2022-07-01,16,PT1H,MC-BajoPutumayo,11352.87,12335.61
2022-07-01,17,PT1H,MC-BajoPutumayo,11478.39,12312.54
2022-07-01,18,PT1H,MC-BajoPutumayo,11312.35,12314.6
2022-07-01,19,PT1H,MC-BajoPutumayo,12125.67,14033.2
2022-07-01,20,PT1H,MC-BajoPutumayo,12552.41,14597.09
2022-07-01,21,PT1H,MC-BajoPutumayo,11821.59,13469.76
2022-07-01,22,PT1H,MC-BajoPutumayo,10702.91,11912.4
2022-07-01,23,PT1H,MC-BajoPutumayo,9224.74,9658.54
2022-07-01,24,PT1H,MC-BajoPutumayo,8087.36,8009.96
2024-02-03,1,PT1H,MC-BajoPutumayo,7518.24,9101.0
2024-02-03,2,PT1H,MC-BajoPutumayo,7098.85,8511.34
2024-02-03,3,PT1H,MC-BajoPutumayo,6829.02,7852.17
2024-02-03,4,PT1H,MC-BajoPutumayo,6699.55,7821.73
2024-02-03,5,PT1H,MC-BajoPutumayo,6709.78,7587.18
2024-02-03,6,PT1H,MC-BajoPutumayo,6969.2,7480.33
2024-02-03,7,PT1H,MC-BajoPutumayo,7308.91,7451.18
2024-02-03,8,PT1H,MC-BajoPutumayo,8357.02,8302.34
2024-02-03,9,PT1H,MC-BajoPutumayo,9505.44,9528.45
2024-02-03,10,PT1H,MC-BajoPutumayo,10294.45,10437.93
2024-02-03,11,PT1H,MC-BajoPutumayo,10891.44,11523.2
2024-02-03,12,PT1H,MC-BajoPutumayo,11433.6,12108.49
2024-02-03,13,PT1H,MC-BajoPutumayo,11689.13,12470.97
2024-02-03,14,PT1H,MC-BajoPutumayo,11845.04,12483.94
2024-02-03,15,PT1H,MC-BajoPutumayo,12285.92,12521.33
2024-02-03,16,PT1H,MC-BajoPutumayo,12660.58,12324.45
2024-02-03,17,PT1H,MC-BajoPutumayo,12578.28,12232.26
2024-02-03,18,PT1H,MC-BajoPutumayo,12428.03,12160.27
2024-02-03,19,PT1H,MC-BajoPutumayo,13817.97,13113.17
2024-02-03,20,PT1H,MC-BajoPutumayo,14097.35,13895.46
2024-02-03,21,PT1H,MC-BajoPutumayo,13429.86,13248.12
2024-02-03,22,PT1H,MC-BajoPutumayo,12157.62,12311.77
2024-02-03,23,PT1H,MC-BajoPutumayo,11122.31,11110.64
2024-02-03,24,PT1H,MC-BajoPutumayo,9793.9,9985.49
2022-09-14,1,PT1H,MC-BajoPutumayo,8274.01,7201.12
2022-09-14,2,PT1H,MC-BajoPutumayo,7798.06,6776.25
2022-09-14,3,PT1H,MC-BajoPutumayo,7512.34,6554.53
2022-09-14,4,PT1H,MC-BajoPutumayo,7338.94,6414.3
2022-09-14,5,PT1H,MC-BajoPutumayo,7356.71,6407.41
2022-09-14,6,PT1H,MC-BajoPutumayo,7922.46,6797.01
2022-09-14,7,PT1H,MC-BajoPutumayo,8504.83,7585.82
2022-09-14,8,PT1H,MC-BajoPutumayo,9490.31,8219.73
2022-09-14,9,PT1H,MC-BajoPutumayo,11066.44,9209.04
2022-09-14,10,PT1H,MC-BajoPutumayo,12060.81,9872.44
2022-09-14,11,PT1H,MC-BajoPutumayo,12643.85,10530.37
2022-09-14,12,PT1H,MC-BajoPutumayo,13139.27,11059.67
2022-09-14,13,PT1H,MC-BajoPutumayo,12696.53,10984.99
2022-09-14,14,PT1H,MC-BajoPutumayo,11121.38,11224.38
2022-09-14,15,PT1H,MC-BajoPutumayo,12255.74,11986.17
2022-09-14,16,PT1H,MC-BajoPutumayo,11817.18,12150.42
2022-09-14,17,PT1H,MC-BajoPutumayo,11881.11,12105.68
2022-09-14,18,PT1H,MC-BajoPutumayo,11495.22,11916.8
2022-09-14,19,PT1H,MC-BajoPutumayo,12958.04,12983.48
2022-09-14,20,PT1H,MC-BajoPutumayo,13087.68,13216.38
2022-09-14,21,PT1H,MC-BajoPutumayo,11912.72,12547.71
2022-09-14,22,PT1H,MC-BajoPutumayo,10574.83,11275.5
2022-09-14,23,PT1H,MC-BajoPutumayo,8952.1,9429.06
2022-09-14,24,PT1H,MC-BajoPutumayo,7785.82,8098.15
2024-10-27,1,PT1H,MC-BajoPutumayo,8874.27,8586.1
2024-10-27,2,PT1H,MC-BajoPutumayo,8570.63,8062.6
2024-10-27,3,PT1H,MC-BajoPutumayo,8414.5,7718.7
2024-10-27,4,PT1H,MC-BajoPutumayo,7883.72,7571.1
2024-10-27,5,PT1H,MC-BajoPutumayo,7538.71,7459.0
2024-10-27,6,PT1H,MC-BajoPutumayo,7639.64,7413.8
2024-10-27,7,PT1H,MC-BajoPutumayo,8516.66,8141.3
2024-10-27,8,PT1H,MC-BajoPutumayo,9782.84,9104.3
2024-10-27,9,PT1H,MC-BajoPutumayo,11376.45,10153.1
2024-10-27,10,PT1H,MC-BajoPutumayo,12087.42,11098.2
2024-10-27,11,PT1H,MC-BajoPutumayo,12685.65,11835.8
2024-10-27,12,PT1H,MC-BajoPutumayo,13088.24,12370.7
2024-10-27,13,PT1H,MC-BajoPutumayo,13258.0,12622.3
2024-10-27,14,PT1H,MC-BajoPutumayo,13216.61,12659.0
2024-10-27,15,PT1H,MC-BajoPutumayo,13157.57,12798.1
2024-10-27,16,PT1H,MC-BajoPutumayo,12961.11,12492.6
2024-10-27,17,PT1H,MC-BajoPutumayo,13015.74,11992.0
2024-10-27,18,PT1H,MC-BajoPutumayo,13539.84,12822.6
2024-10-27,19,PT1H,MC-BajoPutumayo,14670.74,14028.1
2024-10-27,20,PT1H,MC-BajoPutumayo,14254.17,13692.3
2024-10-27,21,PT1H,MC-BajoPutumayo,13449.34,12883.5
2024-10-27,22,PT1H,MC-BajoPutumayo,12167.35,11500.2
2024-10-27,23,PT1H,MC-BajoPutumayo,10576.91,9783.6
2024-10-27,24,PT1H,MC-BajoPutumayo,9395.8,9196.0
2024-07-15,1,PT1H,MC-BajoPutumayo,7610.3,6881.9
2024-07-15,2,PT1H,MC-BajoPutumayo,7004.55,6507.5
2024-07-15,3,PT1H,MC-BajoPutumayo,6551.26,6194.6
2024-07-15,4,PT1H,MC-BajoPutumayo,6285.53,6133.3
2024-07-15,5,PT1H,MC-BajoPutumayo,6097.84,6060.5
2024-07-15,6,PT1H,MC-BajoPutumayo,6310.02,6374.6
2024-07-15,7,PT1H,MC-BajoPutumayo,6759.14,6816.5
2024-07-15,8,PT1H,MC-BajoPutumayo,7869.84,7750.9
2024-07-15,9,PT1H,MC-BajoPutumayo,8844.99,8829.8
2024-07-15,10,PT1H,MC-BajoPutumayo,9422.15,9639.9
2024-07-15,11,PT1H,MC-BajoPutumayo,10139.27,10284.8
2024-07-15,12,PT1H,MC-BajoPutumayo,10547.0,10832.9
2024-07-15,13,PT1H,MC-BajoPutumayo,10279.61,10587.8
2024-07-15,14,PT1H,MC-BajoPutumayo,10312.53,10667.8
2024-07-15,15,PT1H,MC-BajoPutumayo,10720.49,11140.5
2024-07-15,16,PT1H,MC-BajoPutumayo,10833.71,11102.0
2024-07-15,17,PT1H,MC-BajoPutumayo,10658.26,11230.4
2024-07-15,18,PT1H,MC-BajoPutumayo,10592.66,11004.5
2024-07-15,19,PT1H,MC-BajoPutumayo,11658.65,12012.6
2024-07-15,20,PT1H,MC-BajoPutumayo,12093.84,12089.6
2024-07-15,21,PT1H,MC-BajoPutumayo,11389.42,11357.8
2024-07-15,22,PT1H,MC-BajoPutumayo,9995.82,10356.4
2024-07-15,23,PT1H,MC-BajoPutumayo,8303.03,8844.0
2024-07-15,24,PT1H,MC-BajoPutumayo,7116.79,7409.7
2023-01-23,1,PT1H,MC-BajoPutumayo,7253.25,7833.0
2023-01-23,2,PT1H,MC-BajoPutumayo,6685.8,7558.01
2023-01-23,3,PT1H,MC-BajoPutumayo,6453.28,7218.87
2023-01-23,4,PT1H,MC-BajoPutumayo,6303.48,6902.63
2023-01-23,5,PT1H,MC-BajoPutumayo,6281.06,6408.24
2023-01-23,6,PT1H,MC-BajoPutumayo,6650.04,6449.17
2023-01-23,7,PT1H,MC-BajoPutumayo,7203.35,6466.66
2023-01-23,8,PT1H,MC-BajoPutumayo,8104.64,7397.05
2023-01-23,9,PT1H,MC-BajoPutumayo,9014.94,8626.73
2023-01-23,10,PT1H,MC-BajoPutumayo,9738.21,9059.93
2023-01-23,11,PT1H,MC-BajoPutumayo,10184.32,9583.17
2023-01-23,12,PT1H,MC-BajoPutumayo,10584.83,10300.77
2023-01-23,13,PT1H,MC-BajoPutumayo,10399.36,10087.75
2023-01-23,14,PT1H,MC-BajoPutumayo,10249.56,10157.85
2023-01-23,15,PT1H,MC-BajoPutumayo,10842.26,10481.36
2023-01-23,16,PT1H,MC-BajoPutumayo,10879.79,10558.11
2023-01-23,17,PT1H,MC-BajoPutumayo,10943.14,10576.92
2023-01-23,18,PT1H,MC-BajoPutumayo,10938.13,10494.4
2023-01-23,19,PT1H,MC-BajoPutumayo,11824.66,11390.2
2023-01-23,20,PT1H,MC-BajoPutumayo,12396.21,11797.32
2023-01-23,21,PT1H,MC-BajoPutumayo,11595.67,11154.97
2023-01-23,22,PT1H,MC-BajoPutumayo,10580.98,10307.39
2023-01-23,23,PT1H,MC-BajoPutumayo,8997.68,9165.05
2023-01-23,24,PT1H,MC-BajoPutumayo,7471.11,8097.71
2024-08-18,1,PT1H,MC-BajoPutumayo,8037.07,8460.1
2024-08-18,2,PT1H,MC-BajoPutumayo,7552.15,7845.7
2024-08-18,3,PT1H,MC-BajoPutumayo,7199.66,7472.7
2024-08-18,4,PT1H,MC-BajoPutumayo,7012.06,7253.5
2024-08-18,5,PT1H,MC-BajoPutumayo,6842.58,7166.4
2024-08-18,6,PT1H,MC-BajoPutumayo,6809.67,7308.6
2024-08-18,7,PT1H,MC-BajoPutumayo,7153.5,7549.4
2024-08-18,8,PT1H,MC-BajoPutumayo,8187.07,8624.3
2024-08-18,9,PT1H,MC-BajoPutumayo,9523.92,9650.0
2024-08-18,10,PT1H,MC-BajoPutumayo,10482.7,10265.0
2024-08-18,11,PT1H,MC-BajoPutumayo,11155.57,10793.5
2024-08-18,12,PT1H,MC-BajoPutumayo,11763.95,11144.1
2024-08-18,13,PT1H,MC-BajoPutumayo,11874.82,11066.5
2024-08-18,14,PT1H,MC-BajoPutumayo,12014.88,10842.3
2024-08-18,15,PT1H,MC-BajoPutumayo,12039.83,10553.0
2024-08-18,16,PT1H,MC-BajoPutumayo,12123.27,10428.5
2024-08-18,17,PT1H,MC-BajoPutumayo,12213.33,10320.0
2024-08-18,18,PT1H,MC-BajoPutumayo,12001.6,10589.0
2024-08-18,19,PT1H,MC-BajoPutumayo,13121.72,11998.3
2024-08-18,20,PT1H,MC-BajoPutumayo,13448.49,12318.2
2024-08-18,21,PT1H,MC-BajoPutumayo,12879.4,11605.2
2024-08-18,22,PT1H,MC-BajoPutumayo,11993.1,10390.5
2024-08-18,23,PT1H,MC-BajoPutumayo,10604.78,8979.5
2024-08-18,24,PT1H,MC-BajoPutumayo,9549.96,7940.0
2022-08-17,1,PT1H,MC-BajoPutumayo,7822.96,7289.02
2022-08-17,2,PT1H,MC-BajoPutumayo,7348.72,6892.52
2022-08-17,3,PT1H,MC-BajoPutumayo,7078.38,6706.35
2022-08-17,4,PT1H,MC-BajoPutumayo,6827.11,6726.7
2022-08-17,5,PT1H,MC-BajoPutumayo,6703.83,6722.03
2022-08-17,6,PT1H,MC-BajoPutumayo,5933.0,7296.89
2022-08-17,7,PT1H,MC-BajoPutumayo,6818.51,8081.6
2022-08-17,8,PT1H,MC-BajoPutumayo,8780.57,8957.54
2022-08-17,9,PT1H,MC-BajoPutumayo,10401.63,10006.96
2022-08-17,10,PT1H,MC-BajoPutumayo,12671.72,10507.11
2022-08-17,11,PT1H,MC-BajoPutumayo,13904.63,11207.21
2022-08-17,12,PT1H,MC-BajoPutumayo,14832.14,11605.78
2022-08-17,13,PT1H,MC-BajoPutumayo,14348.78,11087.42
2022-08-17,14,PT1H,MC-BajoPutumayo,14526.09,10985.56
2022-08-17,15,PT1H,MC-BajoPutumayo,14239.87,11429.37
2022-08-17,16,PT1H,MC-BajoPutumayo,8979.37,11498.88
2022-08-17,17,PT1H,MC-BajoPutumayo,7615.82,11451.58
2022-08-17,18,PT1H,MC-BajoPutumayo,9329.54,11427.67
2022-08-17,19,PT1H,MC-BajoPutumayo,14529.13,12597.25
2022-08-17,20,PT1H,MC-BajoPutumayo,15086.4,13261.34
2022-08-17,21,PT1H,MC-BajoPutumayo,12408.83,12458.07
2022-08-17,22,PT1H,MC-BajoPutumayo,11212.73,11076.96
2022-08-17,23,PT1H,MC-BajoPutumayo,9576.04,9379.77
2022-08-17,24,PT1H,MC-BajoPutumayo,8021.33,7987.41
2022-05-19,1,PT1H,MC-BajoPutumayo,5659.28,6987.01
2022-05-19,2,PT1H,MC-BajoPutumayo,5357.28,6663.09
2022-05-19,3,PT1H,MC-BajoPutumayo,5460.58,6288.45
2022-05-19,4,PT1H,MC-BajoPutumayo,5285.25,6175.97
2022-05-19,5,PT1H,MC-BajoPutumayo,5280.37,6094.2
2022-05-19,6,PT1H,MC-BajoPutumayo,5773.89,6464.08
2022-05-19,7,PT1H,MC-BajoPutumayo,6557.99,7094.39
2022-05-19,8,PT1H,MC-BajoPutumayo,7236.2,7645.63
2022-05-19,9,PT1H,MC-BajoPutumayo,7964.95,8690.52
2022-05-19,10,PT1H,MC-BajoPutumayo,7919.88,9404.1
2022-05-19,11,PT1H,MC-BajoPutumayo,8624.01,10063.48
2022-05-19,12,PT1H,MC-BajoPutumayo,9250.89,10538.78
2022-05-19,13,PT1H,MC-BajoPutumayo,8904.36,10489.32
2022-05-19,14,PT1H,MC-BajoPutumayo,8812.88,10506.31
2022-05-19,15,PT1H,MC-BajoPutumayo,9268.71,10943.98
2022-05-19,16,PT1H,MC-BajoPutumayo,9443.46,10897.48
2022-05-19,17,PT1H,MC-BajoPutumayo,9528.63,10820.97
2022-05-19,18,PT1H,MC-BajoPutumayo,9842.38,10724.15
2022-05-19,19,PT1H,MC-BajoPutumayo,11166.5,11875.99
2022-05-19,20,PT1H,MC-BajoPutumayo,11274.59,12304.65
2022-05-19,21,PT1H,MC-BajoPutumayo,10466.32,11663.16
2022-05-19,22,PT1H,MC-BajoPutumayo,9242.23,10624.47
2022-05-19,23,PT1H,MC-BajoPutumayo,7588.92,9223.83
2022-05-19,24,PT1H,MC-BajoPutumayo,6511.56,7707.58
2024-08-28,1,PT1H,MC-BajoPutumayo,7784.16,7082.5
2024-08-28,2,PT1H,MC-BajoPutumayo,7462.53,6758.0
2024-08-28,3,PT1H,MC-BajoPutumayo,7198.87,6575.1
2024-08-28,4,PT1H,MC-BajoPutumayo,7077.57,6469.7
2024-08-28,5,PT1H,MC-BajoPutumayo,7247.61,6583.6
2024-08-28,6,PT1H,MC-BajoPutumayo,8032.65,7142.2
2024-08-28,7,PT1H,MC-BajoPutumayo,8600.36,7570.7
2024-08-28,8,PT1H,MC-BajoPutumayo,9405.1,8548.0
2024-08-28,9,PT1H,MC-BajoPutumayo,10250.94,9544.6
2024-08-28,10,PT1H,MC-BajoPutumayo,11343.28,10617.8
2024-08-28,11,PT1H,MC-BajoPutumayo,11780.46,11207.2
2024-08-28,12,PT1H,MC-BajoPutumayo,12207.12,11550.8
2024-08-28,13,PT1H,MC-BajoPutumayo,12149.56,11406.2
2024-08-28,14,PT1H,MC-BajoPutumayo,12909.29,11685.7
2024-08-28,15,PT1H,MC-BajoPutumayo,13826.63,12097.3
2024-08-28,16,PT1H,MC-BajoPutumayo,13859.05,12069.2
2024-08-28,17,PT1H,MC-BajoPutumayo,13536.16,11803.6
2024-08-28,18,PT1H,MC-BajoPutumayo,13386.38,12093.2
2024-08-28,19,PT1H,MC-BajoPutumayo,14683.49,13356.0
2024-08-28,20,PT1H,MC-BajoPutumayo,14547.13,13414.4
2024-08-28,21,PT1H,MC-BajoPutumayo,13549.76,12608.6
2024-08-28,22,PT1H,MC-BajoPutumayo,12034.66,11273.9
2024-08-28,23,PT1H,MC-BajoPutumayo,10226.42,9515.5
2024-08-28,24,PT1H,MC-BajoPutumayo,8757.03,8182.0
2022-08-07,1,PT1H,MC-BajoPutumayo,7058.54,7569.59
2022-08-07,2,PT1H,MC-BajoPutumayo,6436.22,6993.81
2022-08-07,3,PT1H,MC-BajoPutumayo,6100.99,6601.02
2022-08-07,4,PT1H,MC-BajoPutumayo,5981.71,6316.12
2022-08-07,5,PT1H,MC-BajoPutumayo,5829.88,6110.82
2022-08-07,6,PT1H,MC-BajoPutumayo,5964.91,6176.44
2022-08-07,7,PT1H,MC-BajoPutumayo,6145.41,6362.94
2022-08-07,8,PT1H,MC-BajoPutumayo,7361.25,7139.61
2022-08-07,9,PT1H,MC-BajoPutumayo,8367.99,8206.02
2022-08-07,10,PT1H,MC-BajoPutumayo,9026.69,8979.46
2022-08-07,11,PT1H,MC-BajoPutumayo,9524.77,9615.37
2022-08-07,12,PT1H,MC-BajoPutumayo,10135.67,10059.99
2022-08-07,13,PT1H,MC-BajoPutumayo,10740.03,10285.19
2022-08-07,14,PT1H,MC-BajoPutumayo,10837.78,10213.33
2022-08-07,15,PT1H,MC-BajoPutumayo,10886.71,10106.02
2022-08-07,16,PT1H,MC-BajoPutumayo,10823.61,10057.62
2022-08-07,17,PT1H,MC-BajoPutumayo,10669.41,9916.67
2022-08-07,18,PT1H,MC-BajoPutumayo,10652.79,9878.26
2022-08-07,19,PT1H,MC-BajoPutumayo,11575.88,10865.53
2022-08-07,20,PT1H,MC-BajoPutumayo,12350.9,11601.04
2022-08-07,21,PT1H,MC-BajoPutumayo,11763.08,11039.93
2022-08-07,22,PT1H,MC-BajoPutumayo,10726.39,9988.74
2022-08-07,23,PT1H,MC-BajoPutumayo,9232.62,8666.63
2022-08-07,24,PT1H,MC-BajoPutumayo,7992.26,7538.76
2024-11-04,1,PT1H,MC-BajoPutumayo,7446.1,8899.5
2024-11-04,2,PT1H,MC-BajoPutumayo,7081.81,8452.4
2024-11-04,3,PT1H,MC-BajoPutumayo,6875.53,8126.7
2024-11-04,4,PT1H,MC-BajoPutumayo,6799.88,7994.5
2024-11-04,5,PT1H,MC-BajoPutumayo,6803.71,8202.7
2024-11-04,6,PT1H,MC-BajoPutumayo,7192.55,8279.1
2024-11-04,7,PT1H,MC-BajoPutumayo,7681.84,8713.7
2024-11-04,8,PT1H,MC-BajoPutumayo,8895.42,10051.7
2024-11-04,9,PT1H,MC-BajoPutumayo,9289.86,11417.4
2024-11-04,10,PT1H,MC-BajoPutumayo,9590.64,12338.5
2024-11-04,11,PT1H,MC-BajoPutumayo,10432.12,13237.9
2024-11-04,12,PT1H,MC-BajoPutumayo,10952.32,13567.4
2024-11-04,13,PT1H,MC-BajoPutumayo,10816.63,13387.9
2024-11-04,14,PT1H,MC-BajoPutumayo,11013.7,13651.0
2024-11-04,15,PT1H,MC-BajoPutumayo,12539.62,14238.6
2024-11-04,16,PT1H,MC-BajoPutumayo,12976.63,14143.8
2024-11-04,17,PT1H,MC-BajoPutumayo,12569.2,13527.4
2024-11-04,18,PT1H,MC-BajoPutumayo,13601.3,13880.7
2024-11-04,19,PT1H,MC-BajoPutumayo,14602.94,15065.7
2024-11-04,20,PT1H,MC-BajoPutumayo,14069.78,14308.9
2024-11-04,21,PT1H,MC-BajoPutumayo,13121.25,12996.9
2024-11-04,22,PT1H,MC-BajoPutumayo,11536.54,10855.9
2024-11-04,23,PT1H,MC-BajoPutumayo,10108.35,9743.4
2024-11-04,24,PT1H,MC-BajoPutumayo,9013.74,8600.1
2024-05-25,1,PT1H,MC-BajoPutumayo,8157.52,8224.54
2024-05-25,2,PT1H,MC-BajoPutumayo,7765.71,7706.94
2024-05-25,3,PT1H,MC-BajoPutumayo,7400.09,7341.49
2024-05-25,4,PT1H,MC-BajoPutumayo,7191.45,7155.24
2024-05-25,5,PT1H,MC-BajoPutumayo,7162.19,7147.97
2024-05-25,6,PT1H,MC-BajoPutumayo,7392.48,7307.38
2024-05-25,7,PT1H,MC-BajoPutumayo,7942.45,7697.38
2024-05-25,8,PT1H,MC-BajoPutumayo,9073.49,8778.27
2024-05-25,9,PT1H,MC-BajoPutumayo,9985.08,10111.27
2024-05-25,10,PT1H,MC-BajoPutumayo,9877.93,10916.75
2024-05-25,11,PT1H,MC-BajoPutumayo,9885.05,11581.22
2024-05-25,12,PT1H,MC-BajoPutumayo,10201.83,12205.78
2024-05-25,13,PT1H,MC-BajoPutumayo,9888.35,12150.25
2024-05-25,14,PT1H,MC-BajoPutumayo,9772.92,11928.44
2024-05-25,15,PT1H,MC-BajoPutumayo,9547.17,12072.23
2024-05-25,16,PT1H,MC-BajoPutumayo,9539.78,12228.24
2024-05-25,17,PT1H,MC-BajoPutumayo,10230.07,12115.3
2024-05-25,18,PT1H,MC-BajoPutumayo,10555.87,11980.99
2024-05-25,19,PT1H,MC-BajoPutumayo,12017.0,13247.68
2024-05-25,20,PT1H,MC-BajoPutumayo,12126.3,13362.27
2024-05-25,21,PT1H,MC-BajoPutumayo,11459.18,12554.26
2024-05-25,22,PT1H,MC-BajoPutumayo,10571.42,11566.88
2024-05-25,23,PT1H,MC-BajoPutumayo,9221.14,10391.59
2024-05-25,24,PT1H,MC-BajoPutumayo,8189.45,9334.54
2022-06-14,1,PT1H,MC-BajoPutumayo,5937.94,6755.04
2022-06-14,2,PT1H,MC-BajoPutumayo,5590.04,6463.81
2022-06-14,3,PT1H,MC-BajoPutumayo,5460.75,6217.43
2022-06-14,4,PT1H,MC-BajoPutumayo,5450.31,6085.75
2022-06-14,5,PT1H,MC-BajoPutumayo,3743.09,6186.81
2022-06-14,6,PT1H,MC-BajoPutumayo,232.82,0.0
2022-06-14,7,PT1H,MC-BajoPutumayo,2.96,0.0
2022-06-14,8,PT1H,MC-BajoPutumayo,6718.44,8326.86
2022-06-14,9,PT1H,MC-BajoPutumayo,9501.78,9116.42
2022-06-14,10,PT1H,MC-BajoPutumayo,9548.68,10043.97
2022-06-14,11,PT1H,MC-BajoPutumayo,10270.09,10684.68
2022-06-14,12,PT1H,MC-BajoPutumayo,10332.65,11031.67
2022-06-14,13,PT1H,MC-BajoPutumayo,10523.91,10653.75
2022-06-14,14,PT1H,MC-BajoPutumayo,10731.37,10560.87
2022-06-14,15,PT1H,MC-BajoPutumayo,10975.07,11289.23
2022-06-14,16,PT1H,MC-BajoPutumayo,10952.51,11508.42
2022-06-14,17,PT1H,MC-BajoPutumayo,11887.75,11562.58
2022-06-14,18,PT1H,MC-BajoPutumayo,11073.36,11767.0
2022-06-14,19,PT1H,MC-BajoPutumayo,11958.82,12821.21
2022-06-14,20,PT1H,MC-BajoPutumayo,12298.26,13183.61
2022-06-14,21,PT1H,MC-BajoPutumayo,11693.99,12434.35
2022-06-14,22,PT1H,MC-BajoPutumayo,10185.91,11095.18
2022-06-14,23,PT1H,MC-BajoPutumayo,8629.49,9418.35
2022-06-14,24,PT1H,MC-BajoPutumayo,7281.72,7959.77
2022-05-13,1,PT1H,MC-BajoPutumayo,7110.28,7481.53
2022-05-13,2,PT1H,MC-BajoPutumayo,6690.54,7009.15
2022-05-13,3,PT1H,MC-BajoPutumayo,6508.0,6705.82
2022-05-13,4,PT1H,MC-BajoPutumayo,6407.01,6556.62
2022-05-13,5,PT1H,MC-BajoPutumayo,6405.4,6594.6
2022-05-13,6,PT1H,MC-BajoPutumayo,6332.11,7013.83
2022-05-13,7,PT1H,MC-BajoPutumayo,7901.71,7159.2
2022-05-13,8,PT1H,MC-BajoPutumayo,8073.52,7944.6
2022-05-13,9,PT1H,MC-BajoPutumayo,8917.37,8946.04
2022-05-13,10,PT1H,MC-BajoPutumayo,9671.09,9651.23
2022-05-13,11,PT1H,MC-BajoPutumayo,10332.9,10358.3
2022-05-13,12,PT1H,MC-BajoPutumayo,10704.41,10670.8
2022-05-13,13,PT1H,MC-BajoPutumayo,10290.57,10555.81
2022-05-13,14,PT1H,MC-BajoPutumayo,9982.65,10557.31
2022-05-13,15,PT1H,MC-BajoPutumayo,10397.63,10757.75
2022-05-13,16,PT1H,MC-BajoPutumayo,10862.06,10708.14
2022-05-13,17,PT1H,MC-BajoPutumayo,10983.75,10717.14
2022-05-13,18,PT1H,MC-BajoPutumayo,11045.18,10747.94
2022-05-13,19,PT1H,MC-BajoPutumayo,12268.75,11970.16
2022-05-13,20,PT1H,MC-BajoPutumayo,12458.8,12448.43
2022-05-13,21,PT1H,MC-BajoPutumayo,11710.59,11757.73
2022-05-13,22,PT1H,MC-BajoPutumayo,10706.04,10892.95
2022-05-13,23,PT1H,MC-BajoPutumayo,9404.75,9714.91
2022-05-13,24,PT1H,MC-BajoPutumayo,8123.24,8404.11
2024-09-15,1,PT1H,MC-BajoPutumayo,9963.1,9204.7
2024-09-15,2,PT1H,MC-BajoPutumayo,9317.2,8485.9
2024-09-15,3,PT1H,MC-BajoPutumayo,8850.51,8092.9
2024-09-15,4,PT1H,MC-BajoPutumayo,8621.89,7749.4
2024-09-15,5,PT1H,MC-BajoPutumayo,8391.88,7567.4
2024-09-15,6,PT1H,MC-BajoPutumayo,8297.14,7358.9
2024-09-15,7,PT1H,MC-BajoPutumayo,8721.23,7801.4
2024-09-15,8,PT1H,MC-BajoPutumayo,9833.4,8879.6
2024-09-15,9,PT1H,MC-BajoPutumayo,11069.25,10334.2
2024-09-15,10,PT1H,MC-BajoPutumayo,11899.0,11046.1
2024-09-15,11,PT1H,MC-BajoPutumayo,12636.9,11853.3
2024-09-15,12,PT1H,MC-BajoPutumayo,13037.5,12241.7
2024-09-15,13,PT1H,MC-BajoPutumayo,13119.46,12367.5
2024-09-15,14,PT1H,MC-BajoPutumayo,12959.9,12482.6
2024-09-15,15,PT1H,MC-BajoPutumayo,13046.26,12518.3
2024-09-15,16,PT1H,MC-BajoPutumayo,13027.24,12449.9
2024-09-15,17,PT1H,MC-BajoPutumayo,13063.1,12046.9
2024-09-15,18,PT1H,MC-BajoPutumayo,13414.91,11972.0
2024-09-15,19,PT1H,MC-BajoPutumayo,15230.87,12958.6
2024-09-15,20,PT1H,MC-BajoPutumayo,15101.74,13280.8
2024-09-15,21,PT1H,MC-BajoPutumayo,14466.75,12776.6
2024-09-15,22,PT1H,MC-BajoPutumayo,13154.76,11641.9
2024-09-15,23,PT1H,MC-BajoPutumayo,11880.71,10201.3
2024-09-15,24,PT1H,MC-BajoPutumayo,10457.34,9120.5
2024-12-16,1,PT1H,MC-BajoPutumayo,8527.13,7460.3
2024-12-16,2,PT1H,MC-BajoPutumayo,8343.92,7137.3
2024-12-16,3,PT1H,MC-BajoPutumayo,7890.42,6789.0
2024-12-16,4,PT1H,MC-BajoPutumayo,7783.9,6747.3
2024-12-16,5,PT1H,MC-BajoPutumayo,8035.92,6849.0
2024-12-16,6,PT1H,MC-BajoPutumayo,8100.99,7229.6
2024-12-16,7,PT1H,MC-BajoPutumayo,8915.84,7906.1
2024-12-16,8,PT1H,MC-BajoPutumayo,5237.32,9173.7
2024-12-16,9,PT1H,MC-BajoPutumayo,10964.09,10183.5
2024-12-16,10,PT1H,MC-BajoPutumayo,11965.02,10657.5
2024-12-16,11,PT1H,MC-BajoPutumayo,12853.86,11865.0
2024-12-16,12,PT1H,MC-BajoPutumayo,13517.16,12262.4
2024-12-16,13,PT1H,MC-BajoPutumayo,13147.33,11868.9
2024-12-16,14,PT1H,MC-BajoPutumayo,13457.35,11777.7
2024-12-16,15,PT1H,MC-BajoPutumayo,14260.65,12162.2
2024-12-16,16,PT1H,MC-BajoPutumayo,14202.98,12313.4
2024-12-16,17,PT1H,MC-BajoPutumayo,13662.76,11866.9
2024-12-16,18,PT1H,MC-BajoPutumayo,13102.54,12217.4
2024-12-16,19,PT1H,MC-BajoPutumayo,12803.55,13171.1
2024-12-16,20,PT1H,MC-BajoPutumayo,12341.35,12569.9
2024-12-16,21,PT1H,MC-BajoPutumayo,12376.19,11570.4
2024-12-16,22,PT1H,MC-BajoPutumayo,11410.87,10186.5
2024-12-16,23,PT1H,MC-BajoPutumayo,10045.51,8914.4
2024-12-16,24,PT1H,MC-BajoPutumayo,8645.83,7775.1
2022-07-24,1,PT1H,MC-BajoPutumayo,7500.43,7170.8
2022-07-24,2,PT1H,MC-BajoPutumayo,6987.43,6652.83
2022-07-24,3,PT1H,MC-BajoPutumayo,6659.12,6316.63
2022-07-24,4,PT1H,MC-BajoPutumayo,6279.23,6091.35
2022-07-24,5,PT1H,MC-BajoPutumayo,6154.38,5953.5
2022-07-24,6,PT1H,MC-BajoPutumayo,6268.12,5976.73
2022-07-24,7,PT1H,MC-BajoPutumayo,6415.86,6112.83
2022-07-24,8,PT1H,MC-BajoPutumayo,7298.19,7006.06
2022-07-24,9,PT1H,MC-BajoPutumayo,8479.93,7989.88
2022-07-24,10,PT1H,MC-BajoPutumayo,9222.44,8674.65
2022-07-24,11,PT1H,MC-BajoPutumayo,9824.72,9220.53
2022-07-24,12,PT1H,MC-BajoPutumayo,10192.25,9597.05
2022-07-24,13,PT1H,MC-BajoPutumayo,10581.6,9698.93
2022-07-24,14,PT1H,MC-BajoPutumayo,10684.65,9677.94
2022-07-24,15,PT1H,MC-BajoPutumayo,10559.11,9724.85
2022-07-24,16,PT1H,MC-BajoPutumayo,10483.98,9706.89
2022-07-24,17,PT1H,MC-BajoPutumayo,10237.23,9648.57
2022-07-24,18,PT1H,MC-BajoPutumayo,10174.37,9687.98
2022-07-24,19,PT1H,MC-BajoPutumayo,11072.54,10660.08
2022-07-24,20,PT1H,MC-BajoPutumayo,11879.1,11178.05
2022-07-24,21,PT1H,MC-BajoPutumayo,11246.31,10696.11
2022-07-24,22,PT1H,MC-BajoPutumayo,10079.0,9813.63
2022-07-24,23,PT1H,MC-BajoPutumayo,8778.69,8633.54
2022-07-24,24,PT1H,MC-BajoPutumayo,7631.53,7614.89
2025-06-26,1,PT1H,MC-BajoPutumayo,8226.15,7830.0
2025-06-26,2,PT1H,MC-BajoPutumayo,7681.88,7317.8
2025-06-26,3,PT1H,MC-BajoPutumayo,7372.93,7228.8
2025-06-26,4,PT1H,MC-BajoPutumayo,7241.98,7070.6
2025-06-26,5,PT1H,MC-BajoPutumayo,7193.04,7119.3
2025-06-26,6,PT1H,MC-BajoPutumayo,7500.68,7499.6
2025-06-26,7,PT1H,MC-BajoPutumayo,7911.07,8173.5
2025-06-26,8,PT1H,MC-BajoPutumayo,9030.23,8849.1
2025-06-26,9,PT1H,MC-BajoPutumayo,10442.14,9652.8
2025-06-26,10,PT1H,MC-BajoPutumayo,11054.84,10326.8
2025-06-26,11,PT1H,MC-BajoPutumayo,11352.27,10842.2
2025-06-26,12,PT1H,MC-BajoPutumayo,11797.09,11518.3
2025-06-26,13,PT1H,MC-BajoPutumayo,11071.13,11329.4
2025-06-26,14,PT1H,MC-BajoPutumayo,10473.32,11526.0
2025-06-26,15,PT1H,MC-BajoPutumayo,11118.73,11916.2
2025-06-26,16,PT1H,MC-BajoPutumayo,11286.48,12071.2
2025-06-26,17,PT1H,MC-BajoPutumayo,11464.7,12026.5
2025-06-26,18,PT1H,MC-BajoPutumayo,11949.7,11747.6
2025-06-26,19,PT1H,MC-BajoPutumayo,13273.86,13607.2
2025-06-26,20,PT1H,MC-BajoPutumayo,13714.8,14812.6
2025-06-26,21,PT1H,MC-BajoPutumayo,12832.43,13774.5
2025-06-26,22,PT1H,MC-BajoPutumayo,11555.4,12369.0
2025-06-26,23,PT1H,MC-BajoPutumayo,9929.37,10243.6
2025-06-26,24,PT1H,MC-BajoPutumayo,8611.36,8802.3
2024-11-02,1,PT1H,MC-BajoPutumayo,8967.44,9138.9
2024-11-02,2,PT1H,MC-BajoPutumayo,8488.7,8441.4
2024-11-02,3,PT1H,MC-BajoPutumayo,8132.05,8196.4
2024-11-02,4,PT1H,MC-BajoPutumayo,7992.21,7885.9
2024-11-02,5,PT1H,MC-BajoPutumayo,8019.26,7971.1
2024-11-02,6,PT1H,MC-BajoPutumayo,8114.21,8068.7
2024-11-02,7,PT1H,MC-BajoPutumayo,8916.72,8846.9
2024-11-02,8,PT1H,MC-BajoPutumayo,10290.5,9995.7
2024-11-02,9,PT1H,MC-BajoPutumayo,12014.37,11329.3
2024-11-02,10,PT1H,MC-BajoPutumayo,13127.19,12295.0
2024-11-02,11,PT1H,MC-BajoPutumayo,14243.23,13086.3
2024-11-02,12,PT1H,MC-BajoPutumayo,14424.25,13404.9
2024-11-02,13,PT1H,MC-BajoPutumayo,14319.81,13210.2
2024-11-02,14,PT1H,MC-BajoPutumayo,14440.08,13226.4
2024-11-02,15,PT1H,MC-BajoPutumayo,14700.82,13524.5
2024-11-02,16,PT1H,MC-BajoPutumayo,14627.81,13448.7
2024-11-02,17,PT1H,MC-BajoPutumayo,14446.97,13214.4
2024-11-02,18,PT1H,MC-BajoPutumayo,15572.58,13926.1
2024-11-02,19,PT1H,MC-BajoPutumayo,16320.03,15149.8
2024-11-02,20,PT1H,MC-BajoPutumayo,15388.63,14542.6
2024-11-02,21,PT1H,MC-BajoPutumayo,14115.17,13621.5
2024-11-02,22,PT1H,MC-BajoPutumayo,13050.47,12417.7
2024-11-02,23,PT1H,MC-BajoPutumayo,11812.34,10916.3
2024-11-02,24,PT1H,MC-BajoPutumayo,10748.11,9673.8
2023-07-18,1,PT1H,MC-BajoPutumayo,6921.92,7455.07
2023-07-18,2,PT1H,MC-BajoPutumayo,6529.07,6920.85
2023-07-18,3,PT1H,MC-BajoPutumayo,6356.43,6681.51
2023-07-18,4,PT1H,MC-BajoPutumayo,6150.01,6533.47
2023-07-18,5,PT1H,MC-BajoPutumayo,6131.89,6580.66
2023-07-18,6,PT1H,MC-BajoPutumayo,6928.44,7010.91
2023-07-18,7,PT1H,MC-BajoPutumayo,7783.1,7544.64
2023-07-18,8,PT1H,MC-BajoPutumayo,8653.28,8525.76
2023-07-18,9,PT1H,MC-BajoPutumayo,9784.35,9883.05
2023-07-18,10,PT1H,MC-BajoPutumayo,10620.8,10905.47
2023-07-18,11,PT1H,MC-BajoPutumayo,11127.09,11737.18
2023-07-18,12,PT1H,MC-BajoPutumayo,11530.5,12378.1
2023-07-18,13,PT1H,MC-BajoPutumayo,11267.06,12066.81
2023-07-18,14,PT1H,MC-BajoPutumayo,11345.0,12304.79
2023-07-18,15,PT1H,MC-BajoPutumayo,11871.14,13064.32
2023-07-18,16,PT1H,MC-BajoPutumayo,12249.93,13120.59
2023-07-18,17,PT1H,MC-BajoPutumayo,12183.26,13046.18
2023-07-18,18,PT1H,MC-BajoPutumayo,11570.09,12727.45
2023-07-18,19,PT1H,MC-BajoPutumayo,12259.07,13560.34
2023-07-18,20,PT1H,MC-BajoPutumayo,12736.16,13931.72
2023-07-18,21,PT1H,MC-BajoPutumayo,11990.22,13059.12
2023-07-18,22,PT1H,MC-BajoPutumayo,10721.82,11905.23
2023-07-18,23,PT1H,MC-BajoPutumayo,9043.18,10215.21
2023-07-18,24,PT1H,MC-BajoPutumayo,7625.8,8871.08
2024-07-17,1,PT1H,MC-BajoPutumayo,6505.1,8146.1
2024-07-17,2,PT1H,MC-BajoPutumayo,6212.41,7672.4
2024-07-17,3,PT1H,MC-BajoPutumayo,6079.66,7430.6
2024-07-17,4,PT1H,MC-BajoPutumayo,6023.66,7243.7
2024-07-17,5,PT1H,MC-BajoPutumayo,6164.8,7359.0
2024-07-17,6,PT1H,MC-BajoPutumayo,6909.73,7856.8
2024-07-17,7,PT1H,MC-BajoPutumayo,7522.16,8427.0
2024-07-17,8,PT1H,MC-BajoPutumayo,8276.73,9236.0
2024-07-17,9,PT1H,MC-BajoPutumayo,9152.18,10116.6
2024-07-17,10,PT1H,MC-BajoPutumayo,9822.13,10725.9
2024-07-17,11,PT1H,MC-BajoPutumayo,10202.2,11164.4
2024-07-17,12,PT1H,MC-BajoPutumayo,10924.88,11590.4
2024-07-17,13,PT1H,MC-BajoPutumayo,10327.06,11303.4
2024-07-17,14,PT1H,MC-BajoPutumayo,10886.54,11405.6
2024-07-17,15,PT1H,MC-BajoPutumayo,11554.49,11885.7
2024-07-17,16,PT1H,MC-BajoPutumayo,11742.82,11830.1
2024-07-17,17,PT1H,MC-BajoPutumayo,11769.71,11815.6
2024-07-17,18,PT1H,MC-BajoPutumayo,12013.95,12295.9
2024-07-17,19,PT1H,MC-BajoPutumayo,12944.7,13530.7
2024-07-17,20,PT1H,MC-BajoPutumayo,12521.12,13498.8
2024-07-17,21,PT1H,MC-BajoPutumayo,11549.44,12587.4
2024-07-17,22,PT1H,MC-BajoPutumayo,10174.96,11313.4
2024-07-17,23,PT1H,MC-BajoPutumayo,8415.93,9692.1
2024-07-17,24,PT1H,MC-BajoPutumayo,7182.22,8417.2
2025-07-01,1,PT1H,MC-BajoPutumayo,7285.03,7301.5
2025-07-01,2,PT1H,MC-BajoPutumayo,6847.13,6905.4
2025-07-01,3,PT1H,MC-BajoPutumayo,6584.35,6712.6
2025-07-01,4,PT1H,MC-BajoPutumayo,6515.95,6604.8
2025-07-01,5,PT1H,MC-BajoPutumayo,6548.69,6640.3
2025-07-01,6,PT1H,MC-BajoPutumayo,6939.73,7239.8
2025-07-01,7,PT1H,MC-BajoPutumayo,7443.35,8066.7
2025-07-01,8,PT1H,MC-BajoPutumayo,8470.66,8645.8
2025-07-01,9,PT1H,MC-BajoPutumayo,9662.46,9596.3
2025-07-01,10,PT1H,MC-BajoPutumayo,10478.8,10173.9
2025-07-01,11,PT1H,MC-BajoPutumayo,10983.64,10886.6
2025-07-01,12,PT1H,MC-BajoPutumayo,11370.37,11204.9
2025-07-01,13,PT1H,MC-BajoPutumayo,10829.34,10889.7
2025-07-01,14,PT1H,MC-BajoPutumayo,10357.43,10932.1
2025-07-01,15,PT1H,MC-BajoPutumayo,10669.55,11580.1
2025-07-01,16,PT1H,MC-BajoPutumayo,10856.83,11936.4
2025-07-01,17,PT1H,MC-BajoPutumayo,11017.25,12162.8
2025-07-01,18,PT1H,MC-BajoPutumayo,11053.62,12123.1
2025-07-01,19,PT1H,MC-BajoPutumayo,12384.41,13370.2
2025-07-01,20,PT1H,MC-BajoPutumayo,12871.85,13849.9
2025-07-01,21,PT1H,MC-BajoPutumayo,12148.63,12879.6
2025-07-01,22,PT1H,MC-BajoPutumayo,10988.42,11446.0
2025-07-01,23,PT1H,MC-BajoPutumayo,9194.47,9657.1
2025-07-01,24,PT1H,MC-BajoPutumayo,8010.63,8317.9
2025-06-01,1,PT1H,MC-BajoPutumayo,8250.15,7880.0
2025-06-01,2,PT1H,MC-BajoPutumayo,7655.49,7381.0
2025-06-01,3,PT1H,MC-BajoPutumayo,7249.1,7091.9
2025-06-01,4,PT1H,MC-BajoPutumayo,7033.37,6890.0
2025-06-01,5,PT1H,MC-BajoPutumayo,6869.0,6864.9
2025-06-01,6,PT1H,MC-BajoPutumayo,6971.0,7125.3
2025-06-01,7,PT1H,MC-BajoPutumayo,7134.84,7371.0
2025-06-01,8,PT1H,MC-BajoPutumayo,7927.83,8159.1
2025-06-01,9,PT1H,MC-BajoPutumayo,8842.64,9235.7
2025-06-01,10,PT1H,MC-BajoPutumayo,9428.22,10083.7
2025-06-01,11,PT1H,MC-BajoPutumayo,9719.04,10685.6
2025-06-01,12,PT1H,MC-BajoPutumayo,10051.89,11113.4
2025-06-01,13,PT1H,MC-BajoPutumayo,10265.68,11265.8
2025-06-01,14,PT1H,MC-BajoPutumayo,10273.98,11183.3
2025-06-01,15,PT1H,MC-BajoPutumayo,10163.87,11252.1
2025-06-01,16,PT1H,MC-BajoPutumayo,10165.65,11251.8
2025-06-01,17,PT1H,MC-BajoPutumayo,10154.81,11341.5
2025-06-01,18,PT1H,MC-BajoPutumayo,10624.21,11207.7
2025-06-01,19,PT1H,MC-BajoPutumayo,11889.38,12542.2
2025-06-01,20,PT1H,MC-BajoPutumayo,12109.9,13013.6
2025-06-01,21,PT1H,MC-BajoPutumayo,11490.14,12503.3
2025-06-01,22,PT1H,MC-BajoPutumayo,10451.31,11618.5
2025-06-01,23,PT1H,MC-BajoPutumayo,9231.42,10313.2
2025-06-01,24,PT1H,MC-BajoPutumayo,8130.53,9075.4
2025-05-30,1,PT1H,MC-BajoPutumayo,7597.99,7619.1
2025-05-30,2,PT1H,MC-BajoPutumayo,7136.47,7143.5
2025-05-30,3,PT1H,MC-BajoPutumayo,6880.62,6871.4
2025-05-30,4,PT1H,MC-BajoPutumayo,6733.03,6729.0
2025-05-30,5,PT1H,MC-BajoPutumayo,6751.97,6772.3
2025-05-30,6,PT1H,MC-BajoPutumayo,7291.71,7324.0
2025-05-30,7,PT1H,MC-BajoPutumayo,7996.78,8084.9
2025-05-30,8,PT1H,MC-BajoPutumayo,8859.72,8849.4
2025-05-30,9,PT1H,MC-BajoPutumayo,10088.51,9923.0
2025-05-30,10,PT1H,MC-BajoPutumayo,10916.08,10568.4
2025-05-30,11,PT1H,MC-BajoPutumayo,11443.34,11227.2
2025-05-30,12,PT1H,MC-BajoPutumayo,11708.1,11698.5
2025-05-30,13,PT1H,MC-BajoPutumayo,11003.2,11405.7
2025-05-30,14,PT1H,MC-BajoPutumayo,10415.32,11780.6
2025-05-30,15,PT1H,MC-BajoPutumayo,10462.19,12477.2
2025-05-30,16,PT1H,MC-BajoPutumayo,10718.93,12799.8
2025-05-30,17,PT1H,MC-BajoPutumayo,11021.52,12775.1
2025-05-30,18,PT1H,MC-BajoPutumayo,11236.26,12688.9
2025-05-30,19,PT1H,MC-BajoPutumayo,12258.89,13666.7
2025-05-30,20,PT1H,MC-BajoPutumayo,12370.63,14059.2
2025-05-30,21,PT1H,MC-BajoPutumayo,11545.81,13195.6
2025-05-30,22,PT1H,MC-BajoPutumayo,10360.7,11921.0
2025-05-30,23,PT1H,MC-BajoPutumayo,9000.18,10506.0
2025-05-30,24,PT1H,MC-BajoPutumayo,7855.23,9144.7
2025-05-04,1,PT1H,MC-BajoPutumayo,8862.52,8716.9
2025-05-04,2,PT1H,MC-BajoPutumayo,8267.77,8191.4
2025-05-04,3,PT1H,MC-BajoPutumayo,7762.17,7688.7
2025-05-04,4,PT1H,MC-BajoPutumayo,7603.04,7409.4
2025-05-04,5,PT1H,MC-BajoPutumayo,7432.78,7263.2
2025-05-04,6,PT1H,MC-BajoPutumayo,7464.05,7342.9
2025-05-04,7,PT1H,MC-BajoPutumayo,7588.0,7477.8
2025-05-04,8,PT1H,MC-BajoPutumayo,8471.82,8248.5
2025-05-04,9,PT1H,MC-BajoPutumayo,9513.66,9185.7
2025-05-04,10,PT1H,MC-BajoPutumayo,10473.62,9942.3
2025-05-04,11,PT1H,MC-BajoPutumayo,10965.98,10560.7
2025-05-04,12,PT1H,MC-BajoPutumayo,11148.14,11229.3
2025-05-04,13,PT1H,MC-BajoPutumayo,11307.51,11364.8
2025-05-04,14,PT1H,MC-BajoPutumayo,11464.43,11228.8
2025-05-04,15,PT1H,MC-BajoPutumayo,11795.5,11307.7
2025-05-04,16,PT1H,MC-BajoPutumayo,11858.58,11484.0
2025-05-04,17,PT1H,MC-BajoPutumayo,12271.9,11529.7
2025-05-04,18,PT1H,MC-BajoPutumayo,11693.54,11573.1
2025-05-04,19,PT1H,MC-BajoPutumayo,13174.81,12843.3
2025-05-04,20,PT1H,MC-BajoPutumayo,13613.03,13283.9
2025-05-04,21,PT1H,MC-BajoPutumayo,13051.27,12684.3
2025-05-04,22,PT1H,MC-BajoPutumayo,12009.56,11754.0
2025-05-04,23,PT1H,MC-BajoPutumayo,10541.1,10393.3
2025-05-04,24,PT1H,MC-BajoPutumayo,9137.7,9092.4
2023-04-01,1,PT1H,MC-BajoPutumayo,6568.75,7416.48
2023-04-01,2,PT1H,MC-BajoPutumayo,6202.61,7035.62
2023-04-01,3,PT1H,MC-BajoPutumayo,6197.71,6758.03
2023-04-01,4,PT1H,MC-BajoPutumayo,5919.91,6584.46
2023-04-01,5,PT1H,MC-BajoPutumayo,5906.49,6530.3
2023-04-01,6,PT1H,MC-BajoPutumayo,6167.29,6792.96
2023-04-01,7,PT1H,MC-BajoPutumayo,6606.36,7227.99
2023-04-01,8,PT1H,MC-BajoPutumayo,7782.86,8273.01
2023-04-01,9,PT1H,MC-BajoPutumayo,8941.11,9556.86
2023-04-01,10,PT1H,MC-BajoPutumayo,9963.3,10443.64
2023-04-01,11,PT1H,MC-BajoPutumayo,10783.68,10978.86
2023-04-01,12,PT1H,MC-BajoPutumayo,11372.59,11323.57
2023-04-01,13,PT1H,MC-BajoPutumayo,11231.85,11246.26
2023-04-01,14,PT1H,MC-BajoPutumayo,11106.63,11207.45
2023-04-01,15,PT1H,MC-BajoPutumayo,11313.44,11293.77
2023-04-01,16,PT1H,MC-BajoPutumayo,11495.25,11393.06
2023-04-01,17,PT1H,MC-BajoPutumayo,11433.48,11344.98
2023-04-01,18,PT1H,MC-BajoPutumayo,11275.13,11358.17
2023-04-01,19,PT1H,MC-BajoPutumayo,12452.82,12457.75
2023-04-01,20,PT1H,MC-BajoPutumayo,12708.81,12752.49
2023-04-01,21,PT1H,MC-BajoPutumayo,11949.17,11828.65
2023-04-01,22,PT1H,MC-BajoPutumayo,10758.72,10829.15
2023-04-01,23,PT1H,MC-BajoPutumayo,9428.88,9433.83
2023-04-01,24,PT1H,MC-BajoPutumayo,8349.45,8182.67
2023-07-19,1,PT1H,MC-BajoPutumayo,6735.23,7916.9
2023-07-19,2,PT1H,MC-BajoPutumayo,6310.3,7364.1
2023-07-19,3,PT1H,MC-BajoPutumayo,6161.92,7091.53
2023-07-19,4,PT1H,MC-BajoPutumayo,6045.66,6913.97
2023-07-19,5,PT1H,MC-BajoPutumayo,6113.76,6919.06
2023-07-19,6,PT1H,MC-BajoPutumayo,6778.38,7344.08
2023-07-19,7,PT1H,MC-BajoPutumayo,7544.59,7836.08
2023-07-19,8,PT1H,MC-BajoPutumayo,8112.08,8732.85
2023-07-19,9,PT1H,MC-BajoPutumayo,9066.37,9794.62
2023-07-19,10,PT1H,MC-BajoPutumayo,9595.89,10669.87
2023-07-19,11,PT1H,MC-BajoPutumayo,10261.51,11191.27
2023-07-19,12,PT1H,MC-BajoPutumayo,10734.35,11751.45
2023-07-19,13,PT1H,MC-BajoPutumayo,10264.62,11589.39
2023-07-19,14,PT1H,MC-BajoPutumayo,10249.51,11590.18
2023-07-19,15,PT1H,MC-BajoPutumayo,11153.08,12180.63
2023-07-19,16,PT1H,MC-BajoPutumayo,11728.25,12656.55
2023-07-19,17,PT1H,MC-BajoPutumayo,11837.42,12531.11
2023-07-19,18,PT1H,MC-BajoPutumayo,11612.39,12338.92
2023-07-19,19,PT1H,MC-BajoPutumayo,12408.45,13290.17
2023-07-19,20,PT1H,MC-BajoPutumayo,13040.25,13597.4
2023-07-19,21,PT1H,MC-BajoPutumayo,12218.46,12692.75
2023-07-19,22,PT1H,MC-BajoPutumayo,11086.98,11169.33
2023-07-19,23,PT1H,MC-BajoPutumayo,9439.23,9378.42
2023-07-19,24,PT1H,MC-BajoPutumayo,8093.17,8111.37
2023-03-01,1,PT1H,MC-BajoPutumayo,6648.09,7361.01
2023-03-01,2,PT1H,MC-BajoPutumayo,6285.45,6945.49
2023-03-01,3,PT1H,MC-BajoPutumayo,6113.3,6660.54
2023-03-01,4,PT1H,MC-BajoPutumayo,6035.07,6569.5
2023-03-01,5,PT1H,MC-BajoPutumayo,6103.45,6494.78
2023-03-01,6,PT1H,MC-BajoPutumayo,6742.5,7044.7
2023-03-01,7,PT1H,MC-BajoPutumayo,7242.71,7755.0
2023-03-01,8,PT1H,MC-BajoPutumayo,7887.41,8599.85
2023-03-01,9,PT1H,MC-BajoPutumayo,9406.99,9809.39
2023-03-01,10,PT1H,MC-BajoPutumayo,9972.73,10387.63
2023-03-01,11,PT1H,MC-BajoPutumayo,10568.84,10864.59
2023-03-01,12,PT1H,MC-BajoPutumayo,10997.71,11281.63
2023-03-01,13,PT1H,MC-BajoPutumayo,10794.12,11032.65
2023-03-01,14,PT1H,MC-BajoPutumayo,11232.7,11088.13
2023-03-01,15,PT1H,MC-BajoPutumayo,12077.83,11555.18
2023-03-01,16,PT1H,MC-BajoPutumayo,12467.85,11626.58
2023-03-01,17,PT1H,MC-BajoPutumayo,12421.38,11460.38
2023-03-01,18,PT1H,MC-BajoPutumayo,12118.06,11800.71
2023-03-01,19,PT1H,MC-BajoPutumayo,12657.14,12515.83
2023-03-01,20,PT1H,MC-BajoPutumayo,13461.42,13003.88
2023-03-01,21,PT1H,MC-BajoPutumayo,12612.12,12176.36
2023-03-01,22,PT1H,MC-BajoPutumayo,11440.65,10982.72
2023-03-01,23,PT1H,MC-BajoPutumayo,9902.28,9441.7
2023-03-01,24,PT1H,MC-BajoPutumayo,8519.05,8102.76
2022-10-03,1,PT1H,MC-BajoPutumayo,8352.17,6711.98
2022-10-03,2,PT1H,MC-BajoPutumayo,7777.24,6305.28
2022-10-03,3,PT1H,MC-BajoPutumayo,7284.59,6082.15
2022-10-03,4,PT1H,MC-BajoPutumayo,7128.43,5954.27
2022-10-03,5,PT1H,MC-BajoPutumayo,7212.42,5911.67
2022-10-03,6,PT1H,MC-BajoPutumayo,7642.05,6465.46
2022-10-03,7,PT1H,MC-BajoPutumayo,8375.24,7178.26
2022-10-03,8,PT1H,MC-BajoPutumayo,9292.96,8088.89
2022-10-03,9,PT1H,MC-BajoPutumayo,10277.26,9081.11
2022-10-03,10,PT1H,MC-BajoPutumayo,11526.41,9966.57
2022-10-03,11,PT1H,MC-BajoPutumayo,12632.44,10716.77
2022-10-03,12,PT1H,MC-BajoPutumayo,13367.38,11268.98
2022-10-03,13,PT1H,MC-BajoPutumayo,13131.94,10936.8
2022-10-03,14,PT1H,MC-BajoPutumayo,13519.56,11272.88
2022-10-03,15,PT1H,MC-BajoPutumayo,13724.52,12025.82
2022-10-03,16,PT1H,MC-BajoPutumayo,13653.72,12177.93
2022-10-03,17,PT1H,MC-BajoPutumayo,14356.26,12069.62
2022-10-03,18,PT1H,MC-BajoPutumayo,13880.53,12118.35
2022-10-03,19,PT1H,MC-BajoPutumayo,14993.98,12806.53
2022-10-03,20,PT1H,MC-BajoPutumayo,15138.77,12671.0
2022-10-03,21,PT1H,MC-BajoPutumayo,14414.77,12359.85
2022-10-03,22,PT1H,MC-BajoPutumayo,13015.45,10834.36
2022-10-03,23,PT1H,MC-BajoPutumayo,11305.06,9264.97
2022-10-03,24,PT1H,MC-BajoPutumayo,9746.0,7887.0
2023-01-31,1,PT1H,MC-BajoPutumayo,8504.27,7052.5
2023-01-31,2,PT1H,MC-BajoPutumayo,7972.7,6607.92
2023-01-31,3,PT1H,MC-BajoPutumayo,7717.93,6423.46
2023-01-31,4,PT1H,MC-BajoPutumayo,7549.61,6297.81
2023-01-31,5,PT1H,MC-BajoPutumayo,7535.07,6308.96
2023-01-31,6,PT1H,MC-BajoPutumayo,8038.34,6579.66
2023-01-31,7,PT1H,MC-BajoPutumayo,8538.35,6955.08
2023-01-31,8,PT1H,MC-BajoPutumayo,9311.99,8098.7
2023-01-31,9,PT1H,MC-BajoPutumayo,10836.76,9153.91
2023-01-31,10,PT1H,MC-BajoPutumayo,11664.57,9810.27
2023-01-31,11,PT1H,MC-BajoPutumayo,12469.72,10484.91
2023-01-31,12,PT1H,MC-BajoPutumayo,13241.62,10977.06
2023-01-31,13,PT1H,MC-BajoPutumayo,12888.83,10728.01
2023-01-31,14,PT1H,MC-BajoPutumayo,13070.91,10415.62
2023-01-31,15,PT1H,MC-BajoPutumayo,13819.99,10525.54
2023-01-31,16,PT1H,MC-BajoPutumayo,13757.85,10758.5
2023-01-31,17,PT1H,MC-BajoPutumayo,13679.22,10896.86
2023-01-31,18,PT1H,MC-BajoPutumayo,13469.31,10852.97
2023-01-31,19,PT1H,MC-BajoPutumayo,14325.27,11677.4
2023-01-31,20,PT1H,MC-BajoPutumayo,14835.67,12050.28
2023-01-31,21,PT1H,MC-BajoPutumayo,14025.61,11249.85
2023-01-31,22,PT1H,MC-BajoPutumayo,13028.52,10232.03
2023-01-31,23,PT1H,MC-BajoPutumayo,11401.6,8839.43
2023-01-31,24,PT1H,MC-BajoPutumayo,9914.22,7771.79
